4bN3
C H H H C H C H H C H H H N H H
0 0 0 0 1 2 3 4 4 4 4 5 6 6 6 6 7 8 9 9 9 9 10 11 12 13 13 13 14 15
1 2 3 4 0 0 0 0 5 6 13 4 4 7 8 9 6 6 6 10 11 12 9 9 9 4 14 15 13 13
-85.71219543
27N1
C H H H C H H N H H
0 0 0 0 1 2 3 4 4 4 4 5 6 7 7 7 8 9
1 2 3 4 0 0 0 0 5 6 7 4 4 4 8 9 7 7
-52.38689862
49N9
C H H H C H H C H H H N H C
0 0 0 0 1 2 3 4 4 4 4 5 6 7 7 7 7 8 9 10 11 11 12 13 13 13
1 2 3 4 0 0 0 0 5 6 13 4 4 8 9 10 13 7 7 7 12 13 11 4 7 11
-77.77524938
49N6
C H H H C H C H H C H H H N
0 0 0 0 1 2 3 4 4 4 5 6 6 6 6 7 8 9 9 9 9 10 11 12 13 13
1 2 3 4 0 0 0 0 5 13 4 7 8 9 13 6 6 6 10 11 12 9 9 9 4 6
-77.1132733
37N3
C H H H C H C H H H N
0 0 0 0 1 2 3 4 4 4 5 6 6 6 6 7 8 9 10 10
1 2 3 4 0 0 0 0 5 10 4 7 8 9 10 6 6 6 4 6
-60.80086224
4bN7
C H H H C H H C H H H C H H H N
0 0 0 0 1 2 3 4 4 4 4 5 6 7 7 7 7 8 9 10 11 11 11 11 12 13 14 15 15 15
1 2 3 4 0 0 0 0 5 6 15 4 4 8 9 10 15 7 7 7 12 13 14 15 11 11 11 4 7 11
-85.16960424
49N8
C H H H C H H C H C H H H N
0 0 0 0 1 2 3 4 4 4 4 5 6 7 7 7 8 9 9 9 9 10 11 12 13 13
1 2 3 4 0 0 0 0 5 6 7 4 4 4 8 13 7 10 11 12 13 9 9 9 7 9
-77.06796387
37N2
C H H C H H C H H H N
0 0 0 1 2 3 3 3 3 4 5 6 6 6 6 7 8 9 10 10
1 2 10 0 0 4 5 6 10 3 3 3 7 8 9 6 6 6 0 3
-60.53754055
49N5
C H H H C H C H H C H H H N
0 0 0 0 1 2 3 4 4 4 5 6 6 6 6 7 8 9 9 9 9 10 11 12 13 13
1 2 3 4 0 0 0 0 5 13 4 7 8 9 13 6 6 6 10 11 12 9 9 9 4 6
-77.40077133
4bN2
C H H H C H C H H C H H H N H H
0 0 0 0 1 2 3 4 4 4 4 5 6 6 6 6 7 8 9 9 9 9 10 11 12 13 13 13 14 15
1 2 3 4 0 0 0 0 5 6 13 4 4 7 8 9 6 6 6 10 11 12 9 9 9 4 14 15 13 13
-85.69989968
49N4
C H H C H H H C H C H H H N
0 0 0 1 2 3 3 3 3 4 5 6 7 7 7 7 8 9 9 9 9 10 11 12 13 13
1 2 13 0 0 4 5 6 7 3 3 3 3 8 9 13 7 7 10 11 12 9 9 9 0 7
-77.29644224
39N2
C H H H C H H H C H N H H
0 0 0 0 1 2 3 4 4 4 4 5 6 7 8 8 8 8 9 10 10 10 11 12
1 2 3 8 0 0 0 5 6 7 8 4 4 4 0 4 9 10 8 8 11 12 10 10
-69.10261853
49N7
C H H H C H H C H C H H H N
0 0 0 0 1 2 3 4 4 4 4 5 6 7 7 7 8 9 9 9 9 10 11 12 13 13
1 2 3 4 0 0 0 0 5 6 7 4 4 4 8 13 7 10 11 12 13 9 9 9 7 9
-77.39302319
39N4
C H H H C H H H C H H H N
0 0 0 0 1 2 3 4 4 4 4 5 6 7 8 8 8 8 9 10 11 12 12 12
1 2 3 12 0 0 0 5 6 7 12 4 4 4 9 10 11 12 8 8 8 0 4 8
-68.52906405
13N1
C H H N H
0 0 0 1 2 3 3 4
1 2 3 0 0 0 4 3
-27.42006704
49N3
C H H C H H C H H C H H H N
0 0 0 1 2 3 3 3 3 4 5 6 6 6 6 7 8 9 9 9 9 10 11 12 13 13
1 2 13 0 0 4 5 6 13 3 3 3 7 8 9 6 6 6 10 11 12 9 9 9 0 3
-77.18774707
4bN1
C H H H C H H C H H C H H N H H
0 0 0 0 1 2 3 4 4 4 4 5 6 7 7 7 7 8 9 10 10 10 10 11 12 13 13 13 14 15
1 2 3 4 0 0 0 0 5 6 7 4 4 4 8 9 10 7 7 7 11 12 13 10 10 10 14 15 13 13
-85.58634468
25N2
C H H C H H H N
0 0 0 1 2 3 3 3 3 4 5 6 7 7
1 2 7 0 0 4 5 6 7 3 3 3 0 3
-43.92537546
49N1
C H H H C H H C H H C H N H
0 0 0 0 1 2 3 4 4 4 4 5 6 7 7 7 7 8 9 10 10 10 11 12 12 13
1 2 3 4 0 0 0 0 5 6 7 4 4 4 8 9 10 7 7 7 11 12 10 10 13 12
-77.51620218
39N1
C H H H C H H C H H N H H
0 0 0 0 1 2 3 4 4 4 4 5 6 7 7 7 7 8 9 10 10 10 11 12
1 2 3 4 0 0 0 0 5 6 7 4 4 4 8 9 10 7 7 7 11 12 10 10
-68.9862017
39N3
C H H H C H H N H C H H H
0 0 0 0 1 2 3 4 4 4 4 5 6 7 7 7 8 9 9 9 9 10 11 12
1 2 3 4 0 0 0 0 5 6 7 4 4 4 8 9 7 7 10 11 12 9 9 9
-68.73787826
4bN4
C H H H C H H H C H H H N H H C
0 0 0 0 1 2 3 4 4 4 4 5 6 7 8 8 8 8 9 10 11 12 12 12 13 14 15 15 15 15
1 2 3 15 0 0 0 5 6 7 15 4 4 4 9 10 11 15 8 8 8 13 14 15 12 12 0 4 8 12
-85.82663753
37N4
C H H H C H C H H H N
0 0 0 0 1 2 3 4 4 4 5 6 6 6 6 7 8 9 10 10
1 2 3 4 0 0 0 0 5 10 4 7 8 9 10 6 6 6 4 6
-60.64633915
15N1
C H H H N H H
0 0 0 0 1 2 3 4 4 4 5 6
1 2 3 4 0 0 0 0 5 6 4 4
-35.70925393
37N5
C H H H C H H H N H C
0 0 0 0 1 2 3 4 4 4 4 5 6 7 8 8 9 10 10 10
1 2 3 10 0 0 0 5 6 7 10 4 4 4 9 10 8 0 4 8
-61.16230378
25N1
C H H H C H N H
0 0 0 0 1 2 3 4 4 4 5 6 6 7
1 2 3 4 0 0 0 0 5 6 4 4 7 6
-44.30698715
4bN5
C H H H C H H N H C H H C H H H
0 0 0 0 1 2 3 4 4 4 4 5 6 7 7 7 8 9 9 9 9 10 11 12 12 12 12 13 14 15
1 2 3 4 0 0 0 0 5 6 7 4 4 4 8 9 7 7 10 11 12 9 9 9 13 14 15 12 12 12
-85.41231713
4bN6
C H H H C H H C H H N H C H H H
0 0 0 0 1 2 3 4 4 4 4 5 6 7 7 7 7 8 9 10 10 10 11 12 12 12 12 13 14 15
1 2 3 4 0 0 0 0 5 6 7 4 4 4 8 9 10 7 7 7 11 12 10 10 13 14 15 12 12 12
-85.33333069
27N2
C H H H N H C H H H
0 0 0 0 1 2 3 4 4 4 5 6 6 6 6 7 8 9
1 2 3 4 0 0 0 0 5 6 4 4 7 8 9 6 6 6
-52.0603479
49N2
C H H H C H H H C H C H N H
0 0 0 0 1 2 3 4 4 4 4 5 6 7 8 8 8 8 9 10 10 10 11 12 12 13
1 2 3 8 0 0 0 5 6 7 8 4 4 4 0 4 9 10 8 8 11 12 10 10 13 12
-77.55447366
37N1
C H H H C H H C H N H
0 0 0 0 1 2 3 4 4 4 4 5 6 7 7 7 8 9 9 10
1 2 3 4 0 0 0 0 5 6 7 4 4 4 8 9 7 7 10 9
-60.92004791
49Na
C H H H C H H H C H H H C N
0 0 0 0 1 2 3 4 4 4 4 5 6 7 8 8 8 8 9 10 11 12 12 12 13 13
1 2 3 12 0 0 0 5 6 7 12 4 4 4 9 10 11 13 8 8 8 0 4 13 8 12
-77.48977885
