3622
C H C H H C H H H O O
0 0 0 1 2 2 2 2 3 4 5 5 5 5 6 7 8 9 10 10
1 9 10 0 3 4 5 10 2 2 2 6 7 8 5 5 5 0 0 2
-62.80445186
2421
C H H H O H O C
0 0 0 0 1 2 3 4 4 5 6 7 7 7
1 2 3 7 0 0 0 5 7 4 7 0 4 6
-46.59744285
4832
O H C H H H C H C H H H O O C
0 0 1 2 2 2 2 3 4 5 6 6 6 6 7 8 8 8 8 9 10 11 12 13 13 14 14 14
1 14 0 3 4 5 6 2 2 2 2 7 8 13 6 6 9 10 11 8 8 8 14 6 14 0 12 13
-86.75339357
3631
O H C H H C H H H O O C
0 0 1 2 2 2 2 3 4 5 5 5 5 6 7 8 9 10 10 11 11 11
1 11 0 3 4 5 10 2 2 2 6 7 8 5 5 5 11 2 11 0 9 10
-70.04245097
4833
C H H H C H H C H H H O O O C
0 0 0 0 1 2 3 4 4 4 4 5 6 7 7 7 7 8 9 10 11 12 12 13 13 14 14 14
1 2 3 12 0 0 0 5 6 7 13 4 4 4 8 9 10 7 7 7 14 0 14 4 14 11 12 13
-86.19637059
4825
C H H H C H H C H H H C O O
0 0 0 0 1 2 3 4 4 4 4 5 6 7 7 7 7 8 9 10 11 11 11 12 13 13
1 2 3 11 0 0 0 5 6 7 13 4 4 4 8 9 10 7 7 7 0 12 13 11 4 11
-79.68363659
4826
C H H H C H H C H H H C O O
0 0 0 0 1 2 3 4 4 4 4 5 6 7 7 7 7 8 9 10 11 11 11 12 13 13
1 2 3 4 0 0 0 0 5 6 11 4 4 8 9 10 13 7 7 7 4 12 13 11 7 11
-79.56987925
3623
C H H H C H H H O O C
0 0 0 0 1 2 3 4 4 4 4 5 6 7 8 9 9 10 10 10
1 2 3 10 0 0 0 5 6 7 9 4 4 4 10 4 10 0 8 9
-62.96965736
4831
O H C H H C H H C H H H O O C
0 0 1 2 2 2 2 3 4 5 5 5 5 6 7 8 8 8 8 9 10 11 12 13 13 14 14 14
1 14 0 3 4 5 13 2 2 2 6 7 8 5 5 5 9 10 11 8 8 8 14 2 14 0 12 13
-86.63647311
2431
O H C H H H O O C
0 0 1 2 2 2 2 3 4 5 6 7 7 8 8 8
1 8 0 3 4 5 7 2 2 2 8 2 8 0 6 7
-53.26551406
4824
C H C H H H C H C H H H O O
0 0 0 1 2 2 2 2 3 4 5 6 6 6 6 7 8 8 8 8 9 10 11 12 13 13
1 12 13 0 3 4 5 6 2 2 2 2 7 8 13 6 6 9 10 11 8 8 8 0 0 6
-79.5526567
1231
O H O H O C
0 0 1 2 2 3 4 5 5 5
1 5 0 3 5 2 5 0 2 4
-37.08540447
4823
C H C H H C H H C H H H O O
0 0 0 1 2 2 2 2 3 4 5 5 5 5 6 7 8 8 8 8 9 10 11 12 13 13
1 12 13 0 3 4 5 13 2 2 2 6 7 8 5 5 5 9 10 11 8 8 8 0 0 2
-79.3994218
3621
C H H H C H H O H C O
0 0 0 0 1 2 3 4 4 4 4 5 6 7 7 8 9 9 9 10
1 2 3 4 0 0 0 0 5 6 9 4 4 8 9 7 4 7 10 9
-63.21604241
4822
C H H H C H C H H H O H C O
0 0 0 0 1 2 3 4 4 4 4 5 6 6 6 6 7 8 9 10 10 11 12 12 12 13
1 2 3 4 0 0 0 0 5 6 12 4 4 7 8 9 6 6 6 11 12 10 4 10 13 12
-79.83383076
1221
C H O H O
0 0 0 1 2 2 3 4
1 2 4 0 0 3 2 0
-29.73755935
4821
C H H H C H H C H H O H C O
0 0 0 0 1 2 3 4 4 4 4 5 6 7 7 7 7 8 9 10 10 11 12 12 12 13
1 2 3 4 0 0 0 0 5 6 7 4 4 4 8 9 12 7 7 11 12 10 7 10 13 12
-79.81797513
2422
C H C H H H O O
0 0 0 1 2 2 2 2 3 4 5 6 7 7
1 6 7 0 3 4 5 7 2 2 2 0 0 2
-46.08698547
3632
C H H H C H H H O O O C
0 0 0 0 1 2 3 4 4 4 4 5 6 7 8 9 9 10 10 11 11 11
1 2 3 9 0 0 0 5 6 7 10 4 4 4 11 0 11 4 11 8 9 10
-69.47198845
