49X8
C H H H C H H H C H H H N O C
0 0 0 0 1 2 3 4 4 4 4 5 6 7 8 8 8 8 9 10 11 12 12 12 13 14 14 14
1 2 3 12 0 0 0 5 6 7 12 4 4 4 9 10 11 14 8 8 8 0 4 14 14 8 12 13
-84.60803269
37X3
C H C H H H C H H H N O
0 0 0 1 2 2 2 2 3 4 5 6 6 6 6 7 8 9 10 10 10 11
1 10 11 0 3 4 5 10 2 2 2 7 8 9 10 6 6 6 0 2 6 0
-68.15812067
49X4
N H H C H H C H H C H H H O C
0 0 0 1 2 3 3 3 3 4 5 6 6 6 6 7 8 9 9 9 9 10 11 12 13 14 14 14
1 2 14 0 0 4 5 6 14 3 3 3 7 8 9 6 6 6 10 11 12 9 9 9 14 0 3 13
-85.34712626
37X2
N H H C H H C H H H O C
0 0 0 1 2 3 3 3 3 4 5 6 6 6 6 7 8 9 10 11 11 11
1 2 11 0 0 4 5 6 11 3 3 3 7 8 9 6 6 6 11 0 3 10
-68.74951717
49X5
C H C H H H C H H C H H H N O
0 0 0 1 2 2 2 2 3 4 5 6 6 6 6 7 8 9 9 9 9 10 11 12 13 13 13 14
1 13 14 0 3 4 5 13 2 2 2 7 8 9 13 6 6 6 10 11 12 9 9 9 0 2 6 0
-84.81148127
49X3
N H H C H H H C H C H H H O C
0 0 0 1 2 3 3 3 3 4 5 6 7 7 7 7 8 9 9 9 9 10 11 12 13 14 14 14
1 2 14 0 0 4 5 6 7 3 3 3 3 8 9 14 7 7 10 11 12 9 9 9 14 0 7 13
-85.39278571
37X4
C H H H C H H H N H O C
0 0 0 0 1 2 3 4 4 4 4 5 6 7 8 8 8 9 10 11 11 11
1 2 3 11 0 0 0 5 6 7 8 4 4 4 4 9 11 8 11 0 8 10
-68.52948564
37X1
C H N H C H H C H H H O
0 0 0 1 2 2 2 3 4 4 4 4 5 6 7 7 7 7 8 9 10 11
1 2 11 0 0 3 4 2 2 5 6 7 4 4 4 8 9 10 7 7 7 0
-68.36988191
49X1
C H N H C H H H C H C H H H O
0 0 0 1 2 2 2 3 4 4 4 4 5 6 7 8 8 8 8 9 10 10 10 10 11 12 13 14
1 2 14 0 0 3 8 2 5 6 7 8 4 4 4 2 4 9 10 8 8 11 12 13 10 10 10 0
-85.09142633
13X1
C H N H H O
0 0 0 1 2 2 2 3 4 5
1 2 5 0 0 3 4 2 2 0
-35.32056159
49X6
C H H H N H C H H C H H H O C
0 0 0 0 1 2 3 4 4 4 5 6 6 6 6 7 8 9 9 9 9 10 11 12 13 14 14 14
1 2 3 14 0 0 0 5 6 14 4 4 7 8 9 6 6 6 10 11 12 9 9 9 14 0 4 13
-85.18458992
25X1
C H N H C H H H O
0 0 0 1 2 2 2 3 4 4 4 4 5 6 7 8
1 2 8 0 0 3 4 2 2 5 6 7 4 4 4 0
-51.71780145
49X7
N H C H H H C H H C H H H O C
0 0 0 1 2 2 2 2 3 4 5 6 6 6 6 7 8 9 9 9 9 10 11 12 13 14 14 14
1 2 14 0 0 3 4 5 2 2 2 7 8 9 14 6 6 6 10 11 12 9 9 9 14 0 6 13
-85.12457339
25X2
N H H C H H H O C
0 0 0 1 2 3 3 3 3 4 5 6 7 8 8 8
1 2 8 0 0 4 5 6 8 3 3 3 8 0 3 7
-52.15327434
49X2
C H N H C H H C H H C H H H O
0 0 0 1 2 2 2 3 4 4 4 4 5 6 7 7 7 7 8 9 10 10 10 10 11 12 13 14
1 2 14 0 0 3 4 2 2 5 6 7 4 4 4 8 9 10 7 7 7 11 12 13 10 10 10 0
-84.97580513
