cd-3611-a
C H H Cd H Cd C H H C H Cd O
0 0 0 0 1 2 3 4 4 5 6 6 6 6 7 7 8 9 9 9 9 10 11 11 12 12
1 2 4 6 0 0 4 0 3 7 0 7 8 9 5 6 6 6 10 11 12 9 9 12 9 11
-55.968553289999996
os-4812-a
C H H H Os Os C H C H C H H H O Os Os Os
0 0 0 0 1 2 3 4 4 5 5 6 6 6 7 7 7 8 8 8 8 9 10 10 10 10 11 12 13 14 14 14 14 14 14 15 16 17
1 2 3 8 0 0 0 7 14 7 14 7 8 14 4 5 6 0 6 9 10 8 8 11 12 13 10 10 10 4 5 6 15 16 17 14 14 14
-73.15178499000001
pt-4a11-a
C H Pt H H C H Pt H C H Pt H C H H Pt H O Pt
0 0 0 0 1 2 3 3 4 5 5 5 5 6 7 8 8 9 9 9 9 10 11 12 12 13 13 13 13 14 15 16 17 17 18 18 18 19
1 3 4 5 0 3 0 2 0 0 6 8 18 5 8 5 7 10 12 13 18 9 12 9 11 9 14 15 17 13 13 17 13 16 5 9 19 18
-80.52737352000003
ag-3611-a
C H H Ag H Ag C H H Ag C H Ag O
0 0 0 0 1 2 3 4 4 5 6 6 6 6 7 7 8 9 10 10 10 10 11 11 12 12 13 13
1 2 4 6 0 0 4 0 3 7 0 7 8 10 5 6 6 11 6 11 12 13 9 10 10 13 10 12
-56.037157269999994
os-4811-a
C H H Os H C H Os H Os C H H Os Os C H O Os Os Os
0 0 0 0 1 2 3 4 4 5 5 5 5 6 7 8 8 9 9 9 10 10 10 10 10 11 11 12 13 13 14 14 14 15 15 15 15 15 15 16 16 16 17 17 17 17 17 18 19 20
1 2 4 5 0 0 4 0 3 0 6 8 10 5 8 5 7 10 11 15 5 9 11 12 15 9 10 10 15 16 15 16 17 9 10 13 14 16 17 13 14 15 14 15 18 19 20 17 17 17
-73.14009078000004
pt-4a12-a
C H H H C H Pt H Pt C H H Pt C H Pt H H O Pt
0 0 0 0 1 2 3 4 4 4 4 5 6 7 7 8 9 9 9 9 10 10 11 12 13 13 13 13 13 14 14 15 16 16 17 18 18 18 19 19
1 2 3 4 0 0 0 0 5 7 9 4 7 4 6 10 4 10 11 18 8 9 9 14 14 16 17 18 19 12 13 16 13 15 13 9 13 19 13 18
-80.35354681000001
ag-4811-a
C H H Ag H C H Ag H Ag C H H C H Ag O
0 0 0 0 1 2 3 4 4 5 5 5 5 6 7 8 8 9 10 10 10 10 11 11 12 13 13 13 13 14 15 15 16 16
1 2 4 5 0 0 4 0 3 0 6 8 10 5 8 5 7 11 5 11 12 13 9 10 10 10 14 15 16 13 13 16 13 15
-72.68335334
au-4a11-a
C H Au H H C H Au H C H Au H C H H Au H O Au
0 0 0 0 1 2 3 3 4 5 5 5 5 6 7 8 8 9 9 9 9 10 11 12 12 13 13 13 13 14 15 16 17 17 18 18 18 19
1 3 4 5 0 3 0 2 0 0 6 8 18 5 8 5 7 10 12 13 18 9 12 9 11 9 14 15 17 13 13 17 13 16 5 9 19 18
-80.33499151000001
pt-3611-a
C H H Pt H Pt C H H Pt C H Pt O
0 0 0 0 1 2 3 4 4 5 6 6 6 6 7 7 8 9 10 10 10 10 11 11 12 12 13 13
1 2 4 6 0 0 4 0 3 7 0 7 8 10 5 6 6 11 6 11 12 13 9 10 10 13 10 12
-56.12419725000001
au-3611-a
C H H Au H Au C H H C H Au O
0 0 0 0 1 2 3 4 4 5 6 6 6 6 7 7 8 9 9 9 9 10 11 11 12 12
1 2 4 6 0 0 4 0 3 7 0 7 8 9 5 6 6 6 10 11 12 9 9 12 9 11
-56.04953777
os-3611-a
C H H Os H Os C H H Os Os C H O Os Os Os
0 0 0 0 1 2 3 3 4 4 5 5 5 6 6 6 6 6 7 7 8 9 9 10 10 10 11 11 11 11 11 11 11 12 12 12 13 13 13 13 13 14 15 16
1 2 4 6 0 0 4 11 0 3 6 7 11 0 5 7 8 11 5 6 6 11 12 11 12 13 3 5 6 9 10 12 13 9 10 11 10 11 14 15 16 13 13 13
-56.46782234
ag-4a11-a
C H Ag Ag H H C H Ag H C H Ag H C H H Ag H O Ag
0 0 0 0 1 2 3 4 4 4 5 6 6 6 6 7 8 9 9 10 10 10 10 11 12 13 13 14 14 14 14 15 16 17 18 18 19 19 19 20
1 4 5 6 0 4 4 0 2 3 0 0 7 9 19 6 9 6 8 11 13 14 19 10 13 10 12 10 15 16 18 14 14 18 14 17 6 10 20 19
-80.28409587000002
ni-4a11-a
C H Ni H H C H Ni H C H Ni H C H H Ni H O Ni
0 0 0 0 1 2 3 3 4 5 5 5 5 6 7 8 8 9 9 9 9 10 11 12 12 13 13 13 13 14 15 16 17 17 18 18 18 19
1 3 4 5 0 3 0 2 0 0 6 8 18 5 8 5 7 10 12 13 18 9 12 9 11 9 14 15 17 13 13 17 13 16 5 9 19 18
-80.40911222
zn-4a12-a
C H H H C H Zn H C H H Zn C H H H O Zn
0 0 0 0 1 2 3 4 4 4 4 5 6 7 7 8 8 8 8 9 10 11 12 12 12 12 12 13 13 14 15 16 16 16 17 17
1 2 3 4 0 0 0 0 5 7 8 4 7 4 6 4 9 10 16 8 8 13 13 14 15 16 17 11 12 12 12 8 12 17 12 16
-80.12219775
cu-4812-a
C H H H Cu C H C H C H H Cu H Cu O Cu Cu
0 0 0 0 1 2 3 4 4 4 5 5 5 5 5 6 6 7 7 7 7 8 9 9 9 9 10 11 12 13 13 14 14 15 15 15 15 15 16 17
1 2 3 7 0 0 0 5 6 15 4 6 7 14 15 4 5 0 5 8 9 7 7 10 11 13 9 9 13 9 12 5 15 4 5 14 16 17 15 15
-72.80607323999999
os-4a11-a
C H Os H H C H Os H C H Os H C H H Os H O Os
0 0 0 0 1 2 3 3 4 5 5 5 5 6 7 8 8 9 9 9 9 10 11 12 12 13 13 13 13 14 15 16 17 17 18 18 18 19
1 3 4 5 0 3 0 2 0 0 6 8 18 5 8 5 7 10 12 13 18 9 12 9 11 9 14 15 17 13 13 17 13 16 5 9 19 18
-80.45136314000001
cu-4811-a
C H H H C H Cu H Cu C H H Cu C H Cu O Cu
0 0 0 0 1 2 3 4 4 4 4 5 6 6 7 7 8 8 8 9 9 9 9 10 10 11 12 13 13 13 13 13 14 14 15 15 16 16 16 16 16 17
1 2 3 4 0 0 0 0 5 7 9 4 7 16 4 6 10 13 16 4 10 11 13 8 9 9 14 8 9 14 15 16 12 13 13 16 6 8 13 15 17 16
-72.74432156999998
rh-4811-a
C H H Rh H C H Rh Rh Rh H Rh C H H Rh C H O Rh Rh
0 0 0 0 1 2 3 4 4 5 5 5 5 6 7 8 8 9 9 9 9 10 10 10 10 11 11 12 12 12 12 13 13 14 15 16 16 16 16 16 17 17 17 18 18 18 18 18 19 20
1 2 4 5 0 0 4 0 3 0 6 10 12 5 10 10 18 10 16 17 18 5 7 8 9 13 16 5 13 14 16 11 12 12 17 9 11 12 17 18 9 15 16 8 9 16 19 20 18 18
-72.98526153
rh-4812-a
C H H H Rh Rh C H C H C H H Rh Rh H O Rh Rh
0 0 0 0 1 2 3 4 4 5 5 5 6 6 6 6 6 6 7 7 7 8 8 8 8 9 10 10 10 10 11 12 13 13 13 14 15 15 15 16 16 16 16 16 17 18
1 2 3 8 0 0 0 6 7 6 7 16 4 5 7 8 13 16 4 5 6 0 6 9 10 8 8 11 12 15 10 10 6 15 16 15 10 13 14 5 6 13 17 18 16 16
-72.99642394
ni-4a12-a
C H H H C H Ni Ni Ni H Ni C H H Ni C H Ni H H O Ni
0 0 0 0 1 2 3 4 4 4 4 5 6 7 8 9 9 9 9 10 11 11 11 11 12 12 13 14 15 15 15 15 15 16 16 17 18 18 19 20 20 20 21 21
1 2 3 4 0 0 0 0 5 9 11 4 9 9 9 4 6 7 8 12 4 12 13 20 10 11 11 16 16 18 19 20 21 14 15 18 15 17 15 11 15 21 15 20
-80.36217060000001
ni-4812-a
C H H H Ni C H C H C H H Ni H Ni O Ni Ni
0 0 0 0 1 2 3 4 4 4 5 5 5 5 5 6 6 7 7 7 7 8 9 9 9 9 10 11 12 13 13 14 14 15 15 15 15 15 16 17
1 2 3 7 0 0 0 5 6 15 4 6 7 14 15 4 5 0 5 8 9 7 7 10 11 13 9 9 13 9 12 5 15 4 5 14 16 17 15 15
-72.98568583999997
ru-3611-a
C H H Ru Ru H Ru C H H Ru Ru Ru C H O Ru
0 0 0 0 1 2 3 4 4 4 5 5 5 6 6 7 7 7 7 8 8 9 10 11 11 12 12 12 13 13 13 13 13 13 13 14 14 14 14 15 15 15 15 16
1 2 5 7 0 0 5 5 13 15 0 3 4 8 13 0 8 9 13 6 7 7 14 13 14 13 14 15 4 6 7 11 12 14 15 10 11 12 13 4 12 13 16 15
-56.80381338000001
ru-4a12-a
C H H H C H Ru Ru Ru H Ru Ru C H H Ru Ru C H Ru H H O
0 0 0 0 1 2 3 4 4 4 4 5 6 7 8 9 9 9 9 10 11 11 11 12 12 12 12 13 13 13 14 15 16 17 17 17 17 18 18 18 18 19 19 20 20 21 22 22 22 22
1 2 3 4 0 0 0 0 5 9 12 4 9 9 9 4 6 7 8 13 13 18 22 4 13 14 22 10 11 12 12 18 18 18 20 21 22 11 15 16 17 20 22 17 19 17 11 12 17 19
-80.39048657000001
zn-4a11-a
C H Zn H H C H Zn H C H Zn H C H H Zn H O Zn
0 0 0 0 1 2 3 3 4 5 5 5 5 6 7 8 8 9 9 9 9 10 11 12 12 13 13 13 13 14 15 16 17 17 18 18 18 19
1 3 4 5 0 3 0 2 0 0 6 8 18 5 8 5 7 10 12 13 18 9 12 9 11 9 14 15 17 13 13 17 13 16 5 9 19 18
-80.23159139999999
ir-4811-a
C H H H C H Ir H Ir C H H Ir Ir C H O Ir Ir Ir
0 0 0 0 1 2 3 4 4 4 4 5 6 7 7 8 8 9 9 9 9 10 10 11 12 12 13 13 13 14 14 14 14 14 14 15 15 15 16 16 16 16 16 17 18 19
1 2 3 4 0 0 0 0 5 7 9 4 7 4 6 10 14 4 10 11 14 8 9 9 14 15 14 15 16 8 9 12 13 15 16 12 13 14 13 14 17 18 19 16 16 16
-72.80706322999998
zn-4812-a
C H H H Zn C H C H C H H H O Zn
0 0 0 0 1 2 3 4 5 5 5 5 6 6 7 7 7 7 8 9 9 9 9 10 11 12 13 13 14 14
1 2 3 7 0 0 0 6 6 7 13 14 4 5 0 5 8 9 7 7 10 11 12 9 9 9 5 14 5 13
-72.68275123
rh-4a12-a
C H H H C H Rh Rh Rh H Rh C H H Rh Rh C H Rh H H O
0 0 0 0 1 2 3 4 4 4 4 5 6 7 8 9 9 9 9 10 11 11 11 11 12 12 13 14 14 14 15 16 16 16 16 16 17 17 17 18 19 19 20 21 21 21
1 2 3 4 0 0 0 0 5 9 11 4 9 9 9 4 6 7 8 12 4 12 13 21 10 11 11 16 17 21 17 14 17 19 20 21 14 15 16 19 16 18 16 11 14 16
-80.37649090000002
ag-4a12-a
C H H H C H Ag Ag H Ag C H H Ag C H Ag H H O Ag
0 0 0 0 1 2 3 4 4 4 4 5 6 7 8 8 8 9 10 10 10 10 11 11 12 13 14 14 14 14 15 15 16 17 17 18 19 19 19 20
1 2 3 4 0 0 0 0 5 8 10 4 8 8 4 6 7 11 4 11 12 19 9 10 10 15 15 17 18 19 13 14 17 14 16 14 10 14 20 19
-80.17400667000001
ni-3611-a
C H H Ni H Ni C H H Ni Ni C H O Ni Ni Ni
0 0 0 0 1 2 3 4 4 5 5 5 6 6 6 6 6 7 7 8 9 9 10 10 10 11 11 11 11 11 11 12 12 12 13 13 13 13 13 14 15 16
1 2 4 6 0 0 4 0 3 6 7 11 0 5 7 8 11 5 6 6 11 12 11 12 13 5 6 9 10 12 13 9 10 11 10 11 14 15 16 13 13 13
-56.30318036
pd-4a12-a
C H H Pd H C H Pd Pd Pd H Pd C H H Pd C H Pd H H O
0 0 0 0 1 2 3 4 4 5 5 5 5 6 7 8 9 9 9 10 10 10 10 11 12 12 12 12 13 13 14 15 16 16 16 16 16 17 17 18 19 19 20 21 21 21
1 2 4 5 0 0 4 0 3 0 6 10 12 5 10 10 10 16 21 5 7 8 9 13 5 13 14 21 11 12 12 17 9 17 19 20 21 15 16 19 16 18 16 9 12 16
-80.42172638000002
cu-4a12-a
C H H H C H Cu Cu Cu H Cu C H H Cu C H Cu H H O Cu
0 0 0 0 1 2 3 4 4 4 4 5 6 7 8 9 9 9 9 10 11 11 11 11 12 12 13 14 15 15 15 15 15 16 16 17 18 18 19 20 20 20 21 21
1 2 3 4 0 0 0 0 5 9 11 4 9 9 9 4 6 7 8 12 4 12 13 20 10 11 11 16 16 18 19 20 21 14 15 18 15 17 15 11 15 21 15 20
-80.23538755999999
cd-4a11-a
C H Cd H H C H Cd H C H Cd H C H H Cd H O Cd
0 0 0 0 1 2 3 3 4 5 5 5 5 6 7 8 8 9 9 9 9 10 11 12 12 13 13 13 13 14 15 16 17 17 18 18 18 19
1 3 4 5 0 3 0 2 0 0 6 8 18 5 8 5 7 10 12 13 18 9 12 9 11 9 14 15 17 13 13 17 13 16 5 9 19 18
-80.19170077000001
pd-4a11-a
C H Pd Pd H H C H Pd H C H Pd H C H H Pd H O Pd
0 0 0 0 1 2 3 4 4 4 5 6 6 6 6 7 8 9 9 10 10 10 10 11 12 13 13 14 14 14 14 15 16 17 18 18 19 19 19 20
1 4 5 6 0 4 4 0 2 3 0 0 7 9 19 6 9 6 8 11 13 14 19 10 13 10 12 10 15 16 18 14 14 18 14 17 6 10 20 19
-80.50440488000001
ir-4a12-a
C H H H C H Ir H Ir C H H Ir C H Ir H H O Ir
0 0 0 0 1 2 3 4 4 4 4 5 6 7 7 8 9 9 9 9 10 10 11 12 13 13 13 13 14 14 15 16 16 17 18 18 18 19
1 2 3 4 0 0 0 0 5 7 9 4 7 4 6 10 4 10 11 18 8 9 9 14 14 16 17 18 12 13 16 13 15 13 9 13 19 18
-80.39285788999996
ru-4a11-a
C H Ru Ru H H C H Ru H C H Ru H C H H Ru H O Ru
0 0 0 0 1 2 3 4 4 4 5 6 6 6 6 7 8 9 9 10 10 10 10 11 12 13 13 14 14 14 14 15 16 17 18 18 19 19 19 20
1 4 5 6 0 4 4 0 2 3 0 0 7 9 19 6 9 6 8 11 13 14 19 10 13 10 12 10 15 16 18 14 14 18 14 17 6 10 20 19
-80.36051731000003
cu-4a11-a
C H Cu Cu H H C H Cu H C H Cu H C H H Cu H O Cu
0 0 0 0 1 2 3 4 4 4 5 6 6 6 6 7 8 9 9 10 10 10 10 11 12 13 13 14 14 14 14 15 16 17 18 18 19 19 19 20
1 4 5 6 0 4 4 0 2 3 0 0 7 9 19 6 9 6 8 11 13 14 19 10 13 10 12 10 15 16 18 14 14 18 14 17 6 10 20 19
-80.31799278
zn-3611-a
C H H Zn H C H H C H Zn O
0 0 0 0 1 2 3 4 4 5 5 5 5 6 7 8 8 8 8 9 10 10 11 11
1 2 4 5 0 0 4 0 3 0 6 7 8 5 5 5 9 10 11 8 8 11 8 10
-55.99833328999999
ir-4812-a
C H H H Ir Ir Ir C H C H C H H H O Ir Ir Ir
0 0 0 0 1 2 3 4 4 5 6 6 7 7 7 8 8 8 8 9 9 9 9 10 11 11 11 11 12 13 14 15 15 15 15 15 15 16 17 18
1 2 3 9 0 0 0 8 15 8 8 15 8 9 15 4 5 6 7 0 7 10 11 9 9 12 13 14 11 11 11 4 6 7 16 17 18 15 15 15
-73.02415630999997
ni-4811-a
C H H H C H Ni H Ni C H H Ni Ni C H O Ni Ni Ni
0 0 0 0 1 2 3 4 4 4 4 5 6 7 7 8 8 8 9 9 9 9 9 10 10 11 12 12 13 13 13 14 14 14 14 14 14 15 15 15 16 16 16 16 16 17 18 19
1 2 3 4 0 0 0 0 5 7 9 4 7 4 6 9 10 14 4 8 10 11 14 8 9 9 14 15 14 15 16 8 9 12 13 15 16 12 13 14 13 14 17 18 19 16 16 16
-72.96608413000001
pd-4812-a
C H Pd H H Pd Pd C H C H C H H Pd Pd H O Pd
0 0 0 0 1 2 2 2 2 3 3 4 5 5 6 6 6 7 7 7 7 7 7 8 8 8 9 9 9 9 10 11 11 11 11 12 13 14 15 16 16 16 16 17 17 17 17 18
1 3 4 9 0 3 7 16 17 0 2 0 7 8 7 8 17 2 5 6 8 9 17 5 6 7 0 7 10 11 9 9 12 13 16 11 11 16 16 2 11 14 15 2 6 7 18 17
-72.99861238000003
ru-4811-a
C H H Ru H C H Ru Ru H Ru Ru C H H Ru Ru C H O Ru
0 0 0 0 1 2 3 4 4 5 5 5 5 6 7 8 8 8 9 9 9 10 10 10 10 11 12 12 12 12 12 13 13 13 14 15 15 16 16 16 17 17 17 17 17 17 17 18 18 18 18 19 19 19 19 20
1 2 4 5 0 0 4 0 3 0 6 9 12 5 9 9 17 19 5 7 8 12 13 17 18 13 5 10 13 14 17 10 11 12 12 17 18 17 18 19 8 10 12 15 16 18 19 10 15 16 17 8 16 17 20 19
-73.24653562999998
os-4a12-a
C H H H C H Os H Os Os C H H Os Os C H Os H H O
0 0 0 0 1 2 3 4 4 4 4 5 6 7 7 8 9 9 9 10 10 10 10 11 11 11 12 13 14 15 15 15 15 16 16 16 16 17 18 18 19 20 20 20
1 2 3 4 0 0 0 0 5 7 10 4 7 4 6 11 11 16 20 4 11 12 20 8 9 10 10 16 16 16 18 19 20 9 13 14 15 18 15 17 15 9 10 15
-80.48699418000001
cd-4812-a
C H H H C H C H C H H H Cd O
0 0 0 0 1 2 3 4 4 4 4 5 6 6 6 6 7 8 8 8 8 9 10 11 12 12 13 13
1 2 3 6 0 0 0 5 6 12 13 4 0 4 7 8 6 6 9 10 11 8 8 8 4 13 4 12
-72.64650466
ir-3611-a
C H H Ir H Ir C H H Ir Ir C H O Ir Ir Ir
0 0 0 0 1 2 3 4 4 5 5 6 6 6 6 7 7 8 9 9 10 10 10 11 11 11 11 11 11 12 12 12 13 13 13 13 13 14 15 16
1 2 4 6 0 0 4 0 3 7 11 0 7 8 11 5 6 6 11 12 11 12 13 5 6 9 10 12 13 9 10 11 10 11 14 15 16 13 13 13
-56.14176039999995
au-4a12-a
C H H H C H Au H Au C H H Au C H Au H H O Au
0 0 0 0 1 2 3 4 4 4 4 5 6 7 7 8 9 9 9 9 10 10 11 12 13 13 13 13 14 14 15 16 16 17 18 18 18 19
1 2 3 4 0 0 0 0 5 7 9 4 7 4 6 10 4 10 11 18 8 9 9 14 14 16 17 18 12 13 16 13 15 13 9 13 19 18
-80.2139458
rh-3611-a
C H H Rh H Rh C H H Rh Rh Rh C H O Rh Rh
0 0 0 0 1 2 3 4 4 5 5 6 6 6 6 7 7 8 9 9 10 10 11 11 11 12 12 12 12 12 12 13 13 13 13 14 14 14 14 14 15 16
1 2 4 6 0 0 4 0 3 7 12 0 7 8 12 5 6 6 12 13 13 14 12 13 14 5 6 9 11 13 14 9 10 11 12 10 11 12 15 16 14 14
-56.328804160000004
au-4811-a
C H H Au H C H Au H Au C H H C H Au O
0 0 0 0 1 2 3 4 4 5 5 5 5 6 7 8 8 9 10 10 10 10 11 11 12 13 13 13 13 14 15 15 16 16
1 2 4 5 0 0 4 0 3 0 6 8 10 5 8 5 7 11 5 11 12 13 9 10 10 10 14 15 16 13 13 16 13 15
-72.70679087000002
ag-4812-a
C H H H Ag C H C H C H H Ag Ag H O Ag Ag
0 0 0 0 1 2 3 4 4 5 5 5 5 5 6 6 7 7 7 7 8 9 9 9 9 10 11 12 12 12 13 14 14 14 15 15 15 15 16 17
1 2 3 7 0 0 0 5 6 4 6 7 12 15 4 5 0 5 8 9 7 7 10 11 14 9 9 5 14 15 14 9 12 13 5 12 16 17 15 15
-72.73102004
ir-4a11-a
C H Ir H H C H Ir H C H Ir H C H H Ir H O Ir
0 0 0 0 1 2 3 3 4 5 5 5 5 6 7 8 8 9 9 9 9 10 11 12 12 13 13 13 13 14 15 16 17 17 18 18 18 19
1 3 4 5 0 3 0 2 0 0 6 8 18 5 8 5 7 10 12 13 18 9 12 9 11 9 14 15 17 13 13 17 13 16 5 9 19 18
-80.49125067
pd-4811-a
C H H Pd H C H Pd H Pd C H H Pd Pd C H O Pd Pd Pd
0 0 0 0 1 2 3 4 4 5 5 5 5 6 7 8 8 9 9 10 10 10 10 11 11 12 13 14 14 14 15 15 15 15 15 16 16 16 17 17 17 17 17 18 19 20
1 2 4 5 0 0 4 0 3 0 6 8 10 5 8 5 7 11 15 5 11 12 15 9 10 10 16 15 16 17 9 10 14 16 17 13 14 15 14 15 18 19 20 17 17 17
-72.91120860999999
cu-3611-a
C H H H C H H Cu C H Cu O Cu Cu Cu
0 0 0 0 1 2 3 4 4 4 4 5 6 7 8 8 8 8 9 9 10 10 11 11 11 11 11 12 13 14
1 2 3 4 0 0 0 0 5 6 8 4 4 9 4 9 10 11 7 8 8 11 8 10 12 13 14 11 11 11
-56.12212396999999
pd-3611-a
C H H Pd H Pd C H H Pd Pd C H O Pd Pd Pd
0 0 0 0 1 2 3 4 4 5 5 6 6 6 6 7 7 8 9 10 10 10 11 11 11 11 11 12 12 12 13 13 13 13 13 14 15 16
1 2 4 6 0 0 4 0 3 7 11 0 7 8 11 5 6 6 12 11 12 13 5 6 10 12 13 9 10 11 10 11 14 15 16 13 13 13
-56.23439116
pt-4812-a
C H H H Pt C H C H C H H Pt Pt H Pt O Pt
0 0 0 0 1 2 3 4 5 5 5 5 5 6 6 7 7 7 7 8 9 9 9 9 10 11 12 12 12 13 14 14 14 15 15 16 16 16 16 17
1 2 3 7 0 0 0 6 6 7 12 15 16 4 5 0 5 8 9 7 7 10 11 14 9 9 5 14 16 14 9 12 13 5 16 5 12 15 17 16
-72.90113932000003
cd-4811-a
C H H H C H Cd H Cd C H H C H Cd O
0 0 0 0 1 2 3 4 4 4 4 5 6 7 7 8 9 9 9 9 10 10 11 12 12 12 12 13 14 14 15 15
1 2 3 4 0 0 0 0 5 7 9 4 7 4 6 10 4 10 11 12 8 9 9 9 13 14 15 12 12 15 12 14
-72.60956728
cd-4a12-a
C H H H C H Cd H C H H Cd C H H H O Cd
0 0 0 0 1 2 3 4 4 4 4 5 6 7 7 8 8 8 8 9 10 11 12 12 12 12 13 13 14 15 16 16 16 17
1 2 3 4 0 0 0 0 5 7 8 4 7 4 6 4 9 10 16 8 8 13 13 14 15 16 11 12 12 12 8 12 17 16
-80.08066928
pt-4811-a
C H H H C H Pt H Pt C H H C H Pt O
0 0 0 0 1 2 3 4 4 4 4 5 6 7 7 8 9 9 9 9 10 10 11 12 12 12 12 13 14 14 15 15
1 2 3 4 0 0 0 0 5 7 9 4 7 4 6 10 4 10 11 12 8 9 9 9 13 14 15 12 12 15 12 14
-72.78491284
au-4812-a
C H H H Au C H C H C H H Au Au H Au O
0 0 0 0 1 2 3 4 5 5 5 5 6 6 7 7 7 7 8 9 9 9 9 10 11 12 13 14 14 14 15 15 16 16
1 2 3 7 0 0 0 6 6 7 15 16 4 5 0 5 8 9 7 7 10 11 14 9 9 14 14 9 12 13 5 16 5 15
-72.72183499000002
ru-4812-a
C H H H Ru Ru C H C H C H H H Ru O Ru Ru
0 0 0 0 1 2 3 4 4 4 5 5 6 6 6 6 6 7 7 7 8 8 8 8 9 10 10 10 10 11 12 13 14 14 15 15 15 15 15 15 16 17
1 2 3 8 0 0 0 6 7 15 7 15 4 7 8 14 15 4 5 6 0 6 9 10 8 8 11 12 13 10 10 10 6 15 4 5 6 14 16 17 15 15
-73.03584434999999
zn-4811-a
C H H H C H Zn H C H H C H O Zn
0 0 0 0 1 2 3 4 4 4 4 5 6 7 7 8 8 8 8 9 10 11 11 11 12 13 13 14
1 2 3 4 0 0 0 0 5 7 8 4 7 4 6 4 9 10 11 8 8 8 12 13 11 11 14 13
-72.6429739
rh-4a11-a
C H Rh Rh H H C H Rh H C H Rh H C H H Rh H O Rh
0 0 0 0 1 2 3 4 4 4 5 6 6 6 6 7 8 9 9 10 10 10 10 11 12 13 13 14 14 14 14 15 16 17 18 18 19 19 19 20
1 4 5 6 0 4 4 0 2 3 0 0 7 9 19 6 9 6 8 11 13 14 19 10 13 10 12 10 15 16 18 14 14 18 14 17 6 10 20 19
-80.43819549
