cd-3611-a
C H H H C H H C H O Cd
0 0 0 0 1 2 3 4 4 4 4 5 6 7 7 7 8 9 9 10
1 2 3 4 0 0 0 0 5 6 7 4 4 4 8 9 7 7 10 9
-55.968553289999996
os-4812-a
C H H H Os C H C H C H H H O Os
0 0 0 0 1 2 3 4 4 4 5 5 5 5 6 6 7 7 7 7 8 9 9 9 9 10 11 12 13 13 14 14
1 2 3 7 0 0 0 5 6 14 4 6 7 13 4 5 0 5 8 9 7 7 10 11 12 9 9 9 5 14 4 13
-73.15178499000001
pt-4a11-a
C H Pt H H C H Pt H C H Pt H C H H Pt H O
0 0 0 0 1 2 2 3 3 4 5 5 5 5 6 7 7 7 8 8 9 9 9 9 10 11 11 11 12 12 13 13 13 13 14 15 16 16 17 17 18 18
1 3 4 5 0 3 7 0 2 0 0 6 8 18 5 2 8 11 5 7 10 12 13 18 9 7 12 16 9 11 9 14 15 17 13 13 11 17 13 16 5 9
-80.52737352000003
ag-3611-a
C H H Ag H C H H C H Ag O
0 0 0 0 1 2 3 3 4 4 5 5 5 5 6 7 8 8 8 8 9 10 10 10 11 11
1 2 4 5 0 0 4 10 0 3 0 6 7 8 5 5 5 9 10 11 8 3 8 11 8 10
-56.037157269999994
os-4811-a
C H H H C H Os H Os C H H Os Os C H O Os
0 0 0 0 1 2 3 4 4 4 4 5 6 6 6 6 6 7 7 8 8 8 8 8 8 9 9 9 9 9 10 10 11 12 12 12 12 12 12 13 13 13 13 13 13 13 14 14 14 14 14 14 15 15 15 16 16 16 17 17 17 17
1 2 3 4 0 0 0 0 5 7 9 4 7 8 12 13 17 4 6 6 9 10 12 13 14 4 8 10 11 14 8 9 9 6 8 13 14 15 17 6 8 12 14 15 16 17 8 9 12 13 15 16 12 13 14 13 14 17 6 12 13 16
-73.14009078000004
pt-4a12-a
C H H H C H Pt H C H H Pt C H H H O Pt
0 0 0 0 1 2 3 4 4 4 4 5 6 6 7 7 8 8 8 8 9 10 11 11 12 12 12 12 13 13 14 15 16 16 16 17 17 17
1 2 3 4 0 0 0 0 5 7 8 4 7 17 4 6 4 9 10 16 8 8 13 17 13 14 15 16 11 12 12 12 8 12 17 6 11 16
-80.35354681000001
ag-4811-a
C H H H C H Ag H C H H C H Ag O
0 0 0 0 1 2 3 4 4 4 4 5 6 6 7 7 8 8 8 8 9 10 11 11 11 11 12 13 13 13 14 14
1 2 3 4 0 0 0 0 5 7 8 4 7 13 4 6 4 9 10 11 8 8 8 12 13 14 11 6 11 14 11 13
-72.68335334
au-4a11-a
C H Au H H C H Au H C H Au H C H H Au H O
0 0 0 0 1 2 2 3 3 4 5 5 5 5 6 7 7 7 8 8 9 9 9 9 10 11 11 11 12 12 13 13 13 13 14 15 16 16 17 17 18 18
1 3 4 5 0 3 7 0 2 0 0 6 8 18 5 2 8 11 5 7 10 12 13 18 9 7 12 16 9 11 9 14 15 17 13 13 11 17 13 16 5 9
-80.33499151000001
pt-3611-a
C H H Pt H Pt C H H C H Pt O
0 0 0 0 1 2 3 3 3 4 4 5 5 5 6 6 6 6 7 7 8 9 9 9 9 10 11 11 11 12
1 2 4 6 0 0 4 5 11 0 3 3 7 11 0 7 8 9 5 6 6 6 10 11 12 9 3 5 9 9
-56.12419725000001
au-3611-a
C H H Au H Au C H H C H O
0 0 0 0 1 2 3 3 4 4 5 5 6 6 6 6 7 7 8 9 9 9 10 11
1 2 4 6 0 0 4 5 0 3 3 7 0 7 8 9 5 6 6 6 10 11 9 9
-56.04953777
os-3611-a
C H H Os H Os C H H Os Os C H O Os Os
0 0 0 0 1 2 3 3 3 3 3 4 4 5 5 5 5 5 5 5 6 6 6 6 6 7 7 8 9 9 9 9 9 9 9 10 10 10 10 10 10 10 10 11 11 11 11 11 11 12 12 12 13 13 13 13 14 14 14 14 14 15 15 15 15 15
1 2 4 6 0 0 4 5 9 10 15 0 3 3 6 7 9 10 11 14 0 5 7 8 11 5 6 6 3 5 10 11 12 14 15 3 5 9 11 12 13 14 15 5 6 9 10 12 13 9 10 11 10 11 14 15 5 9 10 13 15 3 9 10 13 14
-56.46782234
ag-4a11-a
C H Ag H H C H Ag H C H Ag H C H H Ag H O Ag
0 0 0 0 1 2 2 2 3 3 4 5 5 5 5 6 7 7 7 7 8 8 9 9 9 9 10 11 11 11 11 12 12 13 13 13 13 14 15 16 16 16 17 17 18 18 18 19 19 19 19 19
1 3 4 5 0 3 7 19 0 2 0 0 6 8 18 5 2 8 11 19 5 7 10 12 13 18 9 7 12 16 19 9 11 9 14 15 17 13 13 11 17 19 13 16 5 9 19 2 7 11 16 18
-80.28409587000002
ni-4a11-a
C H Ni H H C H Ni H C H Ni H C H H Ni H O
0 0 0 0 1 2 2 3 3 4 5 5 5 5 6 7 7 7 8 8 9 9 9 9 10 11 11 11 12 12 13 13 13 13 14 15 16 16 17 17 18 18
1 3 4 5 0 3 7 0 2 0 0 6 8 18 5 2 8 11 5 7 10 12 13 18 9 7 12 16 9 11 9 14 15 17 13 13 11 17 13 16 5 9
-80.40911222
zn-4a12-a
C H H H C H H C H H C H H H O Zn
0 0 0 0 1 2 3 4 4 4 4 5 6 7 7 7 7 8 9 10 10 10 10 11 12 13 14 14 14 15
1 2 3 4 0 0 0 0 5 6 7 4 4 4 8 9 14 7 7 11 12 13 14 10 10 10 7 10 15 14
-80.12219775
cu-4812-a
C H H H Cu C H C H C H H H O Cu
0 0 0 0 1 2 3 4 4 5 5 5 6 6 7 7 7 7 8 9 9 9 9 10 11 12 13 13 14 14
1 2 3 7 0 0 0 6 14 6 7 13 4 5 0 5 8 9 7 7 10 11 12 9 9 9 5 14 4 13
-72.80607323999999
os-4a11-a
C H Os H H C H Os H C H Os H C H H Os H O Os
0 0 0 0 1 2 2 2 2 3 3 4 5 5 5 5 6 7 7 7 7 7 8 8 9 9 9 9 10 11 11 11 11 11 12 12 13 13 13 13 14 15 16 16 16 16 17 17 18 18 18 19 19 19 19 19
1 3 4 5 0 3 7 11 19 0 2 0 0 6 8 18 5 2 8 11 16 19 5 7 10 12 13 18 9 2 7 12 16 19 9 11 9 14 15 17 13 13 7 11 17 19 13 16 5 9 19 2 7 11 16 18
-80.45136314000001
cu-4811-a
C H H H C H Cu H C H H C H Cu Cu O
0 0 0 0 1 2 3 4 4 4 4 5 6 6 6 7 7 8 8 8 8 9 10 11 11 11 11 11 12 13 13 13 14 14 14 14 15 15
1 2 3 4 0 0 0 0 5 7 8 4 7 13 14 4 6 4 9 10 11 8 8 8 12 13 14 15 11 6 11 14 6 11 13 15 11 14
-72.74432156999998
rh-4811-a
C H H H C H Rh H Rh C H H Rh Rh C H O Rh
0 0 0 0 1 2 3 4 4 4 4 5 6 6 6 6 6 7 7 8 8 8 8 8 9 9 9 9 10 10 11 12 12 12 12 12 13 13 13 13 13 13 13 14 14 14 14 14 15 15 15 16 16 16 17 17 17 17
1 2 3 4 0 0 0 0 5 7 9 4 7 8 12 13 17 4 6 6 10 12 13 14 4 10 11 14 8 9 9 6 8 13 15 17 6 8 12 14 15 16 17 8 9 13 15 16 12 13 14 13 14 17 6 12 13 16
-72.98526153
rh-4812-a
C H H H Rh C H C H C H H H Rh O Rh
0 0 0 0 1 2 3 4 4 4 4 5 5 5 5 5 6 6 7 7 7 7 8 9 9 9 9 10 11 12 13 13 13 13 14 14 14 15 15 15
1 2 3 7 0 0 0 5 6 13 15 4 6 7 13 14 4 5 0 5 8 9 7 7 10 11 12 9 9 9 4 5 14 15 5 13 15 4 13 14
-72.99642394
ni-4a12-a
C H H H C H Ni H Ni C H H Ni C H H H O Ni
0 0 0 0 1 2 3 4 4 4 4 5 6 6 6 7 7 8 8 8 9 9 9 9 10 10 11 12 12 13 13 13 13 13 14 14 15 16 17 17 17 18 18 18 18 18
1 2 3 4 0 0 0 0 5 7 9 4 7 8 18 4 6 6 10 18 4 10 11 17 8 9 9 14 18 14 15 16 17 18 12 13 13 13 9 13 18 6 8 12 13 17
-80.36217060000001
ni-4812-a
C H H H Ni C H C H C H H H O Ni
0 0 0 0 1 2 3 4 4 4 5 5 5 5 6 6 7 7 7 7 8 9 9 9 9 10 11 12 13 13 14 14
1 2 3 7 0 0 0 5 6 14 4 6 7 13 4 5 0 5 8 9 7 7 10 11 12 9 9 9 5 14 4 13
-72.98568583999997
ru-3611-a
C H H Ru H Ru C H H Ru C H Ru Ru O Ru
0 0 0 0 1 2 3 3 3 3 3 4 4 5 5 5 5 5 5 6 6 6 6 7 7 8 9 9 9 9 9 9 9 10 10 10 10 10 10 10 11 11 12 12 12 12 12 12 13 13 13 13 13 13 13 14 14 14 14 15 15 15 15 15
1 2 4 6 0 0 4 5 9 13 15 0 3 3 7 9 10 12 13 0 7 8 10 5 6 6 3 5 10 11 12 13 15 5 6 9 11 12 13 14 9 10 5 9 10 13 14 15 3 5 9 10 12 14 15 10 12 13 15 3 9 12 13 14
-56.80381338000001
ru-4a12-a
C H H H C H Ru H Ru C H H Ru C H H H O Ru
0 0 0 0 1 2 3 4 4 4 4 5 6 6 6 7 7 8 8 8 8 9 9 9 9 10 10 11 12 12 12 13 13 13 13 14 14 15 16 17 17 17 18 18 18 18
1 2 3 4 0 0 0 0 5 7 9 4 7 8 18 4 6 6 10 12 18 4 10 11 17 8 9 9 8 14 18 14 15 16 17 12 13 13 13 9 13 18 6 8 12 17
-80.39048657000001
zn-4a11-a
C H H H C H H C H H C H H H O
0 0 0 0 1 2 3 4 4 4 4 5 6 7 7 7 7 8 9 10 10 10 10 11 12 13 14 14
1 2 3 4 0 0 0 0 5 6 14 4 4 8 9 10 14 7 7 7 11 12 13 10 10 10 4 7
-80.23159139999999
ir-4811-a
C H H H C H Ir H Ir C H H Ir Ir C H O Ir
0 0 0 0 1 2 3 4 4 4 4 5 6 6 6 6 6 7 7 8 8 8 8 8 9 9 9 9 10 10 11 12 12 12 12 12 12 13 13 13 13 13 13 13 14 14 14 14 14 14 15 15 15 16 16 16 17 17 17 17
1 2 3 4 0 0 0 0 5 7 9 4 7 8 12 13 17 4 6 6 10 12 13 14 4 10 11 14 8 9 9 6 8 13 14 15 17 6 8 12 14 15 16 17 8 9 12 13 15 16 12 13 14 13 14 17 6 12 13 16
-72.80706322999998
zn-4812-a
C H H H C H C H C H H H O Zn
0 0 0 0 1 2 3 4 4 4 5 6 6 6 6 7 8 8 8 8 9 10 11 12 12 13
1 2 3 6 0 0 0 5 6 12 4 0 4 7 8 6 6 9 10 11 8 8 8 4 13 12
-72.68275123
rh-4a12-a
C H H H C H Rh H Rh C H H Rh C H Rh H H O Rh
0 0 0 0 1 2 3 4 4 4 4 5 6 6 6 6 7 7 8 8 8 8 8 9 9 9 9 10 10 11 12 12 12 12 13 13 13 13 13 14 14 15 15 15 15 15 16 16 17 18 18 18 19 19 19 19 19 19
1 2 3 4 0 0 0 0 5 7 9 4 7 8 15 19 4 6 6 10 12 15 19 4 10 11 18 8 9 9 8 14 15 19 14 16 17 18 19 12 13 6 8 12 16 19 13 15 13 9 13 19 6 8 12 13 15 18
-80.37649090000002
ag-4a12-a
C H H H C H Ag H C H H Ag C H H H O Ag
0 0 0 0 1 2 3 4 4 4 4 5 6 6 7 7 8 8 8 8 9 10 11 11 12 12 12 12 13 13 14 15 16 16 16 17 17 17
1 2 3 4 0 0 0 0 5 7 8 4 7 17 4 6 4 9 10 16 8 8 13 17 13 14 15 16 11 12 12 12 8 12 17 6 11 16
-80.17400667000001
ni-3611-a
C H H Ni H Ni C H H Ni C H Ni O Ni Ni
0 0 0 0 1 2 3 3 3 4 4 5 5 5 5 5 6 6 6 6 7 7 8 9 9 9 9 9 10 10 10 10 10 10 11 11 12 12 12 12 12 12 12 13 13 13 13 14 14 14 14 15 15 15
1 2 4 6 0 0 4 5 12 0 3 3 7 9 10 12 0 7 8 10 5 6 6 5 10 11 12 14 5 6 9 11 12 13 9 10 3 5 9 10 13 14 15 10 12 14 15 9 12 13 15 12 13 14
-56.30318036
pd-4a12-a
C H H H C H Pd H Pd C H H Pd C H Pd H H O Pd
0 0 0 0 1 2 3 4 4 4 4 5 6 6 6 7 7 8 8 8 8 9 9 9 9 10 10 11 12 12 12 13 13 13 13 13 14 14 15 15 15 15 16 16 17 18 18 18 19 19 19 19 19 19
1 2 3 4 0 0 0 0 5 7 9 4 7 8 19 4 6 6 10 15 19 4 10 11 18 8 9 9 14 15 19 14 16 17 18 19 12 13 8 12 16 19 13 15 13 9 13 19 6 8 12 13 15 18
-80.42172638000002
cu-4a12-a
C H H H C H Cu H Cu C H H Cu C H H H O Cu
0 0 0 0 1 2 3 4 4 4 4 5 6 6 6 7 7 8 8 8 8 9 9 9 9 10 10 11 12 12 12 13 13 13 13 13 14 14 15 16 17 17 17 18 18 18 18 18
1 2 3 4 0 0 0 0 5 7 9 4 7 8 18 4 6 6 10 12 18 4 10 11 17 8 9 9 8 14 18 14 15 16 17 18 12 13 13 13 9 13 18 6 8 12 13 17
-80.23538755999999
cd-4a11-a
C H H H C H H C H Cd H C H H Cd H O Cd
0 0 0 0 1 2 3 4 4 4 4 5 6 7 7 7 7 8 9 9 9 10 10 11 11 11 11 12 13 14 14 14 15 15 16 16 16 17 17 17
1 2 3 4 0 0 0 0 5 6 16 4 4 8 10 11 16 7 10 14 17 7 9 7 12 13 15 11 11 9 15 17 11 14 4 7 17 9 14 16
-80.19170077000001
pd-4a11-a
C H Pd H H C H Pd H C H Pd H C H H Pd H O Pd
0 0 0 0 1 2 2 2 3 3 4 5 5 5 5 6 7 7 7 7 8 8 9 9 9 9 10 11 11 11 11 12 12 13 13 13 13 14 15 16 16 16 17 17 18 18 18 19 19 19 19 19
1 3 4 5 0 3 7 19 0 2 0 0 6 8 18 5 2 8 11 19 5 7 10 12 13 18 9 7 12 16 19 9 11 9 14 15 17 13 13 11 17 19 13 16 5 9 19 2 7 11 16 18
-80.50440488000001
ir-4a12-a
C H H H C H Ir H Ir C H H Ir C H H H O Ir
0 0 0 0 1 2 3 4 4 4 4 5 6 6 6 7 7 8 8 8 8 9 9 9 9 10 10 11 12 12 12 13 13 13 13 14 14 15 16 17 17 17 18 18 18 18
1 2 3 4 0 0 0 0 5 7 9 4 7 8 18 4 6 6 10 12 18 4 10 11 17 8 9 9 8 14 18 14 15 16 17 12 13 13 13 9 13 18 6 8 12 17
-80.39285788999996
ru-4a11-a
C H Ru H H C H Ru H C H Ru H C H H Ru H O Ru
0 0 0 0 1 2 2 2 2 3 3 4 5 5 5 5 6 7 7 7 7 7 8 8 9 9 9 9 10 11 11 11 11 11 12 12 13 13 13 13 14 15 16 16 16 16 17 17 18 18 18 19 19 19 19 19
1 3 4 5 0 3 7 11 19 0 2 0 0 6 8 18 5 2 8 11 16 19 5 7 10 12 13 18 9 2 7 12 16 19 9 11 9 14 15 17 13 13 7 11 17 19 13 16 5 9 19 2 7 11 16 18
-80.36051731000003
cu-4a11-a
C H Cu H H C H Cu H C H Cu H C H H Cu H O Cu
0 0 0 0 1 2 2 2 2 3 3 4 5 5 5 5 6 7 7 7 7 7 8 8 9 9 9 9 10 11 11 11 11 11 12 12 13 13 13 13 14 15 16 16 16 16 17 17 18 18 18 19 19 19 19 19
1 3 4 5 0 3 7 11 19 0 2 0 0 6 8 18 5 2 8 11 16 19 5 7 10 12 13 18 9 2 7 12 16 19 9 11 9 14 15 17 13 13 7 11 17 19 13 16 5 9 19 2 7 11 16 18
-80.31799278
zn-3611-a
C H H H C H H C H O
0 0 0 0 1 2 3 4 4 4 4 5 6 7 7 7 8 9
1 2 3 4 0 0 0 0 5 6 7 4 4 4 8 9 7 7
-55.99833328999999
ir-4812-a
C H H H Ir C H C H C H H H O Ir
0 0 0 0 1 2 3 4 4 5 5 5 6 6 7 7 7 7 8 9 9 9 9 10 11 12 13 13 14 14
1 2 3 7 0 0 0 6 14 6 7 13 4 5 0 5 8 9 7 7 10 11 12 9 9 9 5 14 4 13
-73.02415630999997
ni-4811-a
C H H H C H Ni H Ni C H H Ni Ni C H O Ni
0 0 0 0 1 2 3 4 4 4 4 5 6 6 6 7 7 8 8 8 8 8 9 9 9 9 10 10 11 12 12 12 12 13 13 13 13 13 13 13 14 14 14 14 14 14 15 15 15 16 16 16 17 17
1 2 3 4 0 0 0 0 5 7 9 4 7 8 13 4 6 6 10 12 13 14 4 10 11 14 8 9 9 8 13 14 15 6 8 12 14 15 16 17 8 9 12 13 15 16 12 13 14 13 14 17 13 16
-72.96608413000001
pd-4812-a
C H H H Pd C H C H C H H Pd Pd H Pd O
0 0 0 0 1 2 3 4 4 4 4 4 5 5 5 5 5 5 6 6 7 7 7 7 8 9 9 9 9 10 11 12 12 12 12 12 13 13 13 14 14 14 15 15 15 15 16 16
1 2 3 7 0 0 0 5 6 12 13 15 4 6 7 12 15 16 4 5 0 5 8 9 7 7 10 11 14 9 9 4 5 13 14 15 4 12 14 9 12 13 4 5 12 16 5 15
-72.99861238000003
ru-4811-a
C H H H C H Ru H Ru C H H Ru C H Ru Ru O Ru
0 0 0 0 1 2 3 4 4 4 4 5 6 6 6 6 6 7 7 8 8 8 8 8 8 8 9 9 9 9 9 10 10 11 12 12 12 12 12 12 12 13 13 13 13 13 13 13 14 14 15 15 15 15 15 15 15 16 16 16 16 16 16 17 17 17 17 18 18 18 18 18
1 2 3 4 0 0 0 0 5 7 9 4 7 8 12 15 18 4 6 6 9 10 12 13 15 16 4 8 10 11 13 8 9 9 6 8 13 14 15 16 18 8 9 12 14 15 16 17 12 13 6 8 12 13 16 17 18 8 12 13 15 17 18 13 15 16 18 6 12 15 16 17
-73.24653562999998
os-4a12-a
C H H H C H Os H Os C H H Os C H H H O Os
0 0 0 0 1 2 3 4 4 4 4 5 6 6 6 7 7 8 8 8 8 9 9 9 9 10 10 11 12 12 12 13 13 13 13 14 14 15 16 17 17 17 18 18 18 18
1 2 3 4 0 0 0 0 5 7 9 4 7 8 18 4 6 6 10 12 18 4 10 11 17 8 9 9 8 14 18 14 15 16 17 12 13 13 13 9 13 18 6 8 12 17
-80.48699418000001
cd-4812-a
C H H H C H C H C H H H O Cd
0 0 0 0 1 2 3 4 4 4 5 6 6 6 6 7 8 8 8 8 9 10 11 12 12 13
1 2 3 6 0 0 0 5 6 12 4 0 4 7 8 6 6 9 10 11 8 8 8 4 13 12
-72.64650466
ir-3611-a
C H H Ir H Ir C H H Ir Ir C H O Ir
0 0 0 0 1 2 3 3 3 3 3 4 4 5 5 5 5 5 6 6 6 6 7 7 8 9 9 9 9 9 9 10 10 10 10 10 10 10 11 11 11 11 11 11 12 12 12 13 13 13 14 14 14 14
1 2 4 6 0 0 4 5 9 10 14 0 3 3 7 9 10 11 0 7 8 11 5 6 6 3 5 10 11 12 14 3 5 9 11 12 13 14 5 6 9 10 12 13 9 10 11 10 11 14 3 9 10 13
-56.14176039999995
au-4a12-a
C H H H C H Au H C H H C H H H O Au
0 0 0 0 1 2 3 4 4 4 4 5 6 6 7 7 8 8 8 8 9 10 11 11 11 11 12 13 14 15 15 15 16 16
1 2 3 4 0 0 0 0 5 7 8 4 7 16 4 6 4 9 10 15 8 8 12 13 14 15 11 11 11 8 11 16 6 15
-80.2139458
rh-3611-a
C H H Rh H Rh C H H Rh Rh C H O Rh Rh
0 0 0 0 1 2 3 3 3 3 3 3 4 4 5 5 5 5 5 5 6 6 6 6 7 7 8 9 9 9 9 9 9 10 10 10 10 10 10 10 10 11 11 11 11 11 11 12 12 12 13 13 13 13 14 14 14 14 14 15 15 15 15 15
1 2 4 6 0 0 4 5 9 10 14 15 0 3 3 7 9 10 11 14 0 7 8 11 5 6 6 3 5 10 11 12 15 3 5 9 11 12 13 14 15 5 6 9 10 12 13 9 10 11 10 11 14 15 3 5 10 13 15 3 9 10 13 14
-56.328804160000004
au-4811-a
C H H H C H Au H Au C H H C H O
0 0 0 0 1 2 3 4 4 4 4 5 6 6 7 7 8 8 9 9 9 9 10 10 11 12 12 12 13 14
1 2 3 4 0 0 0 0 5 7 9 4 7 8 4 6 6 10 4 10 11 12 8 9 9 9 13 14 12 12
-72.70679087000002
ag-4812-a
C H H H C H C H C H H H O Ag
0 0 0 0 1 2 3 4 4 4 4 5 6 6 6 6 7 8 8 8 8 9 10 11 12 12 13 13
1 2 3 6 0 0 0 5 6 12 13 4 0 4 7 8 6 6 9 10 11 8 8 8 4 13 4 12
-72.73102004
ir-4a11-a
C H Ir H H C H Ir H C H Ir H C H H Ir H O
0 0 0 0 1 2 2 2 3 3 4 5 5 5 5 6 7 7 7 7 8 8 9 9 9 9 10 11 11 11 11 12 12 13 13 13 13 14 15 16 16 16 17 17 18 18
1 3 4 5 0 3 7 11 0 2 0 0 6 8 18 5 2 8 11 16 5 7 10 12 13 18 9 2 7 12 16 9 11 9 14 15 17 13 13 7 11 17 13 16 5 9
-80.49125067
pd-4811-a
C H H H C H Pd H Pd C H H Pd Pd C H O Pd
0 0 0 0 1 2 3 4 4 4 4 5 6 6 6 7 7 8 8 8 8 9 9 9 9 10 10 11 12 12 12 13 13 13 13 13 13 13 14 14 14 14 15 15 15 16 16 16 17 17
1 2 3 4 0 0 0 0 5 7 9 4 7 8 13 4 6 6 10 12 13 4 10 11 14 8 9 9 8 13 15 6 8 12 14 15 16 17 9 13 15 16 12 13 14 13 14 17 13 16
-72.91120860999999
cu-3611-a
C H H H C H H C H Cu O Cu
0 0 0 0 1 2 3 4 4 4 4 5 6 7 7 7 7 8 9 9 10 10 11 11
1 2 3 4 0 0 0 0 5 6 7 4 4 4 8 9 10 7 7 11 7 11 9 10
-56.12212396999999
pd-3611-a
C H H Pd H Pd C H H Pd Pd C H O Pd
0 0 0 0 1 2 3 3 3 4 4 5 5 5 5 6 6 6 6 7 7 8 9 9 9 10 10 10 10 10 10 10 11 11 11 11 12 12 12 13 13 13 14 14
1 2 4 6 0 0 4 5 10 0 3 3 7 9 10 0 7 8 11 5 6 6 5 10 12 3 5 9 11 12 13 14 6 10 12 13 9 10 11 10 11 14 10 13
-56.23439116
pt-4812-a
C H H H Pt C H C H C H H H Pt O
0 0 0 0 1 2 3 4 4 5 5 5 5 6 6 7 7 7 7 8 9 9 9 9 10 11 12 13 13 13 14 14
1 2 3 7 0 0 0 6 13 6 7 13 14 4 5 0 5 8 9 7 7 10 11 12 9 9 9 4 5 14 5 13
-72.90113932000003
cd-4811-a
C H H H C H H C H H C H O Cd
0 0 0 0 1 2 3 4 4 4 4 5 6 7 7 7 7 8 9 10 10 10 11 12 12 13
1 2 3 4 0 0 0 0 5 6 7 4 4 4 8 9 10 7 7 7 11 12 10 10 13 12
-72.60956728
cd-4a12-a
C H H H C H Cd H C H H C H H H O Cd
0 0 0 0 1 2 3 4 4 4 4 5 6 6 7 7 8 8 8 8 9 10 11 11 11 11 12 13 14 15 15 15 16 16
1 2 3 4 0 0 0 0 5 7 8 4 7 16 4 6 4 9 10 15 8 8 12 13 14 15 11 11 11 8 11 16 6 15
-80.08066928
pt-4811-a
C H H H C H Pt H C H H C H Pt O
0 0 0 0 1 2 3 4 4 4 4 5 6 6 7 7 8 8 8 8 9 10 11 11 11 11 12 13 13 13 14 14
1 2 3 4 0 0 0 0 5 7 8 4 7 13 4 6 4 9 10 11 8 8 8 12 13 14 11 6 11 14 11 13
-72.78491284
au-4812-a
C H H H C H C H C H H H O Au
0 0 0 0 1 2 3 4 4 4 5 6 6 6 6 7 8 8 8 8 9 10 11 12 12 13
1 2 3 6 0 0 0 5 6 12 4 0 4 7 8 6 6 9 10 11 8 8 8 4 13 12
-72.72183499000002
ru-4812-a
C H H H Ru C H C H C H H H O Ru Ru Ru
0 0 0 0 1 2 3 4 4 4 4 4 5 5 5 5 6 6 7 7 7 7 8 9 9 9 9 10 11 12 13 13 13 13 14 14 14 14 15 15 15 15 16 16 16 16
1 2 3 7 0 0 0 5 6 14 15 16 4 6 7 13 4 5 0 5 8 9 7 7 10 11 12 9 9 9 5 14 15 16 4 13 15 16 4 13 14 16 4 13 14 15
-73.03584434999999
zn-4811-a
C H H H C H H C H H C H O
0 0 0 0 1 2 3 4 4 4 4 5 6 7 7 7 7 8 9 10 10 10 11 12
1 2 3 4 0 0 0 0 5 6 7 4 4 4 8 9 10 7 7 7 11 12 10 10
-72.6429739
rh-4a11-a
C H Rh H H C H Rh H C H Rh H C H H Rh H O Rh
0 0 0 0 1 2 2 2 2 3 3 4 5 5 5 5 6 7 7 7 7 7 8 8 9 9 9 9 10 11 11 11 11 11 12 12 13 13 13 13 14 15 16 16 16 16 17 17 18 18 18 19 19 19 19 19
1 3 4 5 0 3 7 11 19 0 2 0 0 6 8 18 5 2 8 11 16 19 5 7 10 12 13 18 9 2 7 12 16 19 9 11 9 14 15 17 13 13 7 11 17 19 13 16 5 9 19 2 7 11 16 18
-80.43819549
