cd-37X3-a
C H C H H H C H H H Cd N O
0 0 0 0 1 2 2 2 2 3 4 5 6 6 6 6 7 8 9 10 10 11 11 11 12 12
1 10 11 12 0 3 4 5 11 2 2 2 7 8 9 11 6 6 6 0 12 0 2 6 0 10
-68.48416931
pt-49X8-a
Pt C H Pt H H C H H H Pt C H H H Pt Pt N O C
0 0 1 1 1 1 2 2 3 4 4 4 5 6 6 6 6 7 8 9 10 10 11 11 11 11 12 12 13 14 14 15 15 16 17 17 17 18 18 19 19 19 19 19
2 4 2 4 5 17 0 1 4 0 1 3 1 7 8 9 17 6 6 6 12 14 12 13 14 19 10 11 11 10 11 18 19 19 1 6 19 15 19 11 15 16 17 18
-85.58631165000003
ir-25X2-a
Ir Ir Ir N H H C H H H O C Ir Ir Ir
0 0 1 1 2 2 3 3 3 3 3 4 4 4 4 5 6 6 6 6 7 8 9 10 10 10 10 10 11 11 11 12 13 14
3 4 4 10 3 4 0 2 4 5 11 0 1 2 3 3 7 8 9 11 6 6 6 1 11 12 13 14 3 6 10 10 10 10
-52.97023048999995
pd-37X2-a
Pd Pd Pd N H H C H H C H H H O C Pd Pd Pd
0 0 1 1 2 2 3 3 3 3 3 4 4 4 4 5 6 6 6 6 7 8 9 9 9 9 10 11 12 13 13 13 13 13 14 14 14 15 16 17
3 4 4 13 3 4 0 2 4 5 14 0 1 2 3 3 7 8 9 14 6 6 6 10 11 12 9 9 9 1 14 15 16 17 3 6 13 13 13 13
-69.51073764999998
ru-49X1-a
Ru Ru Ru C H N H C H H H Ru C H C H H H O Ru Ru Ru
0 1 1 1 2 2 2 3 3 3 3 3 4 4 4 4 5 5 5 6 7 7 7 7 8 9 10 11 11 12 12 12 12 13 13 14 14 14 14 15 16 17 18 18 18 18 18 18 18 19 20 21
4 3 4 18 3 4 18 1 2 4 5 18 0 1 2 3 3 6 12 5 8 9 10 12 7 7 7 13 18 5 7 13 14 11 12 12 15 16 17 14 14 14 1 2 3 11 19 20 21 18 18 18
-85.85970688000003
au-37X3-a
Au C H C H H Au H C H Au H H Au N O
0 0 1 1 1 1 1 2 2 3 3 3 3 4 5 6 7 7 8 8 8 8 9 10 11 11 12 13 13 14 14 14 15 15
1 2 0 2 13 14 15 0 1 4 5 7 14 3 3 7 3 6 9 11 12 14 8 11 8 10 8 1 15 1 3 8 1 13
-68.57693787000002
au-37X4-a
Au C H H H Au C H Au H H N H Au O C
0 1 1 1 1 2 2 3 4 5 6 6 6 6 7 7 8 9 9 10 11 11 11 12 13 13 14 14 15 15 15 15
2 2 3 4 15 0 1 1 1 7 7 9 10 11 5 6 9 6 8 6 6 12 15 11 14 15 13 15 1 11 13 14
-68.95743230000002
cu-25X1-a
Cu C H Cu Cu N H C H Cu Cu H H Cu O
0 1 1 1 1 1 2 2 3 4 4 4 5 5 5 5 6 6 6 7 7 7 7 8 9 10 11 11 11 12 13 14
2 2 4 5 13 14 0 1 6 1 5 6 1 4 6 7 3 4 5 5 8 11 12 7 11 11 7 9 10 7 1 1
-52.05832645999999
zn-37X3-a
C H C H H H C H H H Zn N O
0 0 0 0 1 2 2 2 2 3 4 5 6 6 6 6 7 8 9 10 10 11 11 11 12 12
1 10 11 12 0 3 4 5 11 2 2 2 7 8 9 11 6 6 6 0 12 0 2 6 0 10
-68.52291509
ir-37X4-a
Ir C H H Ir H Ir C H Ir H H Ir Ir N H Ir O C
0 0 0 0 1 1 1 1 1 2 2 3 4 4 5 5 5 6 7 7 7 7 7 8 8 9 10 10 11 12 13 13 13 13 14 14 14 14 15 15 15 15 16 16 17 17 18 18 18 18 18 18
1 2 5 18 0 2 3 5 18 0 1 1 5 15 0 1 4 8 8 10 11 13 14 6 7 10 7 9 7 15 7 14 15 18 7 13 15 18 4 12 13 14 17 18 16 18 0 1 13 14 16 17
-69.15644567999999
rh-49X6-a
Rh C H H H Rh Rh N H C H Rh H C H H Rh H Rh Rh O C Rh
0 0 0 0 0 0 0 1 1 1 1 1 2 2 3 4 4 5 6 6 6 6 6 7 7 7 7 7 7 8 8 8 8 9 9 9 9 10 11 12 12 12 13 13 13 13 14 15 16 17 17 17 18 18 19 19 19 20 20 20 20 20 21 21 21 21 21 21 21 22
1 2 4 7 8 20 21 0 2 3 4 21 0 1 1 0 1 8 7 8 12 17 21 0 6 8 9 19 21 0 5 6 7 7 10 12 13 9 12 6 9 11 9 14 15 17 13 13 17 6 13 16 20 21 7 20 21 0 18 19 21 22 0 1 6 7 18 19 20 20
-86.1150103
cu-49X3-a
Cu Cu Cu Cu N H H C H H H C H C H H H O C Cu Cu Cu
0 0 1 2 2 3 4 4 4 4 5 5 5 5 5 6 7 7 7 7 8 9 10 11 11 11 11 12 13 13 13 13 14 15 16 17 17 17 17 17 18 18 18 19 20 21
4 5 5 5 17 5 0 5 6 18 0 1 2 3 4 4 8 9 10 11 7 7 7 7 12 13 18 11 11 14 15 16 13 13 13 2 18 19 20 21 4 11 17 17 17 17
-86.04687394000001
ni-25X2-a
Ni Ni Ni Ni N H H C H H H O C Ni Ni Ni
0 0 1 2 2 3 4 4 4 4 5 5 5 5 5 6 7 7 7 7 8 9 10 11 11 11 11 11 12 12 12 13 14 15
4 5 5 5 11 5 0 5 6 12 0 1 2 3 4 4 8 9 10 12 7 7 7 2 12 13 14 15 4 7 11 11 11 11
-52.92980117000002
zn-49X4-a
N H H C H H C H H C H H H Zn O C
0 0 0 1 2 3 3 3 3 4 5 6 6 6 6 7 8 9 9 9 9 10 11 12 13 13 14 14 15 15 15 15
1 2 15 0 0 4 5 6 15 3 3 3 7 8 9 6 6 6 10 11 12 9 9 9 14 15 13 15 0 3 13 14
-85.81550676
zn-49X6-a
Zn C H H H N H C H Zn H C H H H Zn O C
0 1 1 1 1 2 2 3 4 5 5 5 6 7 7 7 7 8 9 10 10 11 11 11 11 12 13 14 15 15 16 16 17 17 17 17
2 2 3 4 17 0 1 1 1 6 7 17 5 5 8 10 11 7 10 7 9 7 12 13 14 11 11 11 16 17 15 17 1 5 15 16
-85.64743919
cd-49X3-a
Cd Cd N H H C H H H C H C H H H O C Cd
0 1 2 2 2 3 3 3 4 5 5 5 5 6 7 8 9 9 9 9 10 11 11 11 11 12 13 14 15 15 16 16 16 16 17 17
3 3 3 4 16 0 1 2 2 6 7 8 9 5 5 5 5 10 11 16 9 9 12 13 14 11 11 11 16 17 2 9 15 17 15 16
-85.73350214000001
ag-49X4-a
Ag Ag N H H C H Ag H Ag C H H C H H H Ag O C
0 1 1 1 2 2 2 2 3 3 3 4 5 5 5 5 6 7 7 7 8 8 9 9 10 10 10 10 11 11 12 13 13 13 13 14 15 16 17 17 18 18 18 18 19 19 19 19 19 19
3 2 3 19 1 3 4 19 0 1 2 2 6 8 10 19 5 8 18 19 5 7 11 18 5 11 12 13 9 10 10 10 14 15 16 13 13 13 18 19 7 9 17 19 1 2 5 7 17 18
-85.88723524
ag-13X1-a
C H Ag Ag Ag N H H O Ag Ag
0 0 0 1 2 2 3 4 4 5 5 5 5 6 6 6 6 7 8 8 8 8 9 10
1 5 8 0 6 8 6 5 6 0 4 6 7 2 3 4 5 5 0 2 9 10 8 8
-35.715548729999995
os-49X3-a
Os Os Os N H H C H H H C H C H H H O C Os Os Os
0 0 1 1 2 3 3 3 3 4 4 4 4 5 6 6 6 6 7 8 9 10 10 10 10 11 12 12 12 12 13 14 15 16 16 16 16 16 17 17 17 18 19 20
3 4 4 16 4 0 4 5 17 0 1 2 3 3 7 8 9 10 6 6 6 6 11 12 17 10 10 13 14 15 12 12 12 1 17 18 19 20 3 10 16 16 16 16
-86.46781954000005
cu-37X2-a
Cu Cu Cu N H H C H H C H H H O C Cu Cu Cu
0 0 1 1 2 3 3 3 3 4 4 4 4 5 6 6 6 6 7 8 9 9 9 9 10 11 12 13 13 13 13 13 14 14 14 15 16 17
3 4 4 13 4 0 4 5 14 0 1 2 3 3 7 8 9 14 6 6 6 10 11 12 9 9 9 1 14 15 16 17 3 6 13 13 13 13
-69.35664064
ni-49X4-a
Ni Ni N H H C H H Ni C H H C H H H Ni O C Ni Ni
0 1 1 1 2 2 2 2 3 3 3 4 5 5 5 5 6 7 8 8 9 9 9 9 10 10 11 12 12 12 12 13 14 15 16 16 17 17 17 17 17 18 18 18 18 18 19 20
3 2 3 18 1 3 4 18 0 1 2 2 6 7 9 18 5 5 10 17 5 10 11 12 8 9 9 9 13 14 15 12 12 12 17 18 8 16 18 19 20 1 2 5 16 17 17 17
-86.16680957
os-49X2-a
Os Os Os C H N H C H Os H Os C H H Os C H H H O Os Os
0 0 0 1 2 2 2 3 3 3 3 3 4 4 4 4 5 5 5 6 7 7 7 7 8 9 9 10 10 11 12 12 12 12 13 13 14 15 16 16 16 16 17 17 18 19 20 20 20 20 20 20 21 22
3 4 20 4 3 4 20 0 2 4 5 20 0 1 2 3 3 6 7 5 5 8 10 12 7 10 20 7 9 13 7 13 14 16 11 12 12 17 12 17 18 19 15 16 16 16 0 2 3 9 21 22 20 20
-85.88474600000006
ag-49X7-a
N H C H Ag H H C H Ag H C H H Ag H Ag O C Ag Ag
0 0 0 1 2 2 2 2 3 4 5 5 6 7 7 7 7 8 9 10 10 11 11 11 11 12 13 14 15 15 16 16 17 17 17 17 18 18 18 18 19 20
1 2 18 0 0 3 5 6 2 5 2 4 2 8 10 11 18 7 10 7 9 7 12 13 15 11 11 15 11 14 17 18 16 18 19 20 0 7 16 17 17 17
-85.64371033
cd-37X4-a
Cd C H H H C H Cd H H N H Cd O C
0 1 1 1 1 2 2 3 4 5 5 5 5 6 7 8 8 9 10 10 10 11 12 12 13 13 14 14 14 14
2 2 3 4 14 0 1 1 1 6 8 9 10 5 8 5 7 5 5 11 14 10 13 14 12 14 1 10 12 13
-68.88005615
cu-49X8-a
Cu C H Cu H H C H H H C H H Cu H Cu Cu N O C Cu Cu
0 0 0 1 1 1 1 2 2 3 4 4 4 5 6 6 6 6 7 8 9 10 10 10 10 10 11 12 13 13 13 14 14 15 15 16 17 17 17 18 18 18 18 18 19 19 19 19 19 19 20 21
2 4 18 2 4 5 17 0 1 4 0 1 3 1 7 8 9 17 6 6 6 11 12 13 14 19 10 10 10 14 19 10 13 18 19 19 1 6 19 0 15 19 20 21 10 13 15 16 17 18 18 18
-85.48006039
pt-49X6-a
Pt C H H H Pt Pt N H C H Pt H C H H Pt H Pt Pt O C
0 0 0 0 0 0 1 1 1 1 1 2 2 3 4 4 5 6 6 6 6 7 7 7 7 7 7 8 8 8 9 9 9 9 10 11 12 12 12 13 13 13 13 14 15 16 17 17 18 18 19 19 19 20 20 20 20 21 21 21 21 21 21 21
1 2 4 7 20 21 0 2 3 4 21 0 1 1 0 1 8 7 8 12 21 0 6 8 9 19 21 5 6 7 7 10 12 13 9 12 6 9 11 9 14 15 17 13 13 17 13 16 20 21 7 20 21 0 18 19 21 0 1 6 7 18 19 20
-85.94984301
os-37X3-a
Os Os Os C H C H H H C H H H Os N O Os Os
0 1 1 2 2 2 3 3 3 3 3 3 4 4 4 4 5 5 5 5 6 7 8 9 9 9 9 10 11 12 13 13 14 14 14 15 15 15 15 15 16 17
4 3 4 3 4 15 1 2 4 13 14 15 0 1 2 3 6 7 8 14 5 5 5 10 11 12 14 9 9 9 3 15 3 5 9 2 3 13 16 17 15 15
-69.02329997000004
rh-37X4-a
Rh C H H Rh H Rh Rh C H H H Rh Rh N H Rh O C
0 0 0 0 1 1 1 1 1 2 2 3 4 4 5 5 5 6 7 7 8 8 8 8 8 9 9 9 10 10 11 12 13 13 13 13 14 14 14 14 15 15 15 15 16 16 17 17 18 18 18 18 18 18
1 2 5 18 0 2 3 5 18 0 1 1 5 15 0 1 4 9 9 10 9 10 11 13 14 6 7 8 7 8 8 15 8 14 15 18 8 13 15 18 4 12 13 14 17 18 16 18 0 1 13 14 16 17
-69.14059350000002
au-49X7-a
N H Au C H Au H H C H Au H C H H Au H O C Au
0 0 0 0 1 2 3 3 3 3 4 4 5 6 6 7 8 8 8 8 9 10 10 11 11 12 12 12 12 13 14 15 16 16 16 17 18 18 18 19
1 3 18 19 0 4 0 4 6 7 2 3 6 3 5 3 9 11 12 18 8 11 16 8 10 8 13 14 16 12 12 16 10 12 15 18 0 8 17 0
-85.57354119000001
ag-49X3-a
Ag Ag Ag N H H C H H H C H C H H H O C Ag Ag
0 0 1 1 2 3 3 3 3 4 4 4 4 5 6 6 6 6 7 8 9 10 10 10 10 11 12 12 12 12 13 14 15 16 16 16 16 17 17 17 18 19
3 4 4 16 4 0 4 5 17 0 1 2 3 3 7 8 9 10 6 6 6 6 11 12 17 10 10 13 14 15 12 12 12 1 17 18 19 3 10 16 16 16
-85.89683966999999
pd-37X4-a
Pd C H H Pd H Pd Pd C H H H Pd Pd N H Pd O C
0 0 0 0 1 1 1 1 1 2 2 3 4 4 5 5 5 6 7 7 8 8 8 8 8 9 9 9 10 10 11 12 13 13 13 13 14 14 14 14 15 15 15 15 16 16 17 17 18 18 18 18 18 18
1 2 5 18 0 2 3 5 18 0 1 1 5 15 0 1 4 9 9 10 9 10 11 13 14 6 7 8 7 8 8 15 8 14 15 18 8 13 15 18 4 12 13 14 17 18 16 18 0 1 13 14 16 17
-69.17959919
cd-49X6-a
Cd C H H H N H C H Cd H C H H H Cd O C
0 1 1 1 1 2 2 3 4 5 5 5 6 7 7 7 7 8 9 10 10 11 11 11 11 12 13 14 15 15 16 16 17 17 17 17
2 2 3 4 17 0 1 1 1 6 7 17 5 5 8 10 11 7 10 7 9 7 12 13 14 11 11 11 16 17 15 17 1 5 15 16
-85.58955684
ni-37X3-a
Ni C H C H H H C H H H Ni Ni N O Ni
0 0 1 1 1 1 1 1 2 2 3 3 3 3 4 5 6 7 7 7 7 8 9 10 11 11 12 12 13 13 13 14 14 14 14 15
1 2 0 2 11 12 13 14 0 1 4 5 6 13 3 3 3 8 9 10 13 7 7 7 1 14 1 14 1 3 7 1 11 12 15 14
-68.87421823
pd-37X3-a
Pd C H C H H Pd H C H Pd H H Pd N O
0 0 1 1 1 1 1 1 2 2 3 3 3 3 4 5 6 7 7 8 8 8 8 9 10 10 10 11 11 12 13 13 14 14 14 14 15 15
1 2 0 2 10 13 14 15 0 1 4 5 7 14 3 3 7 3 6 9 11 12 14 8 1 11 14 8 10 8 1 15 1 3 8 10 1 13
-68.87822785
os-25X2-a
Os Os Os N H H C H H H O C Os Os Os
0 0 1 1 2 2 3 3 3 3 3 4 4 4 4 5 6 6 6 6 7 8 9 10 10 10 10 10 11 11 11 12 13 14
3 4 4 10 3 4 0 2 4 5 11 0 1 2 3 3 7 8 9 11 6 6 6 1 11 12 13 14 3 6 10 10 10 10
-53.1504127500001
ag-37X3-a
Ag C H C H H H C H H H Ag Ag N O
0 0 1 1 1 1 1 1 2 2 3 3 3 3 4 5 6 7 7 7 7 8 9 10 11 12 12 13 13 13 14 14
1 2 0 2 11 12 13 14 0 1 4 5 6 13 3 3 3 8 9 10 13 7 7 7 1 1 14 1 3 7 1 12
-68.58770390000001
pt-49X7-a
Pt Pt Pt N H Pt C H Pt H H C H Pt H C H H Pt H Pt O C
0 0 1 2 2 2 2 3 3 3 3 4 4 4 4 5 6 6 6 6 6 7 7 8 9 9 10 11 11 11 11 12 13 13 13 14 14 14 15 15 15 15 16 17 18 19 19 19 20 20 21 21 22 22 22 22 22 22
4 14 4 3 4 6 22 2 4 6 22 0 1 2 3 7 2 3 7 9 10 5 6 9 6 8 6 12 14 15 22 11 14 19 22 0 11 13 11 16 17 19 15 15 19 13 15 18 21 22 20 22 2 3 11 13 20 21
-85.84280603000002
ag-49X5-a
Ag C H C H H H C H H C H H Ag H Ag Ag N O Ag
0 1 1 1 1 1 2 2 3 3 3 3 4 5 6 7 7 7 7 8 9 10 10 10 10 11 12 13 14 14 15 15 16 16 17 17 17 18 18 18 18 19
2 2 15 16 17 18 0 1 4 5 6 17 3 3 3 8 9 10 17 7 7 7 11 12 14 10 10 14 10 13 1 18 1 18 1 3 7 1 15 16 19 18
-85.24991654000002
ru-49X5-a
Ru Ru C H Ru C H H Ru H C H Ru H C H H Ru H Ru N O Ru
0 0 0 1 1 1 1 1 1 1 2 2 2 2 2 2 3 3 3 4 5 5 5 5 5 6 6 6 7 8 8 9 9 10 10 10 10 11 12 12 13 13 13 14 14 14 14 15 16 17 18 18 19 19 20 20 20 20 20 21 21 21 21 21 21 22
2 3 21 2 3 5 6 13 20 21 0 1 3 19 20 21 0 1 2 6 1 6 7 9 20 1 4 5 5 9 20 5 8 11 13 14 20 10 13 21 1 10 12 10 15 16 18 14 14 18 14 17 2 21 1 2 5 8 10 0 1 2 12 19 22 21
-85.75696474
cu-25X2-a
Cu Cu Cu N H H C H H H O C Cu Cu Cu
0 0 1 1 2 2 3 3 3 3 3 4 4 4 4 5 6 6 6 6 7 8 9 10 10 10 10 10 11 11 11 12 13 14
3 4 4 10 3 4 0 2 4 5 11 0 1 2 3 3 7 8 9 11 6 6 6 1 11 12 13 14 3 6 10 10 10 10
-52.737374200000005
ag-25X1-a
Ag C H N H C H Ag H H Ag Ag O Ag
0 0 1 1 1 1 1 1 2 2 3 3 3 3 4 5 5 5 5 6 7 8 8 9 10 10 11 11 11 12 12 12 12 13
1 2 0 2 3 10 11 12 0 1 1 4 5 11 3 3 6 8 9 5 8 5 7 5 1 12 1 3 12 1 10 11 13 12
-52.08352087
cd-49X8-a
C H H H C H H H C H H Cd H Cd N O C
0 0 0 0 1 2 3 4 4 4 4 5 6 7 8 8 8 8 9 10 11 12 12 13 13 14 14 14 15 15 16 16 16 16
1 2 3 14 0 0 0 5 6 7 14 4 4 4 9 10 12 16 8 8 12 8 11 15 16 0 4 16 13 16 8 13 14 15
-85.2701428
au-37X1-a
Au C H N H C H Au H C H H Au H Au O
0 0 1 1 1 1 1 2 2 3 3 3 4 5 5 5 5 6 7 8 8 9 9 9 9 10 11 12 13 13 14 14 15 15
1 2 0 2 3 14 15 0 1 1 4 5 3 3 6 8 9 5 8 5 7 5 10 11 13 9 9 13 9 12 1 15 1 14
-68.77658538
ag-49X8-a
Ag C H Ag H H C H H H C H H Ag H Ag Ag N O C
0 0 1 1 1 1 2 2 3 4 4 4 5 6 6 6 6 7 8 9 10 10 10 10 11 12 13 14 14 15 15 16 17 17 17 18 18 19 19 19 19 19
2 4 2 4 5 17 0 1 4 0 1 3 1 7 8 9 17 6 6 6 11 12 14 19 10 10 14 10 13 18 19 19 1 6 19 15 19 10 15 16 17 18
-85.37669607000001
pd-25X2-a
Pd Pd Pd N H H C H H H O C Pd Pd Pd
0 0 1 1 2 2 3 3 3 3 3 4 4 4 4 5 6 6 6 6 7 8 9 10 10 10 10 10 11 11 11 12 13 14
3 4 4 10 3 4 0 2 4 5 11 0 1 2 3 3 7 8 9 11 6 6 6 1 11 12 13 14 3 6 10 10 10 10
-52.909892740000004
ir-49X5-a
Ir Ir C H Ir C H H Ir H C H Ir H C H H Ir H Ir N O
0 0 0 1 1 1 1 1 1 1 2 2 2 2 2 2 3 3 3 4 5 5 5 5 5 6 6 6 7 8 9 9 10 10 10 10 11 12 12 13 13 13 14 14 14 14 15 16 17 17 18 18 19 19 20 20 20 20 20 21 21 21 21 21
2 3 21 2 3 5 6 13 20 21 0 1 3 19 20 21 0 1 2 6 1 6 7 9 20 1 4 5 5 9 5 8 11 13 14 20 10 13 21 1 10 12 10 15 16 18 14 14 18 20 14 17 2 21 1 2 5 10 17 0 1 2 12 19
-85.26634593
pd-49X5-a
Pd Pd Pd C H C H H H C H Pd H C H H Pd H N O
0 1 1 1 2 2 2 2 3 3 3 3 3 4 4 4 4 5 5 5 5 6 7 8 9 9 9 9 10 11 11 12 12 13 13 13 13 14 15 16 17 17 18 18 18 18 19 19 19 19
4 3 4 19 3 4 18 19 1 2 4 18 19 0 1 2 3 6 7 8 18 5 5 5 10 12 13 18 9 12 19 9 11 9 14 15 17 13 13 17 13 16 2 3 5 9 1 2 3 11
-85.55450958000003
rh-49X8-a
Rh C H Rh H H C H H H Rh Rh C H H H Rh Rh N O C Rh
0 0 0 1 1 1 1 2 2 3 4 4 4 5 6 6 6 6 7 8 9 10 10 10 10 11 12 12 12 12 12 13 13 13 14 15 15 16 16 17 17 17 18 18 18 18 19 19 19 19 19 20 20 20 20 20 20 21
2 4 19 2 4 5 18 0 1 4 0 1 3 1 7 8 9 18 6 6 6 12 13 15 20 13 10 13 14 15 20 10 11 12 12 10 12 19 20 18 19 20 1 6 17 20 0 16 17 20 21 10 12 16 17 18 19 19
-85.63203873000003
rh-37X2-a
Rh Rh Rh N H H C H H C H H H O C Rh Rh Rh
0 0 1 1 2 2 3 3 3 3 3 4 4 4 4 5 6 6 6 6 7 8 9 9 9 9 10 11 12 13 13 13 13 13 14 14 14 15 16 17
3 4 4 13 3 4 0 2 4 5 14 0 1 2 3 3 7 8 9 14 6 6 6 10 11 12 9 9 9 1 14 15 16 17 3 6 13 13 13 13
-69.54977467999998
ru-37X1-a
Ru Ru Ru C H N H C H Ru H C H H H O Ru Ru
0 0 0 1 2 2 2 3 3 3 3 3 3 4 4 4 4 5 5 5 6 7 7 7 7 8 9 9 9 10 10 11 11 11 11 12 13 14 15 15 15 15 15 15 16 17
3 4 15 4 3 4 15 0 2 4 5 9 15 0 1 2 3 3 6 7 5 5 8 10 11 7 3 10 15 7 9 7 12 13 14 11 11 11 0 2 3 9 16 17 15 15
-69.10949819000001
ru-25X1-a
Ru Ru C H Ru Ru N H Ru C H Ru H H Ru O
0 0 1 1 1 1 2 2 2 2 2 2 3 3 3 4 5 6 6 6 6 6 7 7 7 7 8 8 9 9 9 9 10 10 11 12 12 13 14 14 15 15
2 3 2 3 6 7 0 1 3 6 14 15 0 1 2 7 7 1 2 7 8 9 1 4 5 6 6 10 6 10 12 13 8 9 12 9 11 9 2 15 2 14
-52.28940370999999
zn-49X1-a
C H N H C H H H Zn C H C H H H Zn O
0 0 0 0 1 2 2 2 3 4 4 4 4 5 6 7 8 9 9 9 9 10 10 11 11 11 11 12 13 14 15 15 16 16
1 2 15 16 0 0 3 9 2 5 6 7 9 4 4 4 10 2 4 10 11 8 9 9 12 13 14 11 11 11 0 16 0 15
-85.46593565
pd-37X1-a
Pd C H N H C H Pd Pd H C H H Pd H Pd O
0 0 1 1 1 1 1 1 2 2 3 3 3 3 4 5 5 5 5 6 7 7 8 8 8 8 9 9 9 10 10 10 10 11 12 13 14 14 15 15 16 16 16 16
1 2 0 2 3 8 15 16 0 1 1 4 5 8 3 3 6 9 10 5 9 16 1 3 9 16 5 7 8 5 11 12 14 10 10 14 10 13 1 16 1 7 8 15
-69.07825440000002
cu-49X2-a
Cu C H N H C H Cu H Cu C H H C H H H Cu Cu O Cu
0 1 1 1 1 1 2 2 3 3 3 4 5 5 5 5 6 7 7 8 8 9 10 10 10 10 11 11 12 13 13 13 13 14 15 16 17 17 18 18 19 19 19 19 19 20
2 2 3 17 18 19 0 1 1 4 5 3 3 6 8 10 5 8 19 5 7 11 5 11 12 13 9 10 10 10 14 15 16 13 13 13 1 19 1 19 1 7 17 18 20 19
-85.58819317000001
os-25X1-a
Os Os Os C H Os N H Os C H Os H H O
0 1 1 2 2 2 2 3 3 3 3 3 4 4 4 4 5 6 6 6 6 6 7 7 7 8 8 9 9 9 9 10 10 11 11 12 12 12 13 14
4 3 4 3 4 6 7 1 2 4 6 14 0 1 2 3 7 2 3 7 9 11 2 5 6 10 12 6 10 12 13 8 9 6 12 8 9 11 9 3
-52.39127664
pd-49X8-a
Pd C H Pd H H C H H H Pd C H H H Pd Pd N O C
0 0 1 1 1 1 2 2 3 4 4 4 5 6 6 6 6 7 8 9 10 10 10 10 11 11 11 11 11 12 12 13 14 14 15 15 16 16 17 17 17 17 18 18 19 19 19 19 19 19
2 4 2 4 5 17 0 1 4 0 1 3 1 7 8 9 17 6 6 6 11 12 14 19 10 12 13 14 19 10 11 11 10 11 18 19 17 19 1 6 16 19 15 19 10 11 15 16 17 18
-85.67075467999999
pt-25X2-a
Pt Pt Pt N H H C H H H O C Pt Pt
0 0 1 1 2 2 3 3 3 3 3 4 4 4 4 5 6 6 6 6 7 8 9 10 10 10 10 11 11 11 12 13
3 4 4 10 3 4 0 2 4 5 11 0 1 2 3 3 7 8 9 11 6 6 6 1 11 12 13 3 6 10 10 10
-52.882045310000024
os-37X1-a
Os Os Os C H N H C H H C H H H Os O Os Os
0 0 0 1 2 2 2 3 3 3 3 3 3 4 4 4 4 5 5 5 6 7 7 7 7 8 9 10 10 10 10 11 12 13 14 14 15 15 15 15 15 15 16 17
3 4 15 4 3 4 15 0 2 4 5 14 15 0 1 2 3 3 6 7 5 5 8 9 10 7 7 7 11 12 13 10 10 10 3 15 0 2 3 14 16 17 15 15
-69.20621691000008
ag-37X2-a
Ag Ag Ag N H H C H H C H H H O C Ag Ag
0 0 1 1 2 3 3 3 3 4 4 4 4 5 6 6 6 6 7 8 9 9 9 9 10 11 12 13 13 13 13 14 14 14 15 16
3 4 4 13 4 0 4 5 14 0 1 2 3 3 7 8 9 14 6 6 6 10 11 12 9 9 9 1 14 15 16 3 6 13 13 13
-69.21911834
pd-49X2-a
Pd Pd C H N H C H Pd H Pd Pd C H H C H H H Pd O Pd
0 1 1 1 2 2 2 2 2 2 3 3 3 4 4 4 5 6 6 6 6 7 8 8 8 9 9 10 11 11 12 12 12 12 13 13 13 14 15 15 15 15 16 16 17 18 19 19 20 20 20 20 20 21
3 2 3 20 1 3 4 8 19 20 0 1 2 2 5 6 4 4 7 9 12 6 2 9 20 6 8 13 13 16 6 13 14 15 10 11 12 12 12 16 17 18 11 15 15 15 2 20 1 2 8 19 21 20
-85.78802525
cu-13X1-a
C H Cu Cu Cu Cu N H H O Cu Cu Cu
0 0 0 1 2 2 3 3 4 4 5 6 6 6 6 6 7 7 7 7 7 8 9 9 9 9 9 10 11 12
1 6 9 0 7 9 6 7 6 7 7 0 3 4 7 8 2 3 4 5 6 6 0 2 10 11 12 9 9 9
-35.84506026
pd-13X1-a
Pd C H Pd N H H Pd O Pd
0 0 1 1 1 1 1 1 2 2 3 3 3 3 4 4 4 4 5 5 6 7 7 8 8 8 8 9
1 2 0 2 3 4 7 8 0 1 1 4 5 8 1 3 5 6 3 4 4 1 8 1 3 7 9 8
-35.81256548000002
os-49X4-a
Os Os N H H C H Os H Os C H H C H H H O C Os Os
0 1 1 1 1 2 2 2 2 2 3 3 3 4 5 5 5 5 6 7 7 7 8 8 9 9 10 10 10 10 11 11 12 13 13 13 13 14 15 16 17 17 17 17 17 17 18 18 18 18 18 19 20 20
3 2 3 17 18 1 3 4 18 20 0 1 2 2 6 8 10 18 5 8 17 18 5 7 11 17 5 11 12 13 9 10 10 10 14 15 16 13 13 13 1 7 9 18 19 20 1 2 5 7 17 17 2 17
-86.31609760000003
os-49X1-a
Os Os Os C H N H C H H H Os C H C H H H O Os Os
0 1 1 1 2 2 2 3 3 3 3 3 4 4 4 4 5 5 5 6 7 7 7 7 8 9 10 11 11 12 12 12 12 13 13 14 14 14 14 15 16 17 18 18 18 18 18 18 19 20
4 3 4 18 3 4 18 1 2 4 5 18 0 1 2 3 3 6 12 5 8 9 10 12 7 7 7 13 18 5 7 13 14 11 12 12 15 16 17 14 14 14 1 2 3 11 19 20 18 18
-85.96365471000001
ag-49X1-a
C H N H C H H H Ag C H C H H H Ag Ag O
0 0 0 0 0 1 2 2 2 3 4 4 4 4 5 6 7 8 8 9 9 9 9 10 10 11 11 11 11 12 13 14 15 16 16 17 17 17
1 2 15 16 17 0 0 3 9 2 5 6 7 9 4 4 4 10 17 2 4 10 11 8 9 9 12 13 14 11 11 11 0 0 17 0 8 16
-85.53142814
cd-49X2-a
C H N H C H Cd H Cd C H H C H H H Cd O
0 0 0 0 1 2 2 2 3 4 4 4 4 5 6 7 7 8 9 9 9 9 10 10 11 12 12 12 12 13 14 15 16 16 17 17
1 2 16 17 0 0 3 4 2 2 5 7 9 4 7 4 6 10 4 10 11 12 8 9 9 9 13 14 15 12 12 12 0 17 0 16
-85.35151968
ir-37X2-a
Ir Ir Ir N H H C H H C H H H O C Ir Ir Ir
0 0 1 1 2 2 3 3 3 3 3 4 4 4 4 5 6 6 6 6 7 8 9 9 9 9 10 11 12 13 13 13 13 13 14 14 14 15 16 17
3 4 4 13 3 4 0 2 4 5 14 0 1 2 3 3 7 8 9 14 6 6 6 10 11 12 9 9 9 1 14 15 16 17 3 6 13 13 13 13
-69.59463914999998
os-49X7-a
Os Os N H Os C H Os H H C H Os H C H H Os H Os O C
0 1 1 1 1 2 2 2 2 2 2 2 3 3 3 4 4 5 5 5 5 6 6 7 8 8 8 9 10 10 10 10 11 12 12 12 13 13 14 14 14 14 15 16 17 18 18 19 19 19 20 20 21 21 21 21 21 21
3 2 3 8 21 1 3 4 5 12 19 21 0 1 2 2 6 2 6 8 9 4 5 8 1 5 7 5 11 13 14 21 10 2 13 21 10 12 10 15 16 18 14 14 18 14 17 2 20 21 19 21 1 2 10 12 19 20
-85.95338590000006
cu-49X6-a
Cu Cu C H H H N H C H Cu H C H H Cu H O C Cu Cu
0 1 2 2 2 2 3 3 3 4 5 6 6 6 7 8 8 8 8 9 10 10 11 11 12 12 12 12 13 14 15 16 16 17 17 17 17 18 18 18 18 19 20 20
3 3 3 4 5 18 0 1 2 2 2 7 8 18 6 6 9 11 12 8 11 17 8 10 8 13 14 16 12 12 16 12 15 10 18 19 20 2 6 17 20 17 17 18
-85.82139440999998
pd-25X1-a
Pd Pd Pd C H Pd N H Pd C H Pd H H O
0 1 1 2 2 2 2 2 3 3 3 3 3 4 4 4 4 5 6 6 6 6 7 7 7 8 8 9 9 9 9 9 10 10 11 12 12 12 13 14
4 3 4 3 4 6 7 9 1 2 4 6 14 0 1 2 3 7 2 3 7 9 2 5 6 10 12 2 6 10 12 13 8 9 12 8 9 11 9 3
-52.318652749999984
pt-37X1-a
Pt C H N H C H Pt H C H H Pt H Pt O
0 0 1 1 1 1 1 1 2 2 3 3 3 4 5 5 5 5 6 7 7 7 8 8 9 9 9 9 10 11 12 13 13 14 14 15 15 15
1 2 0 2 3 7 14 15 0 1 1 4 5 3 3 6 8 9 5 1 8 15 5 7 5 10 11 13 9 9 13 9 12 1 15 1 7 14
-69.00878058
au-25X1-a
Au C H Au N H C H H H Au O
0 1 1 1 1 1 2 2 3 3 3 4 4 4 4 5 5 6 6 6 6 7 8 9 10 11
2 2 3 4 10 11 0 1 1 4 5 1 3 5 6 3 4 4 7 8 9 6 6 6 1 1
-52.04533114
au-49X5-a
Au C H C H H H C H H C H H Au H Au Au N O
0 1 1 1 1 1 2 2 3 3 3 3 4 5 6 7 7 7 7 8 9 10 10 10 10 11 12 13 14 14 15 15 16 17 17 17 18 18
2 2 15 16 17 18 0 1 4 5 6 17 3 3 3 8 9 10 17 7 7 7 11 12 14 10 10 14 10 13 1 18 1 1 3 7 1 15
-85.23628929
cu-49X7-a
Cu N H Cu C H Cu H H C H Cu Cu H C H H Cu H O C
0 0 0 0 1 1 1 1 2 2 3 4 4 4 4 4 5 5 6 7 7 8 9 9 9 9 10 11 12 13 13 13 14 14 14 14 15 16 17 18 18 19 20 20 20 20
1 2 4 20 0 2 4 20 0 1 5 0 1 5 7 8 3 4 7 4 6 4 10 13 14 20 9 13 13 9 11 12 9 15 16 18 14 14 18 14 17 20 0 1 9 19
-85.59496345999997
cd-13X1-a
C H Cd Cd Cd N H H O
0 0 0 1 2 2 3 4 5 5 5 6 6 6 6 7 8 8
1 5 8 0 6 8 6 6 0 6 7 2 3 4 5 5 0 2
-35.62043804
rh-49X2-a
Rh Rh Rh C H N H C H Rh H Rh C H H Rh C H H H O Rh
0 0 0 1 2 2 2 3 3 3 3 3 3 4 4 4 4 5 5 5 6 7 7 7 7 8 9 9 9 10 10 11 12 12 12 12 13 13 14 15 16 16 16 16 17 17 18 19 20 20 20 20 20 21
3 4 20 4 3 4 20 0 2 4 5 9 20 0 1 2 3 3 6 7 5 5 8 10 12 7 3 10 20 7 9 13 7 13 14 16 11 12 12 17 12 17 18 19 15 16 16 16 0 2 3 9 21 20
-85.75313557999999
ru-49X4-a
Ru Ru Ru N H H C H Ru H Ru C H H C H H H O C Ru
0 1 1 1 2 2 2 2 3 3 3 3 3 4 4 4 4 5 6 6 6 6 7 8 8 8 9 9 10 10 11 11 11 11 12 12 13 14 14 14 14 15 16 17 18 18 18 18 18 18 19 19 19 19 19 20
4 3 4 18 3 4 18 19 1 2 4 5 19 0 1 2 3 3 7 9 11 19 6 9 18 19 6 8 12 18 6 12 13 14 10 11 11 11 15 16 17 14 14 14 1 2 8 10 19 20 2 3 6 8 18 18
-86.21296383999999
cd-49X5-a
Cd C H C H H H C H H C H H Cd H Cd Cd N O
0 1 1 1 1 1 2 2 3 3 3 3 4 5 6 7 7 7 7 8 9 10 10 10 10 11 12 13 14 14 15 15 16 17 17 17 18 18
2 2 15 16 17 18 0 1 4 5 6 17 3 3 3 8 9 10 17 7 7 7 11 12 14 10 10 14 10 13 1 18 1 1 3 7 1 15
-85.15149779999999
cd-49X4-a
N H H C H Cd H Cd C H H C H H H Cd O C
0 0 0 1 2 3 3 3 3 4 5 6 6 7 8 8 8 8 9 9 10 11 11 11 11 12 13 14 15 15 16 16 17 17 17 17
1 2 17 0 0 4 6 8 17 3 6 3 5 9 3 9 10 11 7 8 8 8 12 13 14 11 11 11 16 17 15 17 0 3 15 16
-85.75072657999999
zn-49X3-a
Zn Zn N H H C H H H C H C H H H O C Zn
0 1 2 2 2 3 3 3 4 5 5 5 5 6 7 8 9 9 9 9 10 11 11 11 11 12 13 14 15 15 16 16 16 17
3 3 3 4 16 0 1 2 2 6 7 8 9 5 5 5 5 10 11 16 9 9 12 13 14 11 11 11 16 17 2 9 15 15
-85.85211322
rh-49X3-a
Rh Rh Rh Rh N H H C H H H C H C H H H O C Rh Rh Rh
0 0 1 2 2 3 4 4 4 4 5 5 5 5 5 6 7 7 7 7 8 9 10 11 11 11 11 12 13 13 13 13 14 15 16 17 17 17 17 17 18 18 18 19 20 21
4 5 5 5 17 5 0 5 6 18 0 1 2 3 4 4 8 9 10 11 7 7 7 7 12 13 18 11 11 14 15 16 13 13 13 2 18 19 20 21 4 11 17 17 17 17
-86.26424696999999
rh-37X1-a
Rh Rh Rh C H N H C H Rh H C H H Rh H O Rh Rh
0 0 1 2 2 2 3 3 3 3 3 3 4 4 4 4 5 5 5 6 7 7 7 7 8 9 9 9 10 10 11 11 11 11 12 13 14 15 15 16 16 16 16 16 17 18
3 4 4 3 4 16 0 2 4 5 9 16 0 1 2 3 3 6 7 5 5 8 10 11 7 3 10 16 7 9 7 12 13 15 11 11 15 11 14 2 3 9 17 18 16 16
-69.05946853
au-49X3-a
Au Au Au N H H C H H H C H C H H H O C
0 1 1 2 3 3 3 4 4 4 4 5 6 6 6 6 7 8 9 10 10 10 10 11 12 12 12 12 13 14 15 16 16 17 17 17
4 4 16 4 4 5 17 0 1 2 3 3 7 8 9 10 6 6 6 6 11 12 17 10 10 13 14 15 12 12 12 1 17 3 10 16
-85.85897077000001
pt-49X4-a
Pt Pt N H H C H Pt H Pt C H H C H H H Pt O C
0 1 1 1 2 2 2 2 3 3 3 4 5 5 5 5 6 7 7 7 8 8 9 9 10 10 10 10 11 11 12 13 13 13 13 14 15 16 17 17 18 18 18 18 19 19 19 19 19 19
3 2 3 19 1 3 4 19 0 1 2 2 6 8 10 19 5 8 18 19 5 7 11 18 5 11 12 13 9 10 10 10 14 15 16 13 13 13 18 19 7 9 17 19 1 2 5 7 17 18
-86.08794713000003
ru-13X1-a
Ru Ru C H Ru N H H O Ru Ru Ru
0 0 1 1 1 2 2 2 2 2 2 3 3 3 4 4 4 4 5 5 5 5 6 6 7 8 8 8 8 8 8 9 10 11
2 3 2 3 8 0 1 3 4 5 8 0 1 2 2 5 6 8 2 4 6 7 4 5 5 1 2 4 9 10 11 8 8 8
-35.906275410000035
pt-49X5-a
Pt C H C H H H C H Pt H C H H Pt H Pt Pt N O
0 1 1 1 1 1 2 2 3 3 3 3 4 5 6 7 7 7 7 8 9 9 10 10 11 11 11 11 12 13 14 15 15 16 16 17 18 18 18 19 19 19
2 2 16 17 18 19 0 1 4 5 6 18 3 3 3 8 10 11 18 7 10 19 7 9 7 12 13 15 11 11 15 11 14 1 19 1 1 3 7 1 9 16
-85.49898009999998
zn-49X8-a
C H H H C H H H C H H H Zn N O C
0 0 0 0 1 2 3 4 4 4 4 5 6 7 8 8 8 8 9 10 11 12 12 13 13 13 14 14 15 15 15 15
1 2 3 13 0 0 0 5 6 7 13 4 4 4 9 10 11 15 8 8 8 14 15 0 4 15 12 15 8 12 13 14
-85.31719641999999
pt-37X4-a
Pt C H H Pt H Pt C H Pt H H Pt Pt N H O C
0 0 0 0 1 1 1 1 1 2 2 3 4 4 5 5 5 6 7 7 7 7 7 8 8 9 10 10 11 12 13 13 13 13 14 14 14 14 15 15 15 15 16 17 17 17 17 17
1 2 5 17 0 2 3 5 17 0 1 1 5 15 0 1 4 8 8 10 11 13 14 6 7 10 7 9 7 15 7 14 15 17 7 13 15 17 4 12 13 14 17 0 1 13 14 16
-69.15077044999998
ag-49X6-a
Ag C H H H N H C H Ag Ag H C H H Ag H Ag O C
0 1 1 1 1 2 2 3 4 5 5 5 6 7 7 7 7 8 9 10 11 11 11 12 12 12 12 13 14 15 16 16 17 17 18 18 19 19 19 19
2 2 3 4 19 0 1 1 1 6 7 19 5 5 8 11 12 7 11 11 7 9 10 7 13 14 16 12 12 16 12 15 18 19 17 19 1 5 17 18
-85.70478076
pd-49X1-a
Pd Pd C H N H C H H Pd H Pd C H C H H H Pd O
0 1 1 1 1 2 2 2 2 2 2 3 3 3 4 4 4 4 5 6 6 6 6 7 8 9 10 10 11 11 11 12 12 12 12 13 13 14 14 14 14 15 16 17 18 18 19 19 19 19
3 2 3 4 19 1 3 4 11 18 19 0 1 2 1 2 5 12 4 7 8 10 12 6 6 10 6 9 2 13 19 4 6 13 14 11 12 12 15 16 17 14 14 14 2 19 1 2 11 18
-85.82873242000002
zn-25X1-a
C H N H C H H H Zn O
0 0 0 0 1 2 2 2 3 4 4 4 4 5 6 7 8 8 9 9
1 2 8 9 0 0 3 4 2 2 5 6 7 4 4 4 0 9 0 8
-52.01998680999999
cu-37X1-a
Cu C H N H C H Cu H C H H Cu H Cu O Cu
0 0 1 1 1 1 1 1 2 2 3 3 3 4 5 5 5 5 6 7 7 7 8 8 9 9 9 9 10 11 12 13 13 14 14 15 15 15 15 16
1 2 0 2 3 7 14 15 0 1 1 4 5 3 3 6 8 9 5 1 8 15 5 7 5 10 11 13 9 9 13 9 12 1 15 1 7 14 16 15
-68.89944589000001
ir-49X1-a
Ir Ir C H N H C H H H Ir C H C H H H Ir O Ir
0 1 1 1 2 2 2 2 2 3 3 3 4 4 4 5 6 6 6 6 7 8 9 10 10 11 11 11 11 12 12 13 13 13 13 14 15 16 17 17 18 18 18 18 18 19
3 2 3 18 1 3 4 17 18 0 1 2 2 5 11 4 7 8 9 11 6 6 6 12 18 4 6 12 13 10 11 11 14 15 16 13 13 13 2 18 1 2 10 17 19 18
-85.81257701999999
pt-49X1-a
Pt Pt C H N H C H H H Pt C H C H H H Pt O
0 1 1 2 2 2 2 2 3 3 3 4 4 4 5 6 6 6 6 7 8 9 10 10 11 11 11 11 12 12 13 13 13 13 14 15 16 17 17 18 18 18
3 2 3 1 3 4 17 18 0 1 2 2 5 11 4 7 8 9 11 6 6 6 12 18 4 6 12 13 10 11 11 14 15 16 13 13 13 2 18 2 10 17
-85.75933020000002
ni-49X5-a
Ni C H Ni C H H Ni H C H Ni H C H H Ni H Ni Ni Ni N O Ni
0 0 0 1 1 1 1 1 1 1 2 2 3 4 4 4 4 4 5 5 6 7 8 8 9 9 9 9 10 11 12 12 13 13 13 13 14 15 16 17 17 18 18 19 19 20 20 20 21 21 21 21 22 22 22 22 22 23
1 2 22 0 2 18 19 20 21 22 0 1 5 5 6 8 20 21 3 4 4 8 4 7 10 12 13 21 9 12 9 11 9 14 15 17 13 13 17 13 16 1 22 1 22 1 4 21 1 4 9 20 0 1 18 19 23 22
-85.49352807999998
ag-37X1-a
Ag C H N H C H Ag H C H H Ag H Ag O
0 0 1 1 1 1 1 1 2 2 3 3 3 4 5 5 5 5 6 7 7 7 8 8 9 9 9 9 10 11 12 13 13 14 14 15 15 15
1 2 0 2 3 7 14 15 0 1 1 4 5 3 3 6 8 9 5 1 8 15 5 7 5 10 11 13 9 9 13 9 12 1 15 1 7 14
-68.80022886
ni-49X1-a
Ni Ni C H N H C H H H Ni C H C H H H Ni O Ni
0 1 1 1 2 2 2 2 2 3 3 3 4 4 4 5 6 6 6 6 7 8 9 10 10 11 11 11 11 12 12 13 13 13 13 14 15 16 17 17 18 18 18 18 18 19
3 2 3 18 1 3 4 17 18 0 1 2 2 5 11 4 7 8 9 11 6 6 6 12 18 4 6 12 13 10 11 11 14 15 16 13 13 13 2 18 1 2 10 17 19 18
-85.80427779999997
ru-25X2-a
Ru Ru Ru Ru N H H C H H H O C Ru Ru Ru Ru
0 0 1 2 2 3 3 4 4 4 4 4 5 5 5 5 5 6 7 7 7 7 8 9 10 11 11 11 11 11 11 12 12 12 13 14 15 16
4 5 5 5 11 4 5 0 3 5 6 12 0 1 2 3 4 4 8 9 10 12 7 7 7 2 12 13 14 15 16 4 7 11 11 11 11 11
-53.02685971
ir-49X4-a
Ir Ir N H H C H Ir H Ir C H H C H H H O C Ir Ir
0 1 1 1 2 2 2 2 2 3 3 3 4 5 5 5 5 6 7 7 7 8 8 9 9 10 10 10 10 11 11 12 13 13 13 13 14 15 16 17 17 17 17 17 18 18 18 18 18 19 20 20
3 2 3 18 1 3 4 18 20 0 1 2 2 6 8 10 18 5 8 17 18 5 7 11 17 5 11 12 13 9 10 10 10 14 15 16 13 13 13 7 9 18 19 20 1 2 5 7 17 17 2 17
-86.15260988
au-49X6-a
Au C H H H N H C H Au H C H H Au H Au O C
0 1 1 1 1 2 2 3 4 5 5 5 6 7 7 7 7 8 9 10 10 11 11 11 11 12 13 14 15 15 16 16 17 17 18 18 18 18
2 2 3 4 18 0 1 1 1 6 7 18 5 5 8 10 11 7 10 7 9 7 12 13 15 11 11 15 11 14 17 18 16 18 1 5 16 17
-85.68840214000002
cd-25X2-a
Cd Cd Cd N H H C H H H O C
0 1 1 2 3 3 3 4 4 4 4 5 6 6 6 6 7 8 9 10 10 11 11 11
4 4 10 4 4 5 11 0 1 2 3 3 7 8 9 11 6 6 6 1 11 3 6 10
-52.4744026
au-49X8-a
Au C H Au H H C H H H C H H Au H Au N O C
0 0 1 1 1 1 2 2 3 4 4 4 5 6 6 6 6 7 8 9 10 10 10 10 11 12 13 14 14 15 15 16 16 16 17 17 18 18 18 18
2 4 2 4 5 16 0 1 4 0 1 3 1 7 8 9 16 6 6 6 11 12 14 18 10 10 14 10 13 17 18 1 6 18 15 18 10 15 16 17
-85.36375125
os-49X8-a
Os C H Os H H C H H H Os Os C H H H Os Os N O C Os Os
0 0 0 1 1 1 1 2 2 3 4 4 4 5 6 6 6 6 7 8 9 10 10 10 11 12 12 12 12 13 13 13 14 15 15 16 16 17 17 17 18 18 18 18 19 19 19 19 19 19 20 20 20 20 20 20 21 22
2 4 19 2 4 5 18 0 1 4 0 1 3 1 7 8 9 18 6 6 6 13 15 20 13 13 14 15 20 10 11 12 12 10 12 19 20 18 19 20 1 6 17 20 0 16 17 20 21 22 10 12 16 17 18 19 19 19
-85.74341547000006
ir-49X6-a
Ir C H H H Ir Ir N H C H Ir H C H H Ir H Ir Ir O C Ir
0 0 0 0 0 0 1 1 1 1 1 2 2 3 4 5 6 6 6 6 7 7 7 7 7 7 8 8 8 8 9 9 9 9 10 11 12 12 12 13 13 13 13 14 15 16 17 17 18 18 19 19 19 20 20 20 20 20 21 21 21 21 21 21 21 22
1 2 7 8 20 21 0 2 3 4 21 0 1 1 1 8 7 8 12 21 0 6 8 9 19 21 0 5 6 7 7 10 12 13 9 12 6 9 11 9 14 15 17 13 13 17 13 16 20 21 7 20 21 0 18 19 21 22 0 1 6 7 18 19 20 20
-86.27935027999996
zn-37X2-a
Zn Zn N H H C H H C H H H O C Zn
0 1 2 2 2 3 3 3 4 5 5 5 5 6 7 8 8 8 8 9 10 11 12 12 13 13 13 14
3 3 3 4 13 0 1 2 2 6 7 8 13 5 5 5 9 10 11 8 8 8 13 14 2 5 12 12
-69.16710218
rh-25X1-a
Rh Rh Rh C H Rh N H Rh C H Rh H H O
0 1 1 1 2 2 2 2 3 3 3 3 3 4 4 4 4 5 6 6 6 6 6 7 7 7 8 8 9 9 9 9 10 10 11 11 12 12 12 13 14 14
4 3 4 14 3 4 6 7 1 2 4 6 14 0 1 2 3 7 2 3 7 9 11 2 5 6 10 12 6 10 12 13 8 9 6 12 8 9 11 9 1 3
-52.294861500000025
ru-49X2-a
Ru Ru Ru C H N H C H Ru H Ru C H H Ru C H H H O Ru Ru
0 0 0 1 2 2 2 3 3 3 3 3 4 4 4 4 5 5 5 6 7 7 7 7 8 9 9 10 10 11 12 12 12 12 13 13 14 15 16 16 16 16 17 17 18 19 20 20 20 20 20 20 21 22
3 4 20 4 3 4 20 0 2 4 5 20 0 1 2 3 3 6 7 5 5 8 10 12 7 10 20 7 9 13 7 13 14 16 11 12 12 17 12 17 18 19 15 16 16 16 0 2 3 9 21 22 20 20
-85.78642811999998
os-37X4-a
C H H Os Os H Os C H Os H H Os Os N H Os O C
0 0 0 0 0 1 2 3 3 3 4 4 5 5 5 6 6 7 7 7 7 8 8 9 10 10 11 12 13 13 13 14 14 14 14 14 15 15 15 15 16 16 17 17 18 18 18 18 18 18
1 2 3 5 18 0 0 0 5 18 5 15 0 3 4 8 14 8 10 11 14 6 7 10 7 9 7 15 14 15 18 6 7 13 15 18 4 12 13 14 17 18 16 18 0 3 13 14 16 17
-69.25484633000008
ni-49X7-a
Ni Ni Ni N H Ni C H Ni H H C H Ni Ni H C H H Ni H Ni O C
0 0 1 2 2 2 2 3 3 3 3 4 4 4 4 5 6 6 6 6 6 7 7 8 9 9 10 11 11 11 11 12 13 13 14 15 15 15 15 16 16 16 16 17 18 19 20 20 21 21 22 22 23 23 23 23 23 23
4 15 4 3 4 6 23 2 4 6 23 0 1 2 3 7 2 3 7 9 10 5 6 9 6 8 6 12 15 16 23 11 15 23 15 0 11 13 14 11 17 18 20 16 16 20 16 19 22 23 21 23 2 3 11 13 21 22
-85.76246884
pt-37X3-a
Pt C H C H H H C H Pt H H Pt N O
0 0 1 1 1 1 1 1 2 2 3 3 3 3 4 5 6 7 7 7 7 8 9 9 10 10 11 12 12 13 13 13 14 14
1 2 0 2 9 12 13 14 0 1 4 5 6 13 3 3 3 8 10 11 13 7 1 10 7 9 7 1 14 1 3 7 1 12
-68.81550693000003
ni-37X1-a
Ni C H N H C H Ni H C H H Ni H Ni O Ni
0 0 1 1 1 1 1 1 2 2 3 3 3 4 5 5 5 5 6 7 7 7 8 8 9 9 9 9 10 11 12 13 13 14 14 15 15 15 15 16
1 2 0 2 3 7 14 15 0 1 1 4 5 3 3 6 8 9 5 1 8 15 5 7 5 10 11 13 9 9 13 9 12 1 15 1 7 14 16 15
-69.05933443999999
ir-49X7-a
Ir Ir Ir N H Ir C H Ir H H C H Ir H C H H Ir H Ir O C
0 0 1 2 2 2 2 3 3 3 3 4 4 4 4 5 6 6 6 6 6 7 7 8 9 9 10 11 11 11 11 12 13 13 14 14 14 15 15 15 15 16 17 18 19 19 20 20 21 21 22 22 22 22 22 22
4 14 4 3 4 6 22 2 4 6 22 0 1 2 3 7 2 3 7 9 10 5 6 9 6 8 6 12 14 15 22 11 14 22 0 11 13 11 16 17 19 15 15 19 15 18 21 22 20 22 2 3 11 13 20 21
-85.84467221
ag-37X4-a
Ag C H H H Ag C H Ag H H N H Ag Ag O C
0 1 1 1 1 2 2 3 4 5 5 6 6 6 6 7 7 8 9 9 10 11 11 11 12 13 13 14 15 15 15 16 16 16 16 16
2 2 3 4 16 0 1 1 1 7 15 7 9 10 11 5 6 9 6 8 6 6 12 16 11 15 16 16 5 13 16 1 11 13 14 15
-68.98033252000002
rh-25X2-a
Rh Rh Rh N H H C H H H O C Rh Rh Rh
0 0 1 1 2 2 3 3 3 3 3 4 4 4 4 5 6 6 6 6 7 8 9 10 10 10 10 10 11 11 11 12 13 14
3 4 4 10 3 4 0 2 4 5 11 0 1 2 3 3 7 8 9 11 6 6 6 1 11 12 13 14 3 6 10 10 10 10
-52.95408191000001
cd-49X1-a
C H N H C H H H Cd C H C H H H Cd O
0 0 0 0 1 2 2 2 3 4 4 4 4 5 6 7 8 9 9 9 9 10 10 11 11 11 11 12 13 14 15 15 16 16
1 2 15 16 0 0 3 9 2 5 6 7 9 4 4 4 10 2 4 10 11 8 9 9 12 13 14 11 11 11 0 16 0 15
-85.41009400000002
os-49X6-a
C H H H Os Os N H C H Os H C H H Os H Os Os Os O C Os
0 0 0 0 0 1 2 3 4 5 5 5 5 6 6 6 6 6 6 7 7 7 8 8 8 8 9 10 11 11 11 12 12 12 12 13 14 15 16 16 17 17 17 17 18 18 19 19 19 20 20 20 20 20 21 21 21 21 21 21 21 22
1 2 3 17 21 0 0 0 7 6 7 11 21 5 7 8 17 19 21 4 5 6 6 9 11 12 8 11 5 8 10 8 13 14 16 12 12 16 12 15 0 6 20 21 20 21 6 20 21 17 18 19 21 22 0 5 6 17 18 19 20 20
-86.5228729700001
rh-49X5-a
Rh Rh Rh C H Rh C H H Rh H C H Rh H C H H Rh H N O
0 0 0 1 1 1 2 2 2 2 2 2 2 3 3 3 3 3 3 4 4 4 4 5 6 6 6 6 6 7 7 7 8 9 9 10 10 11 11 11 11 12 13 13 14 14 14 15 15 15 15 16 17 18 18 19 19 20 20 20 20 20 20 21 21 21 21 21
3 4 21 3 4 21 3 4 6 7 14 20 21 0 1 2 4 20 21 0 1 2 3 7 2 7 8 10 20 2 5 6 6 10 20 6 9 12 14 15 20 11 14 21 2 11 13 11 16 17 19 15 15 19 20 15 18 2 3 6 9 11 18 0 1 2 3 13
-85.47944653000002
ir-49X3-a
Ir Ir Ir N H H C H H H C H C H H H O C Ir Ir Ir
0 0 1 1 2 3 3 3 3 4 4 4 4 5 6 6 6 6 7 8 9 10 10 10 10 11 12 12 12 12 13 14 15 16 16 16 16 16 17 17 17 18 19 20
3 4 4 16 4 0 4 5 17 0 1 2 3 3 7 8 9 10 6 6 6 6 11 12 17 10 10 13 14 15 12 12 12 1 17 18 19 20 3 10 16 16 16 16
-86.29028223999995
os-37X2-a
Os Os Os N H H C H H C H H H O C Os Os Os
0 0 1 1 2 2 3 3 3 3 3 4 4 4 4 5 6 6 6 6 7 8 9 9 9 9 10 11 12 13 13 13 13 13 14 14 14 15 16 17
3 4 4 13 3 4 0 2 4 5 14 0 1 2 3 3 7 8 9 14 6 6 6 10 11 12 9 9 9 1 14 15 16 17 3 6 13 13 13 13
-69.77307165000002
cu-49X1-a
Cu Cu C H N H C H H H Cu C H C H H H Cu O Cu
0 1 1 1 2 2 2 2 2 3 3 3 4 4 4 5 6 6 6 6 7 8 9 10 10 11 11 11 11 12 12 13 13 13 13 14 15 16 17 17 18 18 18 18 18 19
3 2 3 18 1 3 4 17 18 0 1 2 2 5 11 4 7 8 9 11 6 6 6 12 18 4 6 12 13 10 11 11 14 15 16 13 13 13 2 18 1 2 10 17 19 18
-85.64645474999998
zn-25X2-a
Zn Zn N H H C H H H O C Zn
0 1 2 2 2 3 3 3 4 5 5 5 5 6 7 8 9 9 10 10 10 11
3 3 3 4 10 0 1 2 2 6 7 8 10 5 5 5 10 11 2 5 9 9
-52.56926102
ir-49X8-a
Ir C H Ir H H C H H H Ir Ir C H H H Ir Ir N O C Ir
0 0 0 1 1 1 1 2 2 3 4 4 4 5 6 6 6 6 7 8 9 10 10 10 11 12 12 12 12 13 13 13 14 15 15 16 16 17 18 18 18 19 19 19 19 20 20 20 20 20 20 21
2 4 19 2 4 5 18 0 1 4 0 1 3 1 7 8 9 18 6 6 6 13 15 20 13 13 14 15 20 10 11 12 12 10 12 19 20 20 1 6 20 0 16 20 21 10 12 16 17 18 19 19
-85.61838267999997
ni-13X1-a
Ni C H N H H Ni Ni O Ni Ni
0 0 1 1 1 1 1 1 2 2 3 3 3 3 4 5 6 6 7 7 7 8 8 8 8 8 9 10
1 2 0 2 3 6 7 8 0 1 1 4 5 7 3 3 1 8 1 3 8 1 6 7 9 10 8 8
-35.816548539999985
au-13X1-a
C H N H H Au Au O
0 0 0 0 0 1 2 2 2 2 3 4 5 5 6 6 7 7
1 2 5 6 7 0 0 3 4 6 2 2 0 7 0 2 0 5
-35.584354390000016
rh-49X4-a
Rh Rh N H H C H Rh H Rh C H H C H H H O C Rh Rh
0 1 1 1 2 2 2 2 2 3 3 3 4 5 5 5 5 6 7 7 7 8 8 9 9 10 10 10 10 11 11 12 13 13 13 13 14 15 16 17 17 17 17 17 18 18 18 18 18 19 20 20
3 2 3 18 1 3 4 18 20 0 1 2 2 6 8 10 18 5 8 17 18 5 7 11 17 5 11 12 13 9 10 10 10 14 15 16 13 13 13 7 9 18 19 20 1 2 5 7 17 17 2 17
-86.15252006999998
au-49X2-a
C H N H C H Au H Au C H H Au C H H H Au Au O
0 0 0 0 0 1 2 2 2 3 4 4 4 4 5 6 7 7 8 9 9 9 9 10 10 11 12 13 13 13 13 14 14 15 16 17 17 18 19 19
1 2 17 18 19 0 0 3 4 2 2 5 7 9 4 7 4 6 10 4 10 11 13 8 9 9 14 9 14 15 16 12 13 13 13 0 19 0 0 17
-85.45846126
cd-37X1-a
C H N H C H Cd H C H H Cd H Cd O
0 0 0 0 1 2 2 2 3 4 4 4 4 5 6 7 7 8 8 8 8 9 10 11 12 12 13 13 14 14
1 2 13 14 0 0 3 4 2 2 5 7 8 4 7 4 6 4 9 10 12 8 8 12 8 11 0 14 0 13
-68.69292318000001
zn-37X4-a
Zn C H H H C H H H N H Zn O C
0 1 1 1 1 2 2 3 4 5 5 5 5 6 7 8 9 9 9 10 11 11 12 12 13 13 13 13
2 2 3 4 13 0 1 1 1 6 7 8 9 5 5 5 5 10 13 9 12 13 11 13 1 9 11 12
-68.92362016
ni-49X6-a
Ni C H H H Ni Ni N H C H Ni Ni H C H H Ni H Ni Ni O C Ni
0 1 1 1 1 1 2 2 3 4 5 5 6 6 6 7 7 7 7 7 7 7 8 8 8 9 9 9 9 10 11 11 11 11 12 13 13 13 14 14 14 14 15 16 17 18 18 19 19 19 19 20 20 21 21 21 21 21 22 22 22 22 22 22 22 23
2 2 3 4 19 22 0 1 1 1 7 8 7 8 22 5 6 8 9 11 19 22 5 6 7 7 10 13 14 9 7 13 21 22 13 9 11 12 9 15 16 18 14 14 18 14 17 1 7 21 22 21 22 11 19 20 22 23 1 6 7 11 19 20 21 21
-86.04935086
au-37X2-a
Au Au N H H C H H C H H H O C Au
0 0 1 2 2 2 2 3 3 3 4 5 5 5 5 6 7 8 8 8 8 9 10 11 12 12 13 13 13 14
2 3 3 0 3 4 13 0 1 2 2 6 7 8 13 5 5 5 9 10 11 8 8 8 13 14 2 5 12 12
-69.1762478
ag-25X2-a
Ag Ag Ag N H H C H H H O C Ag Ag
0 0 1 1 2 3 3 3 3 4 4 4 4 5 6 6 6 6 7 8 9 10 10 10 10 11 11 11 12 13
3 4 4 10 4 0 4 5 11 0 1 2 3 3 7 8 9 11 6 6 6 1 11 12 13 3 6 10 10 10
-52.60156430000001
pd-49X7-a
Pd Pd Pd N H Pd C H Pd H H C H Pd H C H H Pd Pd H Pd O C
0 0 1 2 2 2 2 3 3 3 3 4 4 4 4 5 6 6 6 6 6 7 7 8 9 9 10 11 11 11 11 12 13 13 13 14 14 14 15 15 15 15 16 17 18 19 20 20 20 20 21 21 22 22 23 23 23 23 23 23
4 14 4 3 4 6 23 2 4 6 23 0 1 2 3 7 2 3 7 9 10 5 6 9 6 8 6 12 14 15 23 11 14 20 23 0 11 13 11 16 17 20 15 15 20 20 13 15 18 19 22 23 21 23 2 3 11 13 21 22
-85.87345289999999
zn-49X5-a
Zn C H C H H H C H H C H H Zn H Zn N O
0 1 1 1 1 2 2 3 3 3 3 4 5 6 7 7 7 7 8 9 10 10 10 10 11 12 13 14 14 15 15 16 16 16 17 17
2 2 15 16 17 0 1 4 5 6 16 3 3 3 8 9 10 16 7 7 7 11 12 14 10 10 14 10 13 1 17 1 3 7 1 15
-85.20439528
ru-49X3-a
Ru Ru Ru Ru N H H C H H H C H C H H H O C Ru Ru Ru
0 0 0 1 2 2 3 4 4 4 4 5 5 5 5 5 6 7 7 7 7 8 9 10 11 11 11 11 12 13 13 13 13 14 15 16 17 17 17 17 17 17 18 18 18 19 20 21
4 5 17 5 5 17 5 0 5 6 18 0 1 2 3 4 4 8 9 10 11 7 7 7 7 12 13 18 11 11 14 15 16 13 13 13 0 2 18 19 20 21 4 11 17 17 17 17
-86.32563614999998
ni-49X8-a
Ni C H Ni H H C H H H Ni C H H H Ni Ni N O C Ni
0 0 0 1 1 1 1 2 2 3 4 4 4 5 6 6 6 6 7 8 9 10 10 10 11 11 11 11 11 12 12 13 14 14 15 15 16 17 17 17 18 18 18 18 19 19 19 19 19 20
2 4 18 2 4 5 17 0 1 4 0 1 3 1 7 8 9 17 6 6 6 11 12 14 10 12 13 14 19 10 11 11 10 11 18 19 19 1 6 19 0 15 19 20 11 15 16 17 18 18
-85.62594938000001
ru-37X2-a
Ru Ru Ru N H H C H H C H H H O C Ru Ru Ru
0 0 0 0 1 1 2 2 3 3 3 3 3 4 4 4 4 5 6 6 6 6 7 8 9 9 9 9 10 11 12 13 13 13 13 13 13 14 14 14 14 15 16 17
3 4 13 14 4 13 3 4 0 2 4 5 14 0 1 2 3 3 7 8 9 14 6 6 6 10 11 12 9 9 9 0 1 14 15 16 17 0 3 6 13 13 13 13
-69.62159066999999
pt-49X2-a
Pt Pt C H N H C H Pt H Pt C H H Pt C H H H Pt O
0 1 1 2 2 2 2 2 3 3 3 4 4 4 5 6 6 6 6 7 8 8 9 9 10 11 11 11 11 12 12 13 14 15 15 15 15 16 16 17 18 19 19 20 20 20
3 2 3 1 3 4 19 20 0 1 2 2 5 6 4 4 7 9 11 6 9 20 6 8 12 6 12 13 15 10 11 11 16 11 16 17 18 14 15 15 15 2 20 2 8 19
-85.71208604999998
rh-49X1-a
Rh Rh Rh C H N H C H H H Rh C H C H H H O Rh Rh
0 1 1 1 2 2 2 3 3 3 3 3 3 4 4 4 4 5 5 5 6 7 7 7 7 8 9 10 11 11 11 12 12 12 12 13 13 14 14 14 14 15 16 17 18 18 18 18 18 18 19 20
4 3 4 18 3 4 18 1 2 4 5 11 18 0 1 2 3 3 6 12 5 8 9 10 12 7 7 7 3 13 18 5 7 13 14 11 12 12 15 16 17 14 14 14 1 2 3 11 19 20 18 18
-85.80836362000002
cd-49X7-a
N H C H H H C H Cd H C H H H O C Cd
0 0 0 1 2 2 2 2 3 4 5 6 6 6 6 7 8 9 9 10 10 10 10 11 12 13 14 14 15 15 15 15 16 16
1 2 15 0 0 3 4 5 2 2 2 7 9 10 15 6 9 6 8 6 11 12 13 10 10 10 15 16 0 6 14 16 14 15
-85.5136416
ru-49X6-a
Ru C H H H Ru Ru N H C H Ru H C H H Ru H Ru Ru O C Ru
0 0 0 0 0 0 0 1 1 1 1 1 2 2 3 4 4 5 6 6 6 6 7 7 7 7 7 7 8 8 8 8 9 9 9 9 10 11 12 12 12 13 13 13 13 14 15 16 17 17 18 18 19 19 19 20 20 20 20 20 21 21 21 21 21 21 21 22
1 2 4 7 8 20 21 0 2 3 4 21 0 1 1 0 1 8 7 8 12 21 0 6 8 9 19 21 0 5 6 7 7 10 12 13 9 12 6 9 11 9 14 15 17 13 13 17 13 16 20 21 7 20 21 0 18 19 21 22 0 1 6 7 18 19 20 20
-86.22726913000002
au-25X2-a
Au Au Au N H H C H H H O C
0 1 1 2 3 3 3 4 4 4 4 5 6 6 6 6 7 8 9 10 10 11 11 11
4 4 10 4 4 5 11 0 1 2 3 3 7 8 9 11 6 6 6 1 11 3 6 10
-52.56050603
zn-13X1-a
C H N H H Zn O
0 0 0 0 1 2 2 2 3 4 5 5 6 6
1 2 5 6 0 0 3 4 2 2 0 6 0 5
-35.558045469999996
pt-37X2-a
Pt Pt Pt N H H C H H C H H H O C Pt Pt Pt
0 0 1 1 2 2 3 3 3 3 3 4 4 4 4 5 6 6 6 6 7 8 9 9 9 9 10 11 12 13 13 13 13 13 14 14 14 15 16 17
3 4 4 13 3 4 0 2 4 5 14 0 1 2 3 3 7 8 9 14 6 6 6 10 11 12 9 9 9 1 14 15 16 17 3 6 13 13 13 13
-69.50203584000002
cu-49X5-a
Cu C H C H H H C H H C H H Cu H Cu Cu N O Cu Cu
0 1 1 1 1 1 2 2 3 3 3 3 4 5 6 7 7 7 7 8 9 10 10 10 10 11 12 13 14 14 15 15 16 16 17 17 17 18 18 18 18 18 19 20
2 2 15 16 17 18 0 1 4 5 6 17 3 3 3 8 9 10 17 7 7 7 11 12 14 10 10 14 10 13 1 18 1 18 1 3 7 1 15 16 19 20 18 18
-85.36177939999999
ir-49X2-a
Ir Ir C H N H C H Ir H Ir C H H Ir C H H H Ir O Ir
0 1 1 1 2 2 2 2 2 3 3 3 4 4 4 5 6 6 6 6 7 8 8 9 9 10 11 11 11 11 12 12 13 14 15 15 15 15 16 16 17 18 19 19 20 20 20 20 20 21
3 2 3 20 1 3 4 19 20 0 1 2 2 5 6 4 4 7 9 11 6 9 20 6 8 12 6 12 13 15 10 11 11 16 11 16 17 18 14 15 15 15 2 20 1 2 8 19 21 20
-85.75729975999997
cd-25X1-a
C H N H C H H H Cd Cd O
0 0 0 0 0 1 2 2 2 3 4 4 4 4 5 6 7 8 8 9 10 10
1 2 8 9 10 0 0 3 4 2 2 5 6 7 4 4 4 0 10 0 0 8
-51.982966909999995
pd-49X6-a
Pd C H H H Pd Pd N H C H Pd H C H H Pd H Pd O C Pd
0 0 0 0 0 0 0 1 1 1 1 1 2 2 3 4 4 5 6 6 6 6 6 7 7 7 7 7 7 8 8 8 8 9 9 9 9 10 11 12 12 12 13 13 13 13 14 15 16 17 17 17 18 18 18 19 19 19 19 20 20 20 20 20 20 21
1 2 4 7 8 19 20 0 2 3 4 20 0 1 1 0 1 8 7 8 12 17 20 0 6 8 9 18 20 0 5 6 7 7 10 12 13 9 12 6 9 11 9 14 15 17 13 13 17 6 13 16 7 19 20 0 18 20 21 0 1 6 7 18 19 19
-85.94814283000002
au-49X4-a
Au N H H C H Au H Au C H H C H H H Au O C
0 0 1 1 1 1 2 2 3 4 4 4 4 5 6 7 7 8 9 9 9 9 10 10 11 12 12 12 12 13 14 15 16 16 17 17 18 18 18 18
1 2 0 2 3 18 0 1 1 5 7 9 18 4 7 4 6 10 4 10 11 12 8 9 9 9 13 14 15 12 12 12 17 18 16 18 1 4 16 17
-85.85712173000002
ru-37X4-a
Ru C H H Ru H Ru Ru C H H H Ru Ru N H Ru O C
0 0 0 0 1 1 1 1 1 2 2 3 4 4 5 5 5 6 6 7 7 8 8 8 8 8 9 9 9 10 10 11 12 13 13 13 13 14 14 14 14 14 14 15 15 15 15 16 16 16 17 17 18 18 18 18 18 18
1 2 5 18 0 2 3 5 18 0 1 1 5 15 0 1 4 9 14 9 10 9 10 11 13 14 6 7 8 7 8 8 15 8 14 15 18 6 8 13 15 16 18 4 12 13 14 14 17 18 16 18 0 1 13 14 16 17
-69.10774387999999
ni-37X4-a
C H H Ni Ni H Ni C H Ni H H Ni Ni N H Ni O C
0 0 0 0 0 1 2 3 3 3 4 4 5 5 5 6 7 7 7 7 7 8 8 9 10 10 11 12 13 13 13 13 14 14 14 14 15 15 15 15 16 16 17 17 18 18 18 18 18 18
1 2 3 5 18 0 0 0 5 18 5 15 0 3 4 8 8 10 11 13 14 6 7 10 7 9 7 15 7 14 15 18 7 13 15 18 4 12 13 14 17 18 16 18 0 3 13 14 16 17
-69.06523069999997
os-49X5-a
Os Os Os C H Os C H H Os H C H Os H C H H Os H Os N O Os
0 0 0 1 1 1 2 2 2 2 2 2 3 3 3 3 3 3 3 4 4 4 4 5 6 6 6 6 6 7 7 7 8 9 10 10 11 11 11 11 12 13 13 14 14 14 15 15 15 15 16 17 18 19 19 20 20 21 21 21 21 22 22 22 22 22 22 23
3 4 22 3 4 22 3 4 6 7 14 21 0 1 2 4 20 21 22 0 1 2 3 7 2 7 8 10 21 2 5 6 6 10 6 9 12 14 15 21 11 14 22 2 11 13 11 16 17 19 15 15 19 15 18 3 22 2 3 6 11 0 1 3 13 20 23 22
-85.79854
ni-49X3-a
Ni Ni Ni N H H C H H H C H C H H H O C Ni Ni Ni Ni
0 0 1 2 3 3 3 3 4 4 4 4 5 6 6 6 6 7 8 9 10 10 10 10 11 12 12 12 12 13 14 15 16 16 16 16 16 17 17 17 18 19 20 21
3 4 4 4 0 4 5 17 0 1 2 3 3 7 8 9 10 6 6 6 6 11 12 17 10 10 13 14 15 12 12 12 17 18 19 20 21 3 10 16 16 16 16 16
-86.24749904999999
pd-49X3-a
Pd Pd Pd N H H C H H H C H C H H H O C Pd Pd Pd
0 0 1 1 2 3 3 3 3 4 4 4 4 5 6 6 6 6 7 8 9 10 10 10 10 11 12 12 12 12 13 14 15 16 16 16 16 16 17 17 17 18 19 20
3 4 4 16 4 0 4 5 17 0 1 2 3 3 7 8 9 10 6 6 6 6 11 12 17 10 10 13 14 15 12 12 12 1 17 18 19 20 3 10 16 16 16 16
-86.22114890999998
ru-49X8-a
Ru C H Ru H H C H H H Ru Ru C H H H Ru Ru N O C Ru Ru
0 0 0 1 1 1 1 2 2 3 4 4 4 5 6 6 6 6 7 8 9 10 10 10 10 11 12 12 12 12 13 13 13 14 15 15 16 16 17 17 17 18 18 18 18 19 19 19 19 19 19 19 20 20 20 20 20 20 21 22
2 4 19 2 4 5 18 0 1 4 0 1 3 1 7 8 9 18 6 6 6 13 15 19 20 13 13 14 15 20 10 11 12 12 10 12 19 20 18 19 20 1 6 17 20 0 10 16 17 20 21 22 10 12 16 17 18 19 19 19
-85.66264802
cu-37X3-a
Cu C H C H H H C H H H Cu Cu N O Cu
0 0 1 1 1 1 1 1 2 2 3 3 3 3 4 5 6 7 7 7 7 8 9 10 11 11 12 12 13 13 13 14 14 14 14 15
1 2 0 2 11 12 13 14 0 1 4 5 6 13 3 3 3 8 9 10 13 7 7 7 1 14 1 14 1 3 7 1 11 12 15 14
-68.70512923999999
zn-37X1-a
C H N H C H H C H H H Zn O
0 0 0 0 1 2 2 2 3 4 4 4 4 5 6 7 7 7 7 8 9 10 11 11 12 12
1 2 11 12 0 0 3 4 2 2 5 6 7 4 4 4 8 9 10 7 7 7 0 12 0 11
-68.73262978999999
zn-49X2-a
C H N H C H H C H H C H H H Zn O
0 0 0 0 1 2 2 2 3 4 4 4 4 5 6 7 7 7 7 8 9 10 10 10 10 11 12 13 14 14 15 15
1 2 14 15 0 0 3 4 2 2 5 6 7 4 4 4 8 9 10 7 7 7 11 12 13 10 10 10 0 15 0 14
-85.40542134999998
rh-37X3-a
Rh Rh Rh C H C H H H C H H H Rh N O Rh Rh
0 1 1 2 2 2 3 3 3 3 3 3 4 4 4 4 5 5 5 5 6 7 8 9 9 9 9 10 11 12 13 13 13 14 14 14 14 15 15 15 15 15 16 17
4 3 4 3 4 15 1 2 4 13 14 15 0 1 2 3 6 7 8 14 5 5 5 10 11 12 14 9 9 9 3 14 15 3 5 9 13 2 3 13 16 17 15 15
-68.86918173999999
ru-37X3-a
Ru Ru Ru C H C H H H C H H H Ru N O Ru Ru Ru
0 1 1 2 2 2 3 3 3 3 3 3 4 4 4 4 5 5 5 5 6 7 8 9 9 9 9 10 11 12 13 13 14 14 14 15 15 15 15 15 15 16 17 18
4 3 4 3 4 15 1 2 4 13 14 15 0 1 2 3 6 7 8 14 5 5 5 10 11 12 14 9 9 9 3 15 3 5 9 2 3 13 16 17 18 15 15 15
-68.92705646000002
ir-37X1-a
Ir Ir Ir C H N H C H H C H H H O Ir Ir Ir
0 0 1 2 2 2 3 3 3 3 3 4 4 4 4 5 5 5 6 7 7 7 7 8 9 10 10 10 10 11 12 13 14 14 14 14 14 15 16 17
3 4 4 3 4 14 0 2 4 5 14 0 1 2 3 3 6 7 5 5 8 9 10 7 7 7 11 12 13 10 10 10 2 3 15 16 17 14 14 14
-69.06306296999998
rh-13X1-a
Rh Rh C H N H H Rh O Rh Rh
0 0 1 1 1 2 2 2 2 2 2 3 3 3 4 4 4 4 5 6 7 7 7 8 8 8 8 8 9 10
2 3 2 3 8 0 1 3 4 7 8 0 1 2 2 5 6 7 4 4 2 4 8 1 2 7 9 10 8 8
-35.82464386999999
ni-37X2-a
Ni Ni Ni N H H C H H C H H H O C Ni Ni Ni Ni
0 0 1 2 3 3 3 3 4 4 4 4 5 6 6 6 6 7 8 9 9 9 9 10 11 12 13 13 13 13 13 14 14 14 15 16 17 18
3 4 4 4 0 4 5 14 0 1 2 3 3 7 8 9 14 6 6 6 10 11 12 9 9 9 14 15 16 17 18 3 6 13 13 13 13 13
-69.54145557999999
ir-37X3-a
Ir Ir Ir C H C H H H C H H H Ir N O Ir Ir
0 1 1 2 2 2 3 3 3 3 3 3 4 4 4 4 5 5 5 5 6 7 8 9 9 9 9 10 11 12 13 13 14 14 14 15 15 15 15 15 16 17
4 3 4 3 4 15 1 2 4 13 14 15 0 1 2 3 6 7 8 14 5 5 5 10 11 12 14 9 9 9 3 15 3 5 9 2 3 13 16 17 15 15
-68.87139561999999
cu-37X4-a
Cu C H H Cu H Cu C H Cu H H Cu N H Cu O C
0 0 0 1 1 1 1 1 2 2 3 4 5 5 5 6 7 7 7 7 7 8 8 9 10 10 11 12 12 12 12 13 13 13 13 14 14 15 16 17 17 17 17 17
1 2 5 0 2 3 5 17 0 1 1 5 0 1 4 8 8 10 11 12 13 6 7 10 7 9 7 7 13 14 17 7 12 14 17 12 13 17 17 1 12 13 15 16
-68.93161312000001
pt-49X3-a
Pt Pt Pt N H H C H H H C H C H H H O C Pt Pt Pt
0 0 1 1 2 3 3 3 3 4 4 4 4 5 6 6 6 6 7 8 9 10 10 10 10 11 12 12 12 12 13 14 15 16 16 16 16 16 17 17 17 18 19 20
3 4 4 16 4 0 4 5 17 0 1 2 3 3 7 8 9 10 6 6 6 6 11 12 17 10 10 13 14 15 12 12 12 1 17 18 19 20 3 10 16 16 16 16
-86.20384565
cu-49X4-a
Cu Cu N H H C H Cu H Cu C H H C H H H O C Cu Cu
0 1 1 1 2 2 2 2 3 3 3 4 5 5 5 5 6 7 7 7 8 8 9 9 10 10 10 10 11 11 12 13 13 13 13 14 15 16 17 17 17 17 17 18 18 18 18 18 19 20
3 2 3 18 1 3 4 18 0 1 2 2 6 8 10 18 5 8 17 18 5 7 11 17 5 11 12 13 9 10 10 10 14 15 16 13 13 13 7 9 18 19 20 1 2 5 7 17 17 17
-86.02383214000002
pd-49X4-a
Pd Pd Pd N H H C H Pd H Pd C H H C H H H O C
0 1 1 1 1 2 2 2 3 3 3 3 3 4 4 4 4 5 6 6 6 6 7 8 8 8 9 9 10 10 11 11 11 11 12 12 13 14 14 14 14 15 16 17 18 18 18 18 19 19 19 19 19 19
4 3 4 18 19 3 4 19 1 2 4 5 19 0 1 2 3 3 7 9 11 19 6 9 18 19 6 8 12 18 6 12 13 14 10 11 11 11 15 16 17 14 14 14 1 8 10 19 1 2 3 6 8 18
-86.15684252000003
ni-49X2-a
Ni Ni C H N H C H Ni H Ni C H H Ni C H H H Ni O Ni
0 1 1 1 2 2 2 2 2 3 3 3 4 4 4 5 6 6 6 6 7 8 8 9 9 10 11 11 11 11 12 12 13 14 15 15 15 15 16 16 17 18 19 19 20 20 20 20 20 21
3 2 3 20 1 3 4 19 20 0 1 2 2 5 6 4 4 7 9 11 6 9 20 6 8 12 6 12 13 15 10 11 11 16 11 16 17 18 14 15 15 15 2 20 1 2 8 19 21 20
-85.75893153999999
ru-49X7-a
Ru Ru Ru N H Ru Ru C H H H C H Ru H C H H Ru H Ru O C
0 0 1 2 2 2 2 2 3 3 3 3 3 3 4 4 4 4 5 5 6 6 7 7 7 7 7 8 8 8 9 9 9 10 11 11 11 11 12 13 13 14 14 14 15 15 15 15 16 17 18 19 19 20 20 20 21 21 22 22 22 22 22 22
4 14 4 3 4 7 9 22 2 4 5 7 20 22 0 1 2 3 3 8 8 9 2 3 8 9 10 5 6 7 2 6 7 7 12 14 15 22 11 14 22 0 11 13 11 16 17 19 15 15 19 15 18 3 21 22 20 22 2 3 11 13 20 21
-85.78484129000003
ir-13X1-a
Ir Ir Ir C H N H H O Ir Ir Ir
0 0 1 1 2 2 3 3 3 3 3 4 4 4 4 5 5 5 6 7 8 8 8 8 8 9 10 11
3 4 4 8 3 4 0 2 4 5 8 0 1 2 3 3 6 7 5 5 1 3 9 10 11 8 8 8
-35.87703174999996
pt-13X1-a
Pt Pt Pt C H N H H O
0 0 1 1 2 2 3 3 3 3 3 4 4 4 4 5 5 5 6 7 8 8
3 4 4 8 3 4 0 2 4 5 8 0 1 2 3 3 6 7 5 5 1 3
-35.77762690000003
os-13X1-a
Os Os C H N H H O Os Os Os Os
0 0 1 1 2 2 2 2 3 3 3 4 4 4 5 6 7 7 7 7 7 7 8 9 10 11
2 3 3 7 0 3 4 7 0 1 2 2 5 6 4 4 1 2 8 9 10 11 7 7 7 7
-36.01236575000007
zn-49X7-a
N H C H H H C H Zn H C H H H Zn O C
0 0 0 1 2 2 2 2 3 4 5 6 6 6 6 7 8 9 9 10 10 10 10 11 12 13 14 14 15 15 16 16 16 16
1 2 16 0 0 3 4 5 2 2 2 7 9 10 16 6 9 6 8 6 11 12 13 10 10 10 15 16 14 16 0 6 14 15
-85.57698381
au-49X1-a
C H N H C H H Au H Au C H C H H H Au Au O
0 0 0 0 0 1 2 2 2 3 4 4 4 4 5 6 7 8 8 9 10 10 10 10 11 11 12 12 12 12 13 14 15 16 17 17 18 18
1 2 16 17 18 0 0 3 10 2 5 6 8 10 4 4 8 4 7 11 2 4 11 12 9 10 10 13 14 15 12 12 12 0 0 18 0 17
-85.5165221
ni-25X1-a
Ni Ni C H Ni Ni N H Ni C H Ni H H O
0 1 1 2 2 2 2 2 3 3 3 4 5 5 5 5 6 6 6 6 6 7 7 7 8 8 8 9 9 9 9 9 9 10 10 11 11 12 12 12 13 14
3 2 3 1 3 5 6 14 0 1 2 7 2 6 7 9 2 5 7 9 11 4 5 6 9 10 12 5 6 8 10 12 13 8 9 6 12 8 9 11 9 2
-52.21736856000001
cd-37X2-a
Cd Cd Cd N H H C H H C H H H O C
0 0 1 1 1 2 3 3 3 3 4 4 4 4 5 6 6 6 6 7 8 9 9 9 9 10 11 12 13 13 14 14 14 14
3 4 4 13 14 4 0 4 5 14 0 1 2 3 3 7 8 9 14 6 6 6 10 11 12 9 9 9 1 14 1 3 6 13
-69.09155688999999
rh-49X7-a
Rh Rh Rh N H Rh C H Rh H H C H Rh Rh H C H H Rh H Rh O C
0 0 1 2 2 2 2 2 3 3 3 3 4 4 4 4 5 6 6 6 6 6 7 7 8 9 9 9 10 11 11 11 11 12 13 13 13 14 15 15 15 15 16 16 16 16 17 18 19 20 20 20 21 21 22 22 23 23 23 23 23 23
4 15 4 3 4 6 9 23 2 4 6 23 0 1 2 3 7 2 3 7 9 10 5 6 9 2 6 8 6 12 15 16 23 11 15 20 23 15 0 11 13 14 11 17 18 20 16 16 20 13 16 19 22 23 21 23 2 3 11 13 21 22
-85.82257256000003
ag-49X2-a
C H N H C H Ag H Ag C H H Ag C H H H Ag Ag O
0 0 0 0 0 1 2 2 2 3 4 4 4 4 5 6 6 7 7 8 9 9 9 9 10 10 11 12 13 13 13 13 14 14 15 16 17 17 18 19 19 19
1 2 17 18 19 0 0 3 4 2 2 5 7 9 4 7 19 4 6 10 4 10 11 13 8 9 9 14 9 14 15 16 12 13 13 13 0 19 0 0 6 17
-85.47091887000002
ir-25X1-a
Ir Ir C H Ir Ir N H Ir C H Ir H H O
0 1 1 2 2 2 2 2 3 3 3 4 5 5 5 6 6 6 6 6 7 7 7 8 8 9 9 9 9 10 10 11 11 12 12 12 13 14
3 2 3 1 3 5 6 14 0 1 2 7 2 6 7 2 5 7 9 11 4 5 6 10 12 6 10 12 13 8 9 6 12 8 9 11 9 2
-52.31109531999999
pt-25X1-a
Pt Pt C H Pt Pt N H Pt C H Pt H H O
0 1 1 2 2 2 2 2 3 3 3 4 5 5 5 5 6 6 6 6 7 7 7 8 8 9 9 9 9 9 10 10 11 12 12 12 13 14
3 2 3 1 3 5 6 14 0 1 2 7 2 6 7 9 2 5 7 9 4 5 6 10 12 5 6 10 12 13 8 9 12 8 9 11 9 2
-52.29701234999999
