9801
C H H C H C H C H C H C H C H C C
0 0 0 0 1 2 3 3 3 4 5 5 5 5 6 7 7 7 8 9 9 9 10 11 11 11 12 13 13 13 14 15 15 15 15 16 16 16
1 2 5 16 0 0 4 5 15 3 0 3 6 15 5 8 9 11 7 7 10 15 9 7 12 13 11 11 14 16 13 3 5 9 16 0 13 15
-110.38328305
8611
C H C H C H C H C H C H C C O
0 0 0 1 2 2 2 2 2 3 4 4 4 5 6 6 6 7 8 8 8 9 10 10 10 11 12 12 12 12 13 13 13 13 14 14
1 2 12 0 0 3 12 13 14 2 5 10 12 4 7 8 13 6 6 9 10 8 4 8 11 10 0 2 4 13 2 6 12 14 2 13
-100.47243565
a801
C H C H C H C H C H C H C H C H C C
0 0 0 1 2 2 2 3 4 4 4 5 6 6 6 7 8 8 8 9 10 10 10 11 12 12 12 13 14 14 14 15 16 16 16 17 17 17
1 2 6 0 0 3 4 2 2 5 16 4 0 7 17 6 9 10 17 8 8 11 12 10 10 13 14 12 12 15 16 14 4 14 17 6 8 16
-119.89759399
97N1
C H C H C H C H C H C H C H C C N
0 0 0 1 2 2 2 3 4 4 4 5 6 6 6 7 8 8 8 8 9 10 10 10 11 12 12 12 13 14 14 14 14 15 15 15 16 16
1 2 4 0 0 3 6 2 0 5 15 4 2 7 14 6 9 12 14 16 8 11 12 15 10 8 10 13 12 6 8 15 16 4 10 14 8 14
-115.13493741
8612
C H C H C H C H C H C H C C O
0 0 0 0 0 1 2 2 2 2 3 4 4 4 5 6 6 6 7 8 8 8 9 10 10 10 11 12 12 12 13 13 13 13 14 14
1 2 12 13 14 0 0 3 13 14 2 5 6 8 4 4 7 12 6 4 9 10 8 8 11 13 10 0 6 13 0 2 10 12 0 2
-99.91687006
86S2
C H C H C H C H C H C H C C S
0 0 0 1 2 2 2 3 4 4 4 5 6 6 6 7 8 8 8 9 10 10 10 11 12 12 12 13 13 13 14 14
1 12 14 0 3 13 14 2 5 6 8 4 4 7 13 6 4 9 10 8 8 11 12 10 0 10 13 2 6 12 0 2
-97.8046295
9802
C H H C H C H C H C H C H C H C C
0 0 0 0 1 2 3 3 3 4 5 5 5 6 7 7 7 8 9 9 9 10 11 11 11 12 13 13 13 14 15 15 15 16 16 16
1 2 11 13 0 0 4 5 7 3 3 6 15 5 3 8 9 7 7 10 16 9 0 12 16 11 0 14 15 13 5 13 16 9 11 15
-109.49818197
87N2
N H C H C H C H C H C H C H C C
0 0 0 0 0 1 2 2 2 2 2 3 4 4 4 4 5 6 6 6 7 8 8 8 9 10 10 10 11 12 12 12 13 14 14 14 14 15 15 15 15 15
1 2 4 14 15 0 0 3 4 14 15 2 0 2 5 15 4 7 8 10 6 6 9 15 8 6 11 12 10 10 13 14 12 0 2 12 15 0 2 4 8 14
-105.94253455
97N2
C H C H C H C H C H C H C H C C N
0 0 0 0 1 2 2 2 3 4 4 4 4 5 6 6 6 7 8 8 8 9 10 10 10 11 12 12 12 13 14 14 14 15 15 15 16 16
1 4 14 16 0 3 4 15 2 0 2 5 16 4 7 12 14 6 9 10 15 8 8 11 12 10 6 10 13 12 0 6 15 2 8 14 0 4
-115.09324116
87N1
N H C H C H C H C H C H C H C C
0 0 0 0 0 1 2 2 2 2 3 4 4 4 4 4 5 6 6 6 7 8 8 8 9 10 10 10 11 12 12 12 13 14 14 14 14 14 15 15 15 15
1 2 4 14 15 0 0 3 4 14 2 0 2 5 14 15 4 7 10 14 6 9 10 12 8 6 8 11 10 8 13 15 12 0 2 4 6 15 0 4 12 14
-106.28688003
86S1
C H C H C H C H C H C H C C S
0 0 0 1 2 2 2 3 4 4 4 5 6 6 6 7 8 8 8 9 10 10 10 11 12 12 12 13 13 13 14 14
1 2 12 0 0 3 14 2 5 10 12 4 7 8 13 6 6 9 10 8 4 8 11 10 0 4 13 6 12 14 2 13
-98.16846724
