au-44S1-b
C H C H C H C H S
0 0 0 1 2 2 2 3 4 4 4 5 6 6 6 7 8 8
1 2 4 0 0 3 8 2 0 5 6 4 4 7 8 6 2 6
-54.76280166000001
pd-55N1-b
C H C H C H C H C H Pd N Pd Pd Pd
0 0 0 0 1 2 2 2 2 3 4 4 4 4 5 6 6 6 6 7 8 8 8 8 9 10 10 11 11 11 12 13 13 14
1 2 10 11 0 0 3 4 10 2 2 5 6 12 4 4 7 8 13 6 6 9 11 13 8 0 2 0 8 14 4 6 8 11
-73.28364045999999
ir-66S1-b
S H C H C H C H C H C H Ir C Ir Ir Ir
0 0 0 1 2 2 2 2 3 4 4 4 4 5 6 6 6 6 7 8 8 8 8 9 10 10 10 10 11 12 12 13 13 13 13 14 14 15 15 16
1 13 16 0 3 8 12 13 2 5 6 13 14 4 4 7 10 15 6 2 9 10 12 8 6 8 11 15 10 2 8 0 2 4 14 4 13 6 10 0
-82.16610844999997
ir-7801-b
Ir C C H C Ir C H C H Ir C H Ir C H H H H
0 1 1 1 1 2 2 2 2 3 4 4 4 4 5 5 6 6 6 6 7 8 8 8 8 9 10 11 11 11 11 12 13 13 14 14 14 14 15 16 17 18
4 4 5 6 7 4 11 13 15 4 0 1 2 3 1 6 1 5 8 9 1 6 10 11 12 6 8 2 8 13 14 8 2 11 11 16 17 18 2 14 14 14
-94.82768202999995
ag-55N1-b
C H C H C H C H C H N
0 0 0 1 2 2 2 3 4 4 4 5 6 6 6 7 8 8 8 9 10 10
1 2 10 0 0 3 4 2 2 5 6 4 4 7 8 6 6 9 10 8 0 8
-71.71510308
ni-7801-a
Ni C C H C Ni C H C H Ni C H Ni C H H H H
0 1 1 1 1 2 2 2 2 3 4 4 4 4 5 5 6 6 6 6 7 8 8 8 8 9 10 11 11 11 11 12 13 13 14 14 14 14 15 16 17 18
4 4 5 6 7 4 11 13 15 4 0 1 2 3 1 6 1 5 8 9 1 6 10 11 12 6 8 2 8 13 14 8 2 11 11 16 17 18 2 14 14 14
-94.65692632999998
os-66S1-a
S H C H C H C H C H C H Os Os C Os Os
0 0 0 1 2 2 2 2 3 4 4 4 4 5 6 6 6 6 7 8 8 8 8 9 10 10 10 10 11 12 12 13 13 14 14 14 14 15 15 16
1 14 16 0 3 8 13 14 2 5 6 14 15 4 4 7 10 15 6 2 9 10 12 8 6 8 11 12 10 8 10 2 14 0 2 4 13 4 6 0
-82.54825917000005
pd-8a02-b
C H H H C H H H C H C H C H C H Pd C Pd C Pd
0 0 0 0 1 2 3 4 4 4 4 5 6 7 8 8 8 8 9 10 10 10 10 11 12 12 12 12 13 14 14 14 14 15 16 16 17 17 17 17 18 18 19 19 19 19 20 20
1 2 3 17 0 0 0 5 6 7 19 4 4 4 9 17 19 20 8 11 12 16 17 10 10 13 14 16 12 12 15 18 19 14 10 12 0 8 10 20 14 19 4 8 14 18 8 17
-111.48985461000004
pd-5601-a
C H H C H C H C H C H Pd Pd Pd
0 0 0 0 1 2 3 3 3 3 4 5 5 5 5 6 7 7 7 7 8 9 9 9 9 10 11 11 12 13
1 2 3 9 0 0 0 4 5 11 3 3 6 7 11 5 5 8 9 12 7 0 7 10 13 9 3 5 7 9
-68.26367459000002
pt-55N1-b
C H C H C H C H C H Pt Pt N Pt
0 0 0 0 1 2 2 2 2 3 4 4 4 4 5 6 6 6 6 7 8 8 8 9 10 10 11 12 12 13
1 2 11 12 0 0 3 4 10 2 2 5 6 10 4 4 7 8 13 6 6 9 12 8 2 4 0 0 8 6
-72.52135576
cu-5601-b
C H H C H C H C H C H Cu Cu
0 0 0 0 1 2 3 3 3 3 4 5 5 5 5 6 7 7 7 7 8 9 9 9 9 10 11 11 12 12
1 2 3 9 0 0 0 4 5 11 3 3 6 7 11 5 5 8 9 12 7 0 7 10 12 9 3 5 7 9
-66.91495670999998
au-6611-b
C H C H C H C H C H O H C
0 0 0 1 2 2 2 3 4 4 4 5 6 6 6 7 8 8 8 9 10 10 11 12 12 12
1 2 8 0 0 3 6 2 5 6 12 4 2 4 7 6 0 9 12 8 11 12 10 4 8 10
-83.40050466
ru-55N1-b
C H C H C H C H C H Ru N Ru Ru
0 0 0 0 1 2 2 2 2 3 4 4 4 4 5 6 6 6 6 7 8 8 8 8 8 9 10 10 11 11 11 12 12 12 13 13
1 2 10 11 0 0 3 4 10 2 2 5 6 12 4 4 7 8 12 6 6 9 11 12 13 8 0 2 0 8 13 4 6 8 8 11
-73.28585079999999
zn-6601-a
C C H C C H C H C H H H
0 0 0 1 1 1 2 3 3 3 4 4 4 5 6 6 6 7 8 8 8 9 10 11
3 4 5 3 8 11 3 0 1 2 0 6 7 0 4 8 9 4 1 6 10 6 8 1
-76.41074334000001
pt-6611-b
C H C H C H C H C H O H Pt Pt C Pt Pt
0 0 0 0 1 2 2 2 2 3 4 4 4 4 5 6 6 6 6 7 8 8 8 8 9 10 10 11 12 13 13 14 14 14 14 15 16 16
1 2 8 12 0 0 3 6 16 2 5 6 14 15 4 2 4 7 16 6 0 9 13 14 8 11 14 10 0 8 14 4 8 10 13 4 2 6
-84.75377299000002
rh-67N1-a
N H H C H C H C H C H C H Rh Rh C Rh Rh
0 0 0 0 1 2 3 3 3 3 4 5 5 5 5 6 7 7 7 7 8 9 9 9 9 10 11 11 11 11 12 13 13 14 14 15 15 15 15 16 16 17
1 2 15 17 0 0 4 9 14 15 3 6 7 15 16 5 5 8 11 16 7 3 10 11 13 9 7 9 12 13 11 9 11 3 15 0 3 5 14 5 7 0
-90.53849962999999
pt-6601-b
C C H C Pt C H C H Pt C H H Pt H
0 0 0 0 1 1 1 1 2 3 3 3 4 5 5 5 6 7 7 7 7 8 9 10 10 10 11 12 13 14
3 4 5 6 3 10 13 14 3 0 1 2 0 0 7 8 0 5 9 10 11 5 7 1 7 12 7 10 1 1
-77.14407409
cd-55N1-b
C H C H C H C H C H N
0 0 0 1 2 2 2 3 4 4 4 5 6 6 6 7 8 8 8 9 10 10
1 2 10 0 0 3 4 2 2 5 6 4 4 7 8 6 6 9 10 8 0 8
-71.58381082
zn-4411-a
C H C H C H C H O
0 0 0 1 2 2 2 3 4 4 4 5 6 6 6 7 8 8
1 2 4 0 0 3 8 2 0 5 6 4 4 7 8 6 2 6
-56.78240681
ir-6601-b
Ir Ir C C H C C H Ir C H C H H H
0 0 0 1 1 1 2 2 2 2 3 3 3 3 4 5 5 5 5 5 6 6 6 6 6 7 8 8 8 9 9 9 9 10 11 11 11 11 11 12 13 14
3 5 11 2 5 6 1 5 6 7 0 5 11 14 5 0 1 2 3 4 1 2 8 9 10 2 6 9 11 6 8 11 12 6 0 3 8 9 13 9 11 3
-77.21852629
pt-4411-a
C H C H C H C H Pt Pt O Pt Pt
0 0 0 0 1 2 2 2 2 3 4 4 4 4 5 6 6 6 6 7 8 8 9 10 10 10 11 12
1 2 4 8 0 0 3 9 10 2 0 5 6 8 4 4 7 10 11 6 0 4 2 2 6 12 6 10
-57.56647662
ir-55N1-b
C H C H C H C H C H Ir Ir N Ir
0 0 0 0 1 2 2 2 2 3 4 4 4 4 5 6 6 6 6 7 8 8 8 9 10 10 11 12 12 13
1 2 11 12 0 0 3 4 10 2 2 5 6 10 4 4 7 8 13 6 6 9 12 8 2 4 0 0 8 6
-72.58648876999996
ir-4411-b
C H C H C H C H Ir Ir Ir O
0 0 0 0 1 2 2 2 2 3 4 4 4 4 5 6 6 6 6 7 8 9 9 10 11 11
1 2 4 8 0 0 3 10 11 2 0 5 6 9 4 4 7 9 11 6 0 4 6 2 2 6
-58.16971239999998
ir-45N1-a
C H C H C H N H C H Ir Ir Ir
0 0 0 0 1 2 2 2 2 3 4 4 4 4 5 6 6 6 7 8 8 8 8 9 10 10 11 12
1 2 4 10 0 0 3 8 10 2 0 5 6 11 4 4 7 8 6 2 6 9 12 8 0 2 4 8
-64.00228274
pd-6601-a
C C H C C H C H C H H H
0 0 0 1 1 1 2 3 3 3 4 4 4 5 6 6 6 7 8 8 8 9 10 11
3 4 5 3 8 11 3 0 1 2 0 6 7 0 4 8 9 4 1 6 10 6 8 1
-76.78711648999999
pt-5601-b
C H H C H C H C H C H Pt Pt Pt
0 0 0 0 1 2 3 3 3 3 4 5 5 5 5 6 7 7 7 7 8 9 9 9 9 10 11 12 13 13
1 2 3 9 0 0 0 4 5 11 3 3 6 7 12 5 5 8 9 13 7 0 7 10 13 9 3 5 7 9
-68.39239544999998
zn-55N1-a
C H C H C H C H C H N Zn
0 0 0 1 2 2 2 3 4 4 4 5 6 6 6 7 8 8 8 9 10 10 10 11
1 2 10 0 0 3 4 2 2 5 6 4 4 7 8 6 6 9 10 8 0 8 11 10
-71.85138900999999
ag-44S1-b
C H C H C H C H S Ag Ag
0 0 0 1 2 2 2 3 4 4 4 5 6 6 6 6 7 8 8 8 9 10
1 2 4 0 0 3 8 2 0 5 6 4 4 7 8 9 6 2 6 10 6 8
-54.727886470000016
ru-5601-a
C H Ru H C H C H C H C H Ru Ru
0 0 0 0 0 1 2 2 3 3 4 4 4 4 5 6 6 6 6 7 8 8 8 8 9 10 10 10 10 11 12 12 13 13
1 2 3 4 10 0 0 3 0 2 0 5 6 12 4 4 7 8 12 6 6 9 10 13 8 0 8 11 13 10 4 6 8 10
-68.31215699
ru-45N1-b
C H C H C H N H C H Ru Ru Ru
0 0 0 0 1 2 2 2 2 2 2 3 4 4 4 5 6 6 6 7 8 8 8 8 9 10 10 11 12 12
1 2 4 10 0 0 3 8 10 11 12 2 0 5 6 4 4 7 8 6 2 6 9 12 8 0 2 2 2 8
-63.721416980000015
pt-44S1-b
C H C H C H C H Pt Pt Pt S Pt
0 0 0 0 1 2 2 2 2 3 4 4 4 4 5 6 6 6 6 7 8 9 9 10 11 11 11 12
1 2 4 8 0 0 3 10 11 2 0 5 6 9 4 4 7 9 11 6 0 4 6 2 2 6 12 11
-56.407385490000024
ru-44S1-b
C H C H C H C H Ru Ru Ru S Ru
0 0 0 0 1 2 2 2 2 2 3 4 4 4 4 4 5 6 6 6 6 7 8 8 8 9 9 10 10 11 11 11 11 12
1 2 4 8 0 0 3 8 10 11 2 0 5 6 8 9 4 4 7 9 11 6 0 2 4 4 6 2 11 2 6 10 12 11
-56.4248662
cd-4411-a
C H C H C H C H O
0 0 0 1 2 2 2 3 4 4 4 5 6 6 6 7 8 8
1 2 4 0 0 3 8 2 0 5 6 4 4 7 8 6 2 6
-56.745753439999994
au-4411-a
C H C H C H C H O
0 0 0 1 2 2 2 3 4 4 4 5 6 6 6 7 8 8
1 2 4 0 0 3 8 2 0 5 6 4 4 7 8 6 2 6
-56.92080585000002
ru-66S1-b
S H C H C H C H C H C H Ru C Ru Ru Ru
0 0 0 1 2 2 2 2 3 4 4 4 4 5 6 6 6 6 7 8 8 8 8 9 10 10 10 10 11 12 12 13 13 13 13 14 14 15 15 16
1 13 16 0 3 8 12 13 2 5 6 13 14 4 4 7 10 15 6 2 9 10 12 8 6 8 11 15 10 2 8 0 2 4 14 4 13 6 10 0
-82.63935132
au-6601-b
C C H C C H C H C H H H
0 0 0 1 1 1 2 3 3 3 4 4 4 5 6 6 6 7 8 8 8 9 10 11
3 4 5 3 8 11 3 0 1 2 0 6 7 0 4 8 9 4 1 6 10 6 8 1
-76.61644032000001
cd-66S1-a
S H C H C H C H C H C H C Cd
0 0 0 1 2 2 2 3 4 4 4 5 6 6 6 7 8 8 8 9 10 10 10 11 12 12 12 13
1 12 13 0 3 8 12 2 5 6 12 4 4 7 10 6 2 9 10 8 6 8 11 10 0 2 4 0
-80.36251971000002
os-8a02-b
C H H H C H H H C H C H C H C H Os C Os C Os
0 0 0 0 1 2 3 4 4 4 4 5 6 7 8 8 8 8 9 10 10 10 10 11 12 12 12 12 13 14 14 14 14 15 16 16 17 17 17 17 18 18 19 19 19 19 20 20
1 2 3 17 0 0 0 5 6 7 19 4 4 4 9 17 19 20 8 11 12 16 17 10 10 13 14 16 12 12 15 18 19 14 10 12 0 8 10 20 14 19 4 8 14 18 8 17
-111.59755238000002
zn-45N1-b
C H C H C H N H C H
0 0 0 1 2 2 2 3 4 4 4 5 6 6 6 7 8 8 8 9
1 2 4 0 0 3 8 2 0 5 6 4 4 7 8 6 2 6 9 8
-62.794768219999995
cu-55N1-b
C H C H C H C H C H N Cu
0 0 0 1 2 2 2 3 4 4 4 5 6 6 6 7 8 8 8 9 10 10 10 11
1 2 10 0 0 3 4 2 2 5 6 4 4 7 8 6 6 9 10 8 0 8 11 10
-72.07548845
cd-44S1-a
C H C H C H C H S
0 0 0 1 2 2 2 3 4 4 4 5 6 6 6 7 8 8
1 2 4 0 0 3 8 2 0 5 6 4 4 7 8 6 2 6
-54.55533239
ag-8a03-b
C H C H C H C H C H H H C H H H Ag C C
0 0 0 0 1 2 2 2 3 4 4 4 5 6 6 6 7 8 8 8 8 9 10 11 12 12 12 12 13 14 15 16 17 17 17 18 18 18
1 2 4 16 0 0 3 17 2 0 5 6 4 4 7 18 6 9 10 11 17 8 8 8 13 14 15 18 12 12 12 0 2 8 18 6 12 17
-110.16659466000002
os-44S1-b
C H C H C H C H Os Os Os S
0 0 0 0 1 2 2 2 2 2 3 4 4 4 4 4 5 6 6 6 6 7 8 8 8 9 9 10 10 11 11 11
1 2 4 8 0 0 3 8 10 11 2 0 5 6 8 9 4 4 7 9 11 6 0 2 4 4 6 2 11 2 6 10
-56.372045160000084
cd-8a02-b
C H H H C H H H C H C H C H C H C C
0 0 0 0 1 2 3 4 4 4 4 5 6 7 8 8 8 9 10 10 10 11 12 12 12 13 14 14 14 15 16 16 16 17 17 17
1 2 3 16 0 0 0 5 6 7 17 4 4 4 9 16 17 8 11 12 16 10 10 13 14 12 12 15 17 14 0 8 10 4 8 14
-109.96451068000002
pd-44S1-b
C H C H C H C H Pd Pd Pd S Pd
0 0 0 0 1 2 2 2 2 3 4 4 4 4 5 6 6 6 6 7 8 9 9 10 10 11 11 11 11 12
1 2 4 8 0 0 3 10 11 2 0 5 6 9 4 4 7 9 11 6 0 4 6 2 11 2 6 10 12 11
-56.510988070000025
cu-66S1-a
S H C H C H C H C H C H C Cu
0 0 0 1 2 2 2 3 4 4 4 5 6 6 6 7 8 8 8 9 10 10 10 11 12 12 12 13
1 12 13 0 3 8 12 2 5 6 12 4 4 7 10 6 2 9 10 8 6 8 11 10 0 2 4 0
-80.77077935
zn-4411-b
C H C H C H C H O
0 0 0 1 2 2 2 3 4 4 4 5 6 6 6 7 8 8
1 2 4 0 0 3 8 2 0 5 6 4 4 7 8 6 2 6
-56.8195606
ni-44S1-b
C H C H C H C H Ni Ni Ni S Ni
0 0 0 0 1 2 2 2 2 3 4 4 4 4 4 5 6 6 6 6 7 8 8 9 9 10 10 11 11 11 11 12
1 2 4 8 0 0 3 10 11 2 0 5 6 8 9 4 4 7 9 11 6 0 4 4 6 2 11 2 6 10 12 11
-56.212983329999986
ni-8a01-a
C H H H C H H H C H C H C H C H Ni C C Ni Ni
0 0 0 0 1 2 3 4 4 4 4 5 6 7 8 8 8 8 9 10 10 10 10 11 12 12 12 12 13 14 14 14 14 15 16 16 17 17 17 17 18 18 18 18 19 19 20 20
1 2 3 17 0 0 0 5 6 7 18 4 4 4 9 14 18 19 8 11 12 16 17 10 10 13 16 18 12 8 15 17 20 14 10 12 0 10 14 20 4 8 12 19 8 18 14 17
-111.31726771000001
cd-8a03-a
C H C H C H C H C H H H C H H H C C
0 0 0 1 2 2 2 3 4 4 4 5 6 6 6 7 8 8 8 8 9 10 11 12 12 12 12 13 14 15 16 16 16 17 17 17
1 2 4 0 0 3 16 2 0 5 6 4 4 7 17 6 9 10 11 16 8 8 8 13 14 15 17 12 12 12 2 8 17 6 12 16
-109.94542954000002
cd-8a01-b
C H H H C H H H C H C H C H C H C C
0 0 0 0 1 2 3 4 4 4 4 5 6 7 8 8 8 9 10 10 10 11 12 12 12 13 14 14 14 15 16 16 16 17 17 17
1 2 3 16 0 0 0 5 6 7 17 4 4 4 9 14 17 8 11 12 16 10 10 13 17 12 8 15 16 14 0 10 14 4 8 12
-109.93974922000001
cd-7801-a
C C H C C H C H C H C H H H H
0 0 0 1 1 1 2 3 3 3 4 4 4 5 6 6 6 7 8 8 8 9 10 10 10 10 11 12 13 14
3 4 5 3 8 11 3 0 1 2 0 6 7 0 4 8 9 4 1 6 10 6 8 12 13 14 1 10 10 10
-93.16403488
rh-6601-b
Rh Rh C C H C C H Rh C H C H H H
0 0 0 1 1 1 2 2 2 2 3 3 3 3 4 5 5 5 5 5 6 6 6 6 6 7 8 8 8 9 9 9 9 10 11 11 11 11 11 12 13 14
3 5 11 2 5 6 1 5 6 7 0 5 11 14 5 0 1 2 3 4 1 2 8 9 10 2 6 9 11 6 8 11 12 6 0 3 8 9 13 9 11 3
-77.75026508000002
cd-8a02-a
C H H H C H H H C H C H C H C H C C
0 0 0 0 1 2 3 4 4 4 4 5 6 7 8 8 8 9 10 10 10 11 12 12 12 13 14 14 14 15 16 16 16 17 17 17
1 2 3 16 0 0 0 5 6 7 17 4 4 4 9 16 17 8 11 12 16 10 10 13 14 12 12 15 17 14 0 8 10 4 8 14
-109.92699502000002
ni-66S1-b
S H C H C H C H C H C H Ni C Ni Ni Ni
0 0 0 1 2 2 2 2 3 4 4 4 4 5 6 6 6 6 7 8 8 8 8 9 10 10 10 10 11 12 12 13 13 13 13 14 14 15 15 16
1 13 16 0 3 8 12 13 2 5 6 13 14 4 4 7 10 15 6 2 9 10 12 8 6 8 11 15 10 2 8 0 2 4 14 4 13 6 10 0
-82.19481207000001
ag-6601-b
C C H C Ag C H C H Ag C H H Ag H
0 0 0 0 1 1 1 1 2 3 3 3 4 5 5 5 6 7 7 7 7 8 9 10 10 10 11 12 13 14
3 4 5 6 3 10 13 14 3 0 1 2 0 0 7 8 0 5 9 10 11 5 7 1 7 12 7 10 1 1
-76.58352206
cu-45N1-b
C H C H C H N H C H
0 0 0 1 2 2 2 3 4 4 4 5 6 6 6 7 8 8 8 9
1 2 4 0 0 3 8 2 0 5 6 4 4 7 8 6 2 6 9 8
-63.039306839999995
zn-67N1-a
N H H C H C H C H C H C H C Zn
0 0 0 0 1 2 3 3 3 4 5 5 5 6 7 7 7 8 9 9 9 10 11 11 11 12 13 13 13 14
1 2 13 14 0 0 4 9 13 3 6 7 13 5 5 8 11 7 3 10 11 9 7 9 12 11 0 3 5 0
-88.84415845999999
rh-66S1-a
S H C H C H C H C H C H Rh Rh C Rh Rh
0 0 0 1 2 2 2 2 3 4 4 4 4 5 6 6 6 6 7 8 8 8 8 9 10 10 10 10 11 12 12 13 13 14 14 14 14 15 15 16
1 14 16 0 3 8 13 14 2 5 6 14 15 4 4 7 10 15 6 2 9 10 12 8 6 8 11 12 10 8 10 2 14 0 2 4 13 4 6 0
-82.71021768000003
pt-7801-b
Pt C C H C Pt C H C H Pt C H Pt C H H H H
0 1 1 1 1 2 2 2 2 3 4 4 4 4 5 5 6 6 6 6 7 8 8 8 8 9 10 11 11 11 11 12 13 13 14 14 14 14 15 16 17 18
4 4 5 6 7 4 11 13 15 4 0 1 2 3 1 6 1 5 8 9 1 6 10 11 12 6 8 2 8 13 14 8 2 11 11 16 17 18 2 14 14 14
-94.74972888000002
ir-44S1-b
C H C H C H C H Ir Ir Ir S
0 0 0 0 1 2 2 2 2 3 4 4 4 4 5 6 6 6 6 7 8 9 9 10 10 11 11 11
1 2 4 8 0 0 3 10 11 2 0 5 6 9 4 4 7 9 11 6 0 4 6 2 11 2 6 10
-56.110643839999966
ni-6611-b
C H C H C H C H C H O H Ni C Ni Ni
0 0 0 0 1 2 2 2 2 3 4 4 4 4 5 6 6 6 6 7 8 8 8 8 9 10 10 11 12 12 13 13 13 13 14 14 15 15
1 2 8 12 0 0 3 6 15 2 5 6 13 14 4 2 4 7 15 6 0 9 12 13 8 11 13 10 0 8 4 8 10 14 4 13 2 6
-84.59845783999998
ir-8a03-a
C H C H C H C H C H H H C H H H Ir C Ir C Ir
0 0 0 0 1 2 2 2 2 3 4 4 4 4 5 6 6 6 6 7 8 8 8 8 9 10 11 12 12 12 12 13 14 15 16 16 17 17 17 17 18 18 19 19 19 19 20 20
1 2 4 16 0 0 3 16 17 2 0 5 6 20 4 4 7 19 20 6 9 10 11 17 8 8 8 13 14 15 19 12 12 12 0 2 2 8 18 19 17 19 6 12 17 18 4 6
-111.38888741999995
pd-45N1-a
C H C H C H N H C H Pd Pd Pd
0 0 0 0 1 2 2 2 2 3 4 4 4 4 5 6 6 6 7 8 8 8 8 9 10 10 11 12
1 2 4 10 0 0 3 8 11 2 0 5 6 10 4 4 7 8 6 2 6 9 12 8 0 4 2 8
-64.05414096000001
ni-7801-b
Ni C C H C Ni C H C H Ni C H Ni C H H H H
0 1 1 1 1 2 2 2 2 3 4 4 4 4 5 5 6 6 6 6 7 8 8 8 8 9 10 11 11 11 11 12 13 13 14 14 14 14 15 16 17 18
4 4 5 6 7 4 11 13 15 4 0 1 2 3 1 6 1 5 8 9 1 6 10 11 12 6 8 2 8 13 14 8 2 11 11 16 17 18 2 14 14 14
-94.65359505999999
pd-8a02-a
C H H H C H H H C H C H C H C H Pd C Pd C Pd
0 0 0 0 1 2 3 4 4 4 4 5 6 7 8 8 8 8 9 10 10 10 10 11 12 12 12 12 13 14 14 14 14 15 16 16 17 17 17 17 18 18 19 19 19 19 20 20
1 2 3 17 0 0 0 5 6 7 19 4 4 4 9 17 19 20 8 11 12 16 17 10 10 13 14 16 12 12 15 18 19 14 10 12 0 8 10 20 14 19 4 8 14 18 8 17
-111.49032147
rh-45N1-b
C H C H C H N H C H Rh Rh Rh
0 0 0 0 1 2 2 2 2 3 4 4 4 4 5 6 6 6 7 8 8 8 8 9 10 11 11 12
1 2 4 10 0 0 3 8 11 2 0 5 6 12 4 4 7 8 6 2 6 9 11 8 0 2 8 4
-63.946255640000004
cd-5601-a
C H H C H C H C H C H
0 0 0 0 1 2 3 3 3 4 5 5 5 6 7 7 7 8 9 9 9 10
1 2 3 9 0 0 0 4 5 3 3 6 7 5 5 8 9 7 0 7 10 9
-66.48251089000001
os-5601-b
C H H C H C H C H C H Os Os Os
0 0 0 0 1 2 3 3 3 3 4 5 5 5 5 6 7 7 7 7 7 8 9 9 9 9 10 11 12 12 13 13
1 2 3 9 0 0 0 4 5 11 3 3 6 7 12 5 5 8 9 12 13 7 0 7 10 13 9 3 5 7 7 9
-68.49868612
pt-44S1-a
C H C H C H C H Pt Pt S Pt Pt
0 0 0 0 1 2 2 2 2 3 4 4 4 4 5 6 6 6 6 7 8 8 9 10 10 10 11 12
1 2 4 8 0 0 3 8 10 2 0 5 6 9 4 4 7 10 11 6 0 2 4 2 6 12 6 10
-56.430865159999996
au-44S1-a
C H C H C H C H S
0 0 0 1 2 2 2 3 4 4 4 5 6 6 6 7 8 8
1 2 4 0 0 3 8 2 0 5 6 4 4 7 8 6 2 6
-54.75984385000001
ru-7801-b
Ru C C H C Ru C H C H Ru Ru C H C Ru H H H H
0 0 0 1 1 1 1 1 2 2 2 2 2 2 3 4 4 4 4 5 5 5 6 6 6 6 7 8 8 8 8 8 8 9 10 11 11 11 12 12 12 12 13 14 14 14 14 15 16 17 18 19
1 2 4 0 4 5 6 7 0 4 11 12 15 16 4 0 1 2 3 1 6 8 1 5 8 9 1 5 6 10 11 12 13 6 8 2 8 12 2 8 11 14 8 12 17 18 19 2 2 14 14 14
-95.01399915999997
ni-4411-a
C H C H C H C H Ni Ni O Ni Ni
0 0 0 0 1 2 2 2 2 3 4 4 4 4 5 6 6 6 6 7 8 8 9 10 10 10 11 12
1 2 4 8 0 0 3 9 10 2 0 5 6 8 4 4 7 10 11 6 0 4 2 2 6 12 6 10
-57.69212485999998
cd-8a03-b
C H C H C H C H C H H H C H H H C C
0 0 0 1 2 2 2 3 4 4 4 5 6 6 6 7 8 8 8 8 9 10 11 12 12 12 12 13 14 15 16 16 16 17 17 17
1 2 4 0 0 3 16 2 0 5 6 4 4 7 17 6 9 10 11 16 8 8 8 13 14 15 17 12 12 12 2 8 17 6 12 16
-109.97280947000002
zn-67N1-b
N H H C H C H C H C H C H C
0 0 0 1 2 3 3 3 4 5 5 5 6 7 7 7 8 9 9 9 10 11 11 11 12 13 13 13
1 2 13 0 0 4 9 13 3 6 7 13 5 5 8 11 7 3 10 11 9 7 9 12 11 0 3 5
-88.80870375
ru-6601-b
Ru Ru Ru C C H C C H Ru Ru C H C H Ru H H
0 0 0 1 2 2 2 3 3 3 3 4 4 4 4 5 6 6 6 6 6 6 7 7 7 7 7 7 8 9 10 10 10 11 11 11 11 12 13 13 13 13 13 13 14 15 16 17
4 6 13 6 3 6 7 2 6 7 8 0 6 13 17 6 0 1 2 3 4 5 2 3 9 10 11 12 3 7 7 11 13 7 10 13 14 7 0 4 10 11 15 16 11 13 13 4
-78.04982741000003
cu-6611-a
C H C H C H C H C H O H C
0 0 0 1 2 2 2 3 4 4 4 5 6 6 6 7 8 8 8 9 10 10 11 12 12 12
1 2 8 0 0 3 6 2 5 6 12 4 2 4 7 6 0 9 12 8 11 12 10 4 8 10
-83.45144593999999
cd-66S1-b
S H C H C H C H C H C H C
0 0 1 2 2 2 3 4 4 4 5 6 6 6 7 8 8 8 9 10 10 10 11 12 12 12
1 12 0 3 8 12 2 5 6 12 4 4 7 10 6 2 9 10 8 6 8 11 10 0 2 4
-80.37375542999999
zn-7801-b
C C H C C H C H C H C H H H H
0 0 0 1 1 1 2 3 3 3 4 4 4 5 6 6 6 7 8 8 8 9 10 10 10 10 11 12 13 14
3 4 5 3 8 11 3 0 1 2 0 6 7 0 4 8 9 4 1 6 10 6 8 12 13 14 1 10 10 10
-93.22586081
os-8a03-b
C H C H C H C H C H H H C H H H Os C Os C Os Os
0 0 0 0 1 2 2 2 2 3 4 4 4 4 5 6 6 6 6 7 8 8 8 8 9 10 11 12 12 12 12 13 14 15 16 16 17 17 17 17 18 19 19 19 19 20 20 21
1 2 4 16 0 0 3 16 17 2 0 5 6 21 4 4 7 19 20 6 9 10 11 17 8 8 8 13 14 15 19 12 12 12 0 2 2 8 18 19 17 6 12 17 20 6 19 4
-111.60619584000005
ni-8a02-a
C H H H C H H H C H C H C H C H Ni C Ni C Ni
0 0 0 0 1 2 3 4 4 4 4 5 6 7 8 8 8 8 9 10 10 10 10 11 12 12 12 12 13 14 14 14 14 15 16 16 17 17 17 17 18 18 19 19 19 19 20 20
1 2 3 17 0 0 0 5 6 7 19 4 4 4 9 17 19 20 8 11 12 16 17 10 10 13 14 16 12 12 15 18 19 14 10 12 0 8 10 20 14 19 4 8 14 18 8 17
-111.3224985
rh-44S1-a
C H C H C H C H Rh Rh S Rh Rh
0 0 0 0 1 2 2 2 2 3 4 4 4 4 5 6 6 6 6 7 8 8 9 10 10 10 10 11 11 12
1 2 4 8 0 0 3 8 10 2 0 5 6 9 4 4 7 10 11 6 0 2 4 2 6 11 12 6 10 10
-56.63950341000003
cu-67N1-a
N H H C H C H C H C H C H C Cu
0 0 0 0 1 2 3 3 3 4 5 5 5 6 7 7 7 8 9 9 9 10 11 11 11 12 13 13 13 14
1 2 13 14 0 0 4 9 13 3 6 7 13 5 5 8 11 7 3 10 11 9 7 9 12 11 0 3 5 0
-89.10155665999997
ir-5601-a
C H H C H C H C H C H Ir Ir Ir
0 0 0 0 1 2 3 3 3 3 4 5 5 5 5 6 7 7 7 7 8 9 9 9 9 10 11 11 12 13
1 2 3 9 0 0 0 4 5 11 3 3 6 7 11 5 5 8 9 12 7 0 7 10 13 9 3 5 7 9
-68.39018972999997
ir-44S1-a
C H C H C H C H Ir Ir S Ir Ir
0 0 0 0 1 2 2 2 2 3 4 4 4 4 5 6 6 6 6 7 8 8 9 10 10 10 11 12
1 2 4 8 0 0 3 8 10 2 0 5 6 9 4 4 7 10 11 6 0 2 4 2 6 12 6 10
-56.50053983999999
cu-44S1-b
C H C H C H C H S Cu
0 0 0 1 2 2 2 3 4 4 4 5 6 6 6 7 8 8 8 9
1 2 4 0 0 3 8 2 0 5 6 4 4 7 8 6 2 6 9 8
-54.85562995999999
rh-55N1-a
C H C H C H C H Rh C H Rh Rh Rh N Rh Rh Rh
0 0 0 0 0 1 2 2 2 2 3 4 4 4 4 5 6 6 6 6 6 7 8 8 9 9 9 9 9 10 10 11 12 13 13 13 13 14 14 14 14 15 16 17
1 2 12 13 14 0 0 3 4 11 2 2 5 6 15 4 4 7 9 13 16 6 9 10 6 8 10 13 14 8 9 2 0 0 6 9 14 0 9 13 17 4 6 14
-72.27581422999998
rh-6601-a
Rh Rh Rh C C H C Rh C H Rh C H Rh C H Rh H H
0 0 1 1 1 1 1 1 2 2 3 3 3 3 3 3 4 4 4 4 4 4 5 6 6 6 6 6 6 7 7 8 8 8 8 8 8 9 10 10 11 11 11 11 11 11 12 13 13 14 14 14 14 14 14 15 16 16 17 18
4 6 3 4 6 8 11 14 3 6 1 2 6 7 8 9 0 1 6 14 16 18 6 0 1 2 3 4 5 3 8 1 3 7 10 11 12 3 8 11 1 8 10 13 14 15 8 11 14 1 4 11 13 16 17 11 4 14 14 4
-75.92004316999999
au-66S1-b
S H C H C H C H C H C H C Au
0 0 0 1 2 2 2 3 4 4 4 5 6 6 6 7 8 8 8 9 10 10 10 11 12 12 12 13
1 12 13 0 3 8 12 2 5 6 12 4 4 7 10 6 2 9 10 8 6 8 11 10 0 2 4 0
-80.71319642
ni-45N1-b
C H C H C H N H C H Ni Ni Ni
0 0 0 0 1 2 2 2 2 3 4 4 4 4 5 6 6 6 7 8 8 8 8 9 10 10 11 12
1 2 4 10 0 0 3 8 11 2 0 5 6 10 4 4 7 8 6 2 6 9 12 8 0 4 2 8
-63.63699329999997
ru-8a03-b
C H C H C H C H C H H H C H H H Ru C Ru C Ru
0 0 0 0 1 2 2 2 2 3 4 4 4 4 5 6 6 6 6 7 8 8 8 8 9 10 11 12 12 12 12 13 14 15 16 16 17 17 17 17 18 18 19 19 19 19 20 20
1 2 4 16 0 0 3 16 17 2 0 5 6 20 4 4 7 19 20 6 9 10 11 17 8 8 8 13 14 15 19 12 12 12 0 2 2 8 18 19 17 19 6 12 17 18 4 6
-111.62821156000001
ni-8a02-b
C H H H C H H H C H C H C H C H Ni C Ni Ni C Ni
0 0 0 0 1 2 3 4 4 4 4 5 6 7 8 8 8 8 9 10 10 10 10 11 12 12 12 12 13 14 14 14 14 15 16 16 17 17 17 17 18 19 19 20 20 20 20 21
1 2 3 17 0 0 0 5 6 7 20 4 4 4 9 17 20 21 8 11 12 16 17 10 10 13 14 18 12 12 15 19 20 14 10 17 0 8 10 16 12 14 20 4 8 14 19 8
-111.36089442999997
cu-8a01-a
C H H H C H H H C H C H C H C H C C
0 0 0 0 1 2 3 4 4 4 4 5 6 7 8 8 8 9 10 10 10 11 12 12 12 13 14 14 14 15 16 16 16 17 17 17
1 2 3 16 0 0 0 5 6 7 17 4 4 4 9 14 17 8 11 12 16 10 10 13 17 12 8 15 16 14 0 10 14 4 8 12
-110.14480270000001
zn-44S1-a
C H C H C H C H S
0 0 0 1 2 2 2 3 4 4 4 5 6 6 6 7 8 8
1 2 4 0 0 3 8 2 0 5 6 4 4 7 8 6 2 6
-54.60967221999999
cu-6601-a
C C H C C H C H C H H H
0 0 0 1 1 1 2 3 3 3 4 4 4 5 6 6 6 7 8 8 8 9 10 11
3 4 5 3 8 11 3 0 1 2 0 6 7 0 4 8 9 4 1 6 10 6 8 1
-76.54972219999999
cu-45N1-a
C H C H C H N H C H
0 0 0 1 2 2 2 3 4 4 4 5 6 6 6 7 8 8 8 9
1 2 4 0 0 3 8 2 0 5 6 4 4 7 8 6 2 6 9 8
-63.04325072999998
zn-8a03-a
C H C H C H C H C H H H C H H H C C
0 0 0 1 2 2 2 3 4 4 4 5 6 6 6 7 8 8 8 8 9 10 11 12 12 12 12 13 14 15 16 16 16 17 17 17
1 2 4 0 0 3 16 2 0 5 6 4 4 7 17 6 9 10 11 16 8 8 8 13 14 15 17 12 12 12 2 8 17 6 12 16
-110.00642309
rh-7801-b
Rh C C H C Rh C H C H Rh C H Rh C H H H H
0 1 1 1 1 2 2 2 2 3 4 4 4 4 5 5 6 6 6 6 7 8 8 8 8 9 10 11 11 11 11 12 13 13 14 14 14 14 15 16 17 18
4 4 5 6 7 4 11 13 15 4 0 1 2 3 1 6 1 5 8 9 1 6 10 11 12 6 8 2 8 13 14 8 2 11 11 16 17 18 2 14 14 14
-95.02737488000002
pd-4411-a
C H C H C H C H Pd Pd O Pd Pd
0 0 0 0 1 2 2 2 2 3 4 4 4 4 5 6 6 6 6 7 8 8 9 10 10 10 11 12
1 2 4 8 0 0 3 9 10 2 0 5 6 8 4 4 7 10 11 6 0 4 2 2 6 12 6 10
-57.775888390000006
rh-6611-a
C H C H C H C H C H O H Rh Rh C Rh Rh
0 0 0 0 1 2 2 2 2 3 4 4 4 4 5 6 6 6 6 7 8 8 8 8 9 10 10 11 12 12 13 14 14 14 14 15 15 16
1 2 8 12 0 0 3 6 12 2 5 6 14 15 4 2 4 7 16 6 0 9 13 14 8 11 14 10 0 2 8 4 8 10 15 4 14 6
-85.01035266000002
ag-7801-a
C C H C C H C H C H C H H H H
0 0 0 1 1 1 2 3 3 3 4 4 4 5 6 6 6 7 8 8 8 9 10 10 10 10 11 12 13 14
3 4 5 3 8 11 3 0 1 2 0 6 7 0 4 8 9 4 1 6 10 6 8 12 13 14 1 10 10 10
-93.33369375000001
rh-66S1-b
S H C H C H C H C H C H Rh C Rh Rh Rh
0 0 0 1 2 2 2 2 3 4 4 4 4 5 6 6 6 6 7 8 8 8 8 9 10 10 10 10 11 12 12 13 13 13 13 14 14 15 15 16
1 13 16 0 3 8 12 13 2 5 6 13 14 4 4 7 10 15 6 2 9 10 12 8 6 8 11 15 10 2 8 0 2 4 14 4 13 6 10 0
-82.64819552
os-4411-b
C H C H C H C H Os Os Os O
0 0 0 0 1 2 2 2 2 3 4 4 4 4 4 5 6 6 6 6 7 8 8 9 9 10 11 11
1 2 4 8 0 0 3 10 11 2 0 5 6 8 9 4 4 7 9 11 6 0 4 4 6 2 2 6
-58.140147410000054
zn-8a02-a
C H H H C H H H C H C H C H C H C C
0 0 0 0 1 2 3 4 4 4 4 5 6 7 8 8 8 9 10 10 10 11 12 12 12 13 14 14 14 15 16 16 16 17 17 17
1 2 3 16 0 0 0 5 6 7 17 4 4 4 9 16 17 8 11 12 16 10 10 13 14 12 12 15 17 14 0 8 10 4 8 14
-109.99557461999999
pt-45N1-a
C H C H C H N H C H Pt Pt Pt
0 0 0 0 1 2 2 2 2 3 4 4 4 4 5 6 6 6 7 8 8 8 8 9 10 10 11 12
1 2 4 10 0 0 3 8 10 2 0 5 6 11 4 4 7 8 6 2 6 9 12 8 0 2 4 8
-64.07045655000002
cu-66S1-b
S H C H C H C H C H C H C Cu
0 0 0 1 2 2 2 3 4 4 4 5 6 6 6 7 8 8 8 9 10 10 10 11 12 12 12 13
1 12 13 0 3 8 12 2 5 6 12 4 4 7 10 6 2 9 10 8 6 8 11 10 0 2 4 0
-80.77603539
cu-67N1-b
N H H C H C H C H C H C H C
0 0 0 1 2 3 3 3 4 5 5 5 6 7 7 7 8 9 9 9 10 11 11 11 12 13 13 13
1 2 13 0 0 4 9 13 3 6 7 13 5 5 8 11 7 3 10 11 9 7 9 12 11 0 3 5
-89.07085689000002
pt-8a03-b
C H C H C H C H C H H H C H H H Pt C Pt C Pt
0 0 0 0 1 2 2 2 2 3 4 4 4 4 5 6 6 6 6 7 8 8 8 8 9 10 11 12 12 12 12 13 14 15 16 16 17 17 17 17 18 18 19 19 19 19 20 20
1 2 4 16 0 0 3 16 17 2 0 5 6 20 4 4 7 19 20 6 9 10 11 17 8 8 8 13 14 15 19 12 12 12 0 2 2 8 18 19 17 19 6 12 17 18 4 6
-111.15954575
au-8a02-a
C H H H C H H H C H C H C H C H C C
0 0 0 0 1 2 3 4 4 4 4 5 6 7 8 8 8 9 10 10 10 11 12 12 12 13 14 14 14 15 16 16 16 17 17 17
1 2 3 16 0 0 0 5 6 7 17 4 4 4 9 16 17 8 11 12 16 10 10 13 14 12 12 15 17 14 0 8 10 4 8 14
-110.17294808000003
ag-5601-a
C H H C H C H C H C H Ag
0 0 0 0 1 2 3 3 3 3 4 5 5 5 5 6 7 7 7 8 9 9 9 10 11 11
1 2 3 9 0 0 0 4 5 11 3 3 6 7 11 5 5 8 9 7 0 7 10 9 3 5
-66.66216014
cd-6611-a
C H C H C H C H C H O H C
0 0 0 1 2 2 2 3 4 4 4 5 6 6 6 7 8 8 8 9 10 10 11 12 12 12
1 2 8 0 0 3 6 2 5 6 12 4 2 4 7 6 0 9 12 8 11 12 10 4 8 10
-83.18059196000002
ir-5601-b
C H H C H C H C H C H Ir Ir Ir
0 0 0 0 1 2 3 3 3 3 4 5 5 5 5 6 7 7 7 7 8 9 9 9 9 10 11 12 13 13
1 2 3 9 0 0 0 4 5 11 3 3 6 7 12 5 5 8 9 13 7 0 7 10 13 9 3 5 7 9
-68.41683004999999
os-7801-a
Os C C H C Os C H C H Os C H Os C H H H H
0 1 1 1 1 2 2 2 2 3 4 4 4 4 5 5 6 6 6 6 7 8 8 8 8 9 10 11 11 11 11 12 13 13 14 14 14 14 15 16 17 18
4 4 5 6 7 4 11 13 15 4 0 1 2 3 1 6 1 5 8 9 1 6 10 11 12 6 8 2 8 13 14 8 2 11 11 16 17 18 2 14 14 14
-94.94402887000001
pd-7801-a
Pd C C H C Pd C H C H Pd C H Pd C H H H H
0 1 1 1 1 2 2 2 2 3 4 4 4 4 5 5 6 6 6 6 7 8 8 8 8 9 10 11 11 11 11 12 13 13 14 14 14 14 15 16 17 18
4 4 5 6 7 4 11 13 15 4 0 1 2 3 1 6 1 5 8 9 1 6 10 11 12 6 8 2 8 13 14 8 2 11 11 16 17 18 2 14 14 14
-94.93741553999999
os-4411-a
C H C H C H C H Os Os O Os Os
0 0 0 0 1 2 2 2 2 3 4 4 4 4 5 6 6 6 6 7 8 8 9 10 10 10 11 12
1 2 4 8 0 0 3 9 10 2 0 5 6 8 4 4 7 10 11 6 0 4 2 2 6 12 6 10
-57.96312879000004
pt-8a02-b
C H H H C H H H C H C H C H C H Pt C Pt C Pt
0 0 0 0 1 2 3 4 4 4 4 5 6 7 8 8 8 8 9 10 10 10 10 11 12 12 12 12 13 14 14 14 14 15 16 16 17 17 17 17 18 18 19 19 19 19 20 20
1 2 3 17 0 0 0 5 6 7 19 4 4 4 9 17 19 20 8 11 12 16 17 10 10 13 14 16 12 12 15 18 19 14 10 12 0 8 10 20 14 19 4 8 14 18 8 17
-111.18798579000003
au-8a01-a
C H H H C H H H C H C H C H C H C C
0 0 0 0 1 2 3 4 4 4 4 5 6 7 8 8 8 9 10 10 10 11 12 12 12 13 14 14 14 15 16 16 16 17 17 17
1 2 3 16 0 0 0 5 6 7 17 4 4 4 9 14 17 8 11 12 16 10 10 13 17 12 8 15 16 14 0 10 14 4 8 12
-110.12122274000001
os-6611-a
C H C H C H C H C H O H Os Os C Os Os
0 0 0 0 1 2 2 2 2 3 4 4 4 4 5 6 6 6 6 7 8 8 8 8 9 10 10 11 12 12 13 14 14 14 14 15 15 16
1 2 8 12 0 0 3 6 12 2 5 6 14 15 4 2 4 7 16 6 0 9 13 14 8 11 14 10 0 2 8 4 8 10 15 4 14 6
-84.97324973000002
ag-8a02-a
C H H H C H H H C H C H C H C H C C
0 0 0 0 1 2 3 4 4 4 4 5 6 7 8 8 8 9 10 10 10 11 12 12 12 13 14 14 14 15 16 16 16 17 17 17
1 2 3 16 0 0 0 5 6 7 17 4 4 4 9 16 17 8 11 12 16 10 10 13 14 12 12 15 17 14 0 8 10 4 8 14
-110.1253859
os-8a03-a
C H C H C H C H C H H H C H H H Os Os Os C C Os
0 0 0 0 1 2 2 2 2 2 2 3 4 4 4 4 4 5 6 6 6 6 7 8 8 8 8 9 10 11 12 12 12 12 13 14 15 16 16 16 17 18 18 19 19 19 19 20 20 20 20 21 21 21
1 2 4 16 0 0 3 16 17 18 19 2 0 5 6 16 21 4 4 7 20 21 6 9 10 11 19 8 8 8 13 14 15 20 12 12 12 0 2 4 2 2 19 2 8 18 20 6 12 19 21 4 6 20
-111.64652462000004
ni-55N1-b
C H C H C H C H C H Ni N Ni Ni Ni
0 0 0 0 1 2 2 2 2 3 4 4 4 4 5 6 6 6 6 7 8 8 8 8 9 10 10 11 11 11 12 13 13 14
1 2 10 11 0 0 3 4 10 2 2 5 6 12 4 4 7 8 13 6 6 9 11 13 8 0 2 0 8 14 4 6 8 11
-73.17315857
ir-6611-b
C H C H C H C H C H O H Ir Ir C Ir Ir
0 0 0 0 1 2 2 2 2 3 4 4 4 4 5 6 6 6 6 7 8 8 8 8 9 10 10 11 12 13 13 14 14 14 14 15 16 16
1 2 8 12 0 0 3 6 16 2 5 6 14 15 4 2 4 7 16 6 0 9 13 14 8 11 14 10 0 8 14 4 8 10 13 4 2 6
-84.86129820999997
au-5601-a
C H H C H C H C H C H Au
0 0 0 0 1 2 3 3 3 3 4 5 5 5 5 6 7 7 7 8 9 9 9 10 11 11
1 2 3 9 0 0 0 4 5 11 3 3 6 7 11 5 5 8 9 7 0 7 10 9 3 5
-66.70373908000002
pd-44S1-a
C H C H C H C H Pd Pd S Pd Pd
0 0 0 0 1 2 2 2 2 3 4 4 4 4 5 6 6 6 6 7 8 8 9 10 10 10 11 12
1 2 4 8 0 0 3 8 10 2 0 5 6 9 4 4 7 10 11 6 0 2 4 2 6 12 6 10
-56.501890420000024
au-5601-b
C H H C H C H C H C H Au
0 0 0 0 1 2 3 3 3 4 5 5 5 6 7 7 7 8 9 9 9 9 10 11
1 2 3 9 0 0 0 4 5 3 3 6 7 5 5 8 9 7 0 7 10 11 9 9
-66.70035330000002
cu-55N1-a
C H C H C H C H C H N Cu
0 0 0 1 2 2 2 3 4 4 4 5 6 6 6 7 8 8 8 9 10 10 10 11
1 2 10 0 0 3 4 2 2 5 6 4 4 7 8 6 6 9 10 8 0 8 11 10
-72.10484464999999
os-55N1-b
C H C H C H C H C H Os N Os Os Os
0 0 0 0 1 2 2 2 2 3 4 4 4 4 5 6 6 6 6 7 8 8 8 8 9 10 10 11 11 11 12 13 13 14
1 2 10 11 0 0 3 4 10 2 2 5 6 12 4 4 7 8 13 6 6 9 11 13 8 0 2 0 8 14 4 6 8 11
-73.3517975100001
ni-8a03-a
C H C H C H C H C H H H C H H H Ni Ni C C Ni
0 0 0 0 1 2 2 2 2 3 4 4 4 4 5 6 6 6 6 7 8 8 8 8 9 10 11 12 12 12 12 13 14 15 16 16 17 17 18 18 18 18 19 19 19 19 20 20
1 2 4 16 0 0 3 17 18 2 0 5 6 16 4 4 7 19 20 6 9 10 11 18 8 8 8 13 14 15 19 12 12 12 0 4 2 18 2 8 17 19 6 12 18 20 6 19
-111.31095768
os-67N1-b
N H H C H C H C H C H C H Os Os C Os Os
0 0 0 1 2 3 3 3 3 4 5 5 5 5 6 7 7 7 7 8 9 9 9 9 9 10 11 11 11 11 12 13 14 14 15 15 15 16 17 17
1 2 15 0 0 4 9 14 15 3 6 7 15 16 5 5 8 11 17 7 3 10 11 13 14 9 7 9 12 17 11 9 3 9 0 3 5 5 7 11
-90.67027607
rh-6611-b
C H C H C H C H C H O H Rh C Rh Rh
0 0 0 0 1 2 2 2 2 3 4 4 4 4 5 6 6 6 6 7 8 8 8 8 9 10 10 11 12 12 13 13 13 13 14 14 15 15
1 2 8 12 0 0 3 6 15 2 5 6 13 14 4 2 4 7 15 6 0 9 12 13 8 11 13 10 0 8 4 8 10 14 4 13 2 6
-84.94362834000003
rh-8a01-b
C H H H C H H H C H C H C H C H Rh C Rh C Rh Rh
0 0 0 0 1 2 3 4 4 4 4 5 6 7 8 8 8 8 9 10 10 10 10 11 12 12 12 12 13 14 14 14 14 15 16 17 17 17 17 18 18 19 19 19 19 20 21 21
1 2 3 17 0 0 0 5 6 7 19 4 4 4 9 14 19 20 8 11 12 16 17 10 10 13 18 19 12 8 15 17 21 14 10 0 10 14 21 12 19 4 8 12 18 8 14 17
-111.76766186999998
zn-66S1-a
S H C H C H C H C H C H C Zn
0 0 0 1 2 2 2 3 4 4 4 5 6 6 6 7 8 8 8 9 10 10 10 11 12 12 12 13
1 12 13 0 3 8 12 2 5 6 12 4 4 7 10 6 2 9 10 8 6 8 11 10 0 2 4 0
-80.42593431
ru-8a01-b
C H H H C H H H C H C H C H C H Ru Ru C Ru C Ru Ru
0 0 0 0 1 2 3 4 4 4 4 5 6 7 8 8 8 8 9 10 10 10 10 10 11 12 12 12 12 13 14 14 14 14 14 14 15 16 16 16 17 18 18 18 18 19 19 20 20 20 20 21 21 22
1 2 3 18 0 0 0 5 6 7 20 4 4 4 9 14 20 21 8 11 12 16 17 18 10 10 13 19 20 12 8 15 16 18 21 22 14 10 14 18 10 0 10 14 16 12 20 4 8 12 19 8 14 14
-111.66216518000004
cu-7801-b
C C H C C H C H C H C H H H H
0 0 0 1 1 1 2 3 3 3 4 4 4 5 6 6 6 7 8 8 8 9 10 10 10 10 11 12 13 14
3 4 5 3 8 11 3 0 1 2 0 6 7 0 4 8 9 4 1 6 10 6 8 12 13 14 1 10 10 10
-93.43511637
ni-45N1-a
C H C H C H N H C H Ni Ni Ni
0 0 0 0 1 2 2 2 2 3 4 4 4 4 5 6 6 6 7 8 8 8 8 9 10 10 11 12
1 2 4 10 0 0 3 8 11 2 0 5 6 10 4 4 7 8 6 2 6 9 12 8 0 4 2 8
-63.636674219999975
au-67N1-b
N H H C H C H C H C H C H C
0 0 0 1 2 3 3 3 4 5 5 5 6 7 7 7 8 9 9 9 10 11 11 11 12 13 13 13
1 2 13 0 0 4 9 13 3 6 7 13 5 5 8 11 7 3 10 11 9 7 9 12 11 0 3 5
-89.01300012000002
os-8a01-a
C H H H C H H H C H C H C H C H Os C Os C Os
0 0 0 0 1 2 3 4 4 4 4 5 6 7 8 8 8 8 9 10 10 10 10 11 12 12 12 12 13 14 14 14 14 15 16 16 17 17 17 17 18 18 19 19 19 19 20 20
1 2 3 17 0 0 0 5 6 7 19 4 4 4 9 14 19 20 8 11 12 16 17 10 10 13 18 19 12 8 15 17 20 14 10 17 0 10 14 16 12 19 4 8 12 18 8 14
-111.61441017000004
cd-6601-b
C C H C C H C H C H H H
0 0 0 1 1 1 2 3 3 3 4 4 4 5 6 6 6 7 8 8 8 9 10 11
3 4 5 3 8 11 3 0 1 2 0 6 7 0 4 8 9 4 1 6 10 6 8 1
-76.40742721999999
os-8a02-a
C H H H C H H H C H C H C H C H Os C Os C Os Os
0 0 0 0 1 2 3 4 4 4 4 5 6 7 8 8 8 8 9 10 10 10 10 11 12 12 12 12 13 14 14 14 14 15 16 17 17 17 17 18 18 19 19 19 19 20 21 21
1 2 3 17 0 0 0 5 6 7 19 4 4 4 9 17 19 21 8 11 12 16 17 10 10 13 14 18 12 12 15 18 19 14 10 0 8 10 21 12 14 4 8 14 20 19 8 17
-111.6345773600001
ir-8a02-b
C H H H C H H H C H C H C H C H Ir C Ir C Ir
0 0 0 0 1 2 3 4 4 4 4 5 6 7 8 8 8 8 9 10 10 10 10 11 12 12 12 12 13 14 14 14 14 15 16 16 17 17 17 17 18 18 19 19 19 19 20 20
1 2 3 17 0 0 0 5 6 7 19 4 4 4 9 17 19 20 8 11 12 16 17 10 10 13 14 16 12 12 15 18 19 14 10 12 0 8 10 20 14 19 4 8 14 18 8 17
-111.42278908000003
zn-8a02-b
C H H H C H H H C H C H C H C H C C
0 0 0 0 1 2 3 4 4 4 4 5 6 7 8 8 8 9 10 10 10 11 12 12 12 13 14 14 14 15 16 16 16 17 17 17
1 2 3 16 0 0 0 5 6 7 17 4 4 4 9 16 17 8 11 12 16 10 10 13 14 12 12 15 17 14 0 8 10 4 8 14
-110.03646702
au-7801-a
C C H C C H C H C H C H H H H
0 0 0 1 1 1 2 3 3 3 4 4 4 5 6 6 6 7 8 8 8 9 10 10 10 10 11 12 13 14
3 4 5 3 8 11 3 0 1 2 0 6 7 0 4 8 9 4 1 6 10 6 8 12 13 14 1 10 10 10
-93.40189676
pt-67N1-b
N H H C H C H C H C H C H Pt C Pt Pt
0 0 0 1 2 3 3 3 3 4 5 5 5 5 6 7 7 7 7 8 9 9 9 9 10 11 11 11 11 12 13 13 14 14 14 14 15 15 16 16
1 2 14 0 0 4 9 13 14 3 6 7 14 15 5 5 8 11 16 7 3 10 11 13 9 7 9 12 16 11 3 9 0 3 5 15 5 14 7 11
-90.11079625000002
ir-66S1-a
S H C H C H C H C H C H Ir C Ir Ir Ir Ir
0 0 0 1 2 2 2 2 3 4 4 4 4 4 5 6 6 6 6 7 8 8 8 8 9 10 10 10 10 11 12 12 13 13 13 13 14 14 15 15 16 17
1 13 17 0 3 8 12 13 2 5 6 13 14 15 4 4 7 10 15 6 2 9 10 12 8 6 8 11 16 10 2 8 0 2 4 14 4 13 4 6 10 0
-81.84831208999998
cu-7801-a
C C H C C H C H C H C H H H H
0 0 0 1 1 1 2 3 3 3 4 4 4 5 6 6 6 7 8 8 8 9 10 10 10 10 11 12 13 14
3 4 5 3 8 11 3 0 1 2 0 6 7 0 4 8 9 4 1 6 10 6 8 12 13 14 1 10 10 10
-93.43653651
pd-4411-b
C H C H C H C H Pd Pd Pd O
0 0 0 0 1 2 2 2 2 3 4 4 4 4 5 6 6 6 6 7 8 9 9 10 11 11
1 2 4 8 0 0 3 10 11 2 0 5 6 9 4 4 7 9 11 6 0 4 6 2 2 6
-58.08397969000001
rh-67N1-b
N H H C H C H C H C H C H Rh C Rh Rh
0 0 0 1 2 3 3 3 3 4 5 5 5 5 6 7 7 7 7 8 9 9 9 9 10 11 11 11 11 12 13 13 14 14 14 14 15 15 16 16
1 2 14 0 0 4 9 13 14 3 6 7 14 15 5 5 8 11 16 7 3 10 11 13 9 7 9 12 16 11 3 9 0 3 5 15 5 14 7 11
-90.56137232999998
pt-67N1-a
N H H C H C H C H C H C H Pt Pt C Pt Pt Pt
0 0 0 0 1 2 3 3 3 3 4 5 5 5 5 6 7 7 7 7 8 9 9 9 9 10 11 11 11 11 12 13 14 14 15 15 15 15 16 17 17 18
1 2 15 18 0 0 4 9 14 15 3 6 7 15 16 5 5 8 11 17 7 3 10 11 13 9 7 9 12 17 11 9 3 15 0 3 5 14 5 7 11 0
-90.26096273000002
au-66S1-a
S H C H C H C H C H C H C Au
0 0 0 1 2 2 2 3 4 4 4 5 6 6 6 7 8 8 8 9 10 10 10 11 12 12 12 13
1 12 13 0 3 8 12 2 5 6 12 4 4 7 10 6 2 9 10 8 6 8 11 10 0 2 4 0
-80.68573303000002
au-4411-b
C H C H C H C H O
0 0 0 1 2 2 2 3 4 4 4 5 6 6 6 7 8 8
1 2 4 0 0 3 8 2 0 5 6 4 4 7 8 6 2 6
-56.948939420000016
ru-6611-b
C H C H C H C H C H O H Ru C Ru Ru
0 0 0 0 1 2 2 2 2 3 4 4 4 4 5 6 6 6 6 7 8 8 8 8 9 10 10 11 12 12 13 13 13 13 14 14 15 15
1 2 8 12 0 0 3 6 15 2 5 6 13 14 4 2 4 7 15 6 0 9 12 13 8 11 13 10 0 8 4 8 10 14 4 13 2 6
-84.92268480000001
au-67N1-a
N H H C H C H C H C H C H C
0 0 0 1 2 3 3 3 4 5 5 5 6 7 7 7 8 9 9 9 10 11 11 11 12 13 13 13
1 2 13 0 0 4 9 13 3 6 7 13 5 5 8 11 7 3 10 11 9 7 9 12 11 0 3 5
-88.96561396000001
zn-8a03-b
C H C H C H C H C H H H C H H H C C
0 0 0 1 2 2 2 3 4 4 4 5 6 6 6 7 8 8 8 8 9 10 11 12 12 12 12 13 14 15 16 16 16 17 17 17
1 2 4 0 0 3 16 2 0 5 6 4 4 7 17 6 9 10 11 16 8 8 8 13 14 15 17 12 12 12 2 8 17 6 12 16
-110.03675468
ir-4411-a
C H C H C H C H Ir Ir O Ir Ir
0 0 0 0 1 2 2 2 2 3 4 4 4 4 5 6 6 6 6 7 8 8 9 10 10 10 11 12
1 2 4 8 0 0 3 9 10 2 0 5 6 8 4 4 7 10 11 6 0 4 2 2 6 12 6 10
-57.67745764
pd-55N1-a
C H C H C H C H C H Pd Pd Pd N Pd Pd Pd Pd
0 0 0 0 0 1 2 2 2 2 3 4 4 4 4 5 6 6 6 6 7 8 8 8 8 8 9 10 11 12 12 13 13 13 14 15 16 17
1 2 11 12 13 0 0 3 4 10 2 2 5 6 14 4 4 7 8 15 6 6 9 12 13 16 8 2 0 0 8 0 8 17 4 6 8 13
-72.33737493999999
ru-67N1-b
N H H C H C H C H C H C H Ru C Ru Ru
0 0 0 1 2 3 3 3 3 4 5 5 5 5 6 7 7 7 7 8 9 9 9 9 10 11 11 11 11 12 13 13 14 14 14 14 15 15 16 16
1 2 14 0 0 4 9 13 14 3 6 7 14 15 5 5 8 11 16 7 3 10 11 13 9 7 9 12 16 11 3 9 0 3 5 15 5 14 7 11
-90.51757389000005
ni-5601-b
C H H C H C H C H C H Ni Ni Ni
0 0 0 0 1 2 3 3 3 3 4 5 5 5 5 6 7 7 7 7 7 8 9 9 9 9 10 11 12 12 13 13
1 2 3 9 0 0 0 4 5 11 3 3 6 7 12 5 5 8 9 12 13 7 0 7 10 13 9 3 5 7 7 9
-67.93297287999997
ir-55N1-a
C H C H C H C H C H Ir Ir Ir N Ir Ir Ir Ir
0 0 0 0 0 1 2 2 2 2 3 4 4 4 4 5 6 6 6 6 7 8 8 8 8 8 9 10 11 12 12 12 13 13 13 13 14 15 16 17
1 2 11 12 13 0 0 3 4 10 2 2 5 6 14 4 4 7 8 15 6 6 9 12 13 16 8 2 0 0 8 13 0 8 12 17 4 6 8 13
-71.57487018999996
cu-6611-b
C H C H C H C H C H O H C
0 0 0 1 2 2 2 3 4 4 4 5 6 6 6 7 8 8 8 9 10 10 11 12 12 12
1 2 8 0 0 3 6 2 5 6 12 4 2 4 7 6 0 9 12 8 11 12 10 4 8 10
-83.507161
rh-44S1-b
C H C H C H C H Rh Rh Rh S Rh
0 0 0 0 1 2 2 2 2 3 4 4 4 4 5 6 6 6 6 7 8 9 9 10 10 11 11 11 11 12
1 2 4 8 0 0 3 10 11 2 0 5 6 9 4 4 7 9 11 6 0 4 6 2 11 2 6 10 12 11
-56.38340728000003
os-5601-a
C H Os H C H C H C H C H Os Os Os
0 0 0 0 1 2 3 3 4 4 4 4 5 6 6 6 6 7 8 8 8 8 8 9 10 10 10 10 11 12 12 13 14 14
1 3 4 10 0 3 0 2 0 5 6 12 4 4 7 8 12 6 6 9 10 13 14 8 0 8 11 14 10 4 6 8 8 10
-68.31972721
zn-55N1-b
C H C H C H C H C H N
0 0 0 1 2 2 2 3 4 4 4 5 6 6 6 7 8 8 8 9 10 10
1 2 10 0 0 3 4 2 2 5 6 4 4 7 8 6 6 9 10 8 0 8
-71.62510486
zn-8a01-a
C H H H C H H H C H C H C H C H C C
0 0 0 0 1 2 3 4 4 4 4 5 6 7 8 8 8 9 10 10 10 11 12 12 12 13 14 14 14 15 16 16 16 17 17 17
1 2 3 16 0 0 0 5 6 7 17 4 4 4 9 14 17 8 11 12 16 10 10 13 17 12 8 15 16 14 0 10 14 4 8 12
-109.97135907999998
cu-6601-b
C C H C C H C H C H H H
0 0 0 1 1 1 2 3 3 3 4 4 4 5 6 6 6 7 8 8 8 9 10 11
3 4 5 3 8 11 3 0 1 2 0 6 7 0 4 8 9 4 1 6 10 6 8 1
-76.63576339
pt-8a03-a
C H C H C H C H C H H H C H H H Pt C C Pt Pt
0 0 0 0 1 2 2 2 3 4 4 4 4 5 6 6 6 6 7 8 8 8 8 9 10 11 12 12 12 12 13 14 15 16 17 17 17 18 18 18 18 19 20 20
1 2 4 16 0 0 3 17 2 0 5 6 20 4 4 7 18 20 6 9 10 11 17 8 8 8 13 14 15 18 12 12 12 0 2 8 18 6 12 17 19 18 4 6
-110.89221372000003
ni-6601-b
Ni Ni Ni C C H C C H Ni Ni C H C H Ni H H
0 0 0 1 2 2 2 3 3 3 3 4 4 4 4 5 6 6 6 6 6 6 7 7 7 7 7 7 8 9 10 10 10 11 11 11 11 12 13 13 13 13 13 13 14 15 16 17
4 6 13 6 3 6 7 2 6 7 8 0 6 13 17 6 0 1 2 3 4 5 2 3 9 10 11 12 3 7 7 11 13 7 10 13 14 7 0 4 10 11 15 16 11 13 13 4
-77.79400691000001
pd-6601-b
Pd Pd C C H C C H Pd C H C H H H
0 0 0 1 1 1 2 2 2 2 3 3 3 3 4 5 5 5 5 5 6 6 6 6 6 7 8 8 8 9 9 9 9 10 11 11 11 11 11 12 13 14
3 5 11 2 5 6 1 5 6 7 0 5 11 14 5 0 1 2 3 4 1 2 8 9 10 2 6 9 11 6 8 11 12 6 0 3 8 9 13 9 11 3
-77.72533686
ni-4411-b
C H C H C H C H Ni Ni Ni O
0 0 0 0 0 1 2 2 2 2 3 4 4 4 4 4 5 6 6 6 6 7 8 8 9 9 10 10 11 11
1 2 4 8 9 0 0 3 9 11 2 0 5 6 8 10 4 4 7 10 11 6 0 4 0 2 4 6 2 6
-57.74696763999998
ni-8a01-b
C H H H C H H H C H C H C H C H Ni C Ni C Ni
0 0 0 0 1 2 3 4 4 4 4 5 6 7 8 8 8 8 9 10 10 10 10 11 12 12 12 12 13 14 14 14 14 15 16 16 17 17 17 17 18 18 19 19 19 19 20 20
1 2 3 17 0 0 0 5 6 7 19 4 4 4 9 14 19 20 8 11 12 16 17 10 10 13 18 19 12 8 15 17 20 14 10 17 0 10 14 16 12 19 4 8 12 18 8 14
-111.33534161
ag-8a01-b
C H H H C H H H C H C H C H C H C C
0 0 0 0 1 2 3 4 4 4 4 5 6 7 8 8 8 9 10 10 10 11 12 12 12 13 14 14 14 15 16 16 16 17 17 17
1 2 3 16 0 0 0 5 6 7 17 4 4 4 9 14 17 8 11 12 16 10 10 13 17 12 8 15 16 14 0 10 14 4 8 12
-110.12585267
pd-7801-b
Pd C C H C Pd C H C H Pd C H Pd C H H H H
0 1 1 1 1 2 2 2 2 3 4 4 4 4 5 5 6 6 6 6 7 8 8 8 8 9 10 11 11 11 11 12 13 13 14 14 14 14 15 16 17 18
4 4 5 6 7 4 11 13 15 4 0 1 2 3 1 6 1 5 8 9 1 6 10 11 12 6 8 2 8 13 14 8 2 11 11 16 17 18 2 14 14 14
-94.93805465
os-67N1-a
N H H C H C H C H C H C H Os Os C Os Os Os
0 0 0 0 1 2 3 3 3 3 4 5 5 5 5 6 7 7 7 7 8 9 9 9 9 10 11 11 11 11 12 13 14 14 15 15 15 15 16 17 17 18
1 2 15 18 0 0 4 9 14 15 3 6 7 15 16 5 5 8 11 17 7 3 10 11 13 9 7 9 12 17 11 9 3 15 0 3 5 14 5 7 11 0
-90.91497961000005
cd-5601-b
C H H C H C H C H C H
0 0 0 0 1 2 3 3 3 4 5 5 5 6 7 7 7 8 9 9 9 10
1 2 3 9 0 0 0 4 5 3 3 6 7 5 5 8 9 7 0 7 10 9
-66.49235884000001
ni-66S1-a
S H C H C H C H C H C H Ni Ni C Ni Ni
0 0 0 1 2 2 2 2 3 4 4 4 4 5 6 6 6 6 7 8 8 8 8 9 10 10 10 10 11 12 12 13 13 14 14 14 14 15 15 16
1 14 16 0 3 8 13 14 2 5 6 14 15 4 4 7 10 15 6 2 9 10 12 8 6 8 11 12 10 8 10 2 14 0 2 4 13 4 6 0
-82.20213790999998
os-45N1-b
C H C H C H N H C H Os Os Os
0 0 0 0 1 2 2 2 2 2 2 3 4 4 4 5 6 6 6 7 8 8 8 8 9 10 10 11 12 12
1 2 4 10 0 0 3 8 10 11 12 2 0 5 6 4 4 7 8 6 2 6 9 12 8 0 2 2 2 8
-63.891155230000095
cu-5601-a
C H H C H C H C H C H Cu Cu
0 0 0 0 1 2 3 3 3 3 4 5 5 5 5 6 7 7 7 7 8 9 9 9 9 10 11 11 12 12
1 2 3 9 0 0 0 4 5 11 3 3 6 7 11 5 5 8 9 12 7 0 7 10 12 9 3 5 7 9
-66.92726601999999
pt-5601-a
C H H C H C H C H C H Pt Pt Pt
0 0 0 0 1 2 3 3 3 3 4 5 5 5 5 6 7 7 7 7 8 9 9 9 9 10 11 11 12 13
1 2 3 9 0 0 0 4 5 11 3 3 6 7 11 5 5 8 9 12 7 0 7 10 13 9 3 5 7 9
-68.39118348
ni-8a03-b
C H C H C H C H C H H H C H H H Ni C Ni C Ni Ni
0 0 0 0 1 2 2 2 2 3 4 4 4 4 5 6 6 6 6 7 8 8 8 8 9 10 11 12 12 12 12 13 14 15 16 16 17 17 17 17 18 19 19 19 19 20 20 21
1 2 4 16 0 0 3 16 17 2 0 5 6 21 4 4 7 19 20 6 9 10 11 17 8 8 8 13 14 15 19 12 12 12 0 2 2 8 18 19 17 6 12 17 20 6 19 4
-111.34944680000001
ir-67N1-a
N H H C H C H C H C H C H Ir Ir C Ir Ir Ir
0 0 0 0 1 2 3 3 3 3 4 5 5 5 5 6 7 7 7 7 8 9 9 9 9 10 11 11 11 11 12 13 14 14 15 15 15 15 16 17 17 18
1 2 15 18 0 0 4 9 14 15 3 6 7 15 16 5 5 8 11 17 7 3 10 11 13 9 7 9 12 17 11 9 3 15 0 3 5 14 5 7 11 0
-90.62337729999996
cu-8a03-a
C H C H C H C H C H H H C H H H C C
0 0 0 1 2 2 2 3 4 4 4 5 6 6 6 7 8 8 8 8 9 10 11 12 12 12 12 13 14 15 16 16 16 17 17 17
1 2 4 0 0 3 16 2 0 5 6 4 4 7 17 6 9 10 11 16 8 8 8 13 14 15 17 12 12 12 2 8 17 6 12 16
-110.24291825
pd-8a01-a
C H H H C H H H C H C H C H C H Pd Pd C Pd C Pd Pd Pd Pd
0 0 0 0 1 2 3 4 4 4 4 5 6 7 8 8 8 8 8 9 10 10 10 10 10 11 12 12 12 12 12 13 14 14 14 14 14 15 16 17 17 17 17 18 18 18 18 19 20 20 20 20 21 22 23 24
1 2 3 18 0 0 0 5 6 7 20 4 4 4 9 14 17 20 22 8 11 12 16 17 18 10 10 13 17 19 20 12 8 15 17 18 23 14 10 8 10 12 14 0 10 14 24 12 4 8 12 21 20 8 14 18
-110.67802909000002
os-6601-b
Os Os C C H C C H Os C H C H H H
0 0 0 1 1 1 2 2 2 2 3 3 3 3 4 5 5 5 5 5 6 6 6 6 6 7 8 8 8 9 9 9 9 10 11 11 11 11 11 12 13 14
3 5 11 2 5 6 1 5 6 7 0 5 11 14 5 0 1 2 3 4 1 2 8 9 10 2 6 9 11 6 8 11 12 6 0 3 8 9 13 9 11 3
-77.97391124
ag-8a01-a
C H H H C H H H C H C H C H C H C C
0 0 0 0 1 2 3 4 4 4 4 5 6 7 8 8 8 9 10 10 10 11 12 12 12 13 14 14 14 15 16 16 16 17 17 17
1 2 3 16 0 0 0 5 6 7 17 4 4 4 9 14 17 8 11 12 16 10 10 13 17 12 8 15 16 14 0 10 14 4 8 12
-110.07987855000002
ag-45N1-a
C H C H C H N H C H Ag Ag
0 0 0 0 1 2 2 2 3 4 4 4 5 6 6 6 7 8 8 8 8 9 10 11
1 2 4 10 0 0 3 8 2 0 5 6 4 4 7 8 6 2 6 9 11 8 0 8
-62.943333179999996
au-7801-b
C C H C C H C H C H C H H H H
0 0 0 1 1 1 2 3 3 3 4 4 4 5 6 6 6 7 8 8 8 9 10 10 10 10 11 12 13 14
3 4 5 3 8 11 3 0 1 2 0 6 7 0 4 8 9 4 1 6 10 6 8 12 13 14 1 10 10 10
-93.40338217000001
cu-4411-b
C H C H C H C H O
0 0 0 1 2 2 2 3 4 4 4 5 6 6 6 7 8 8
1 2 4 0 0 3 8 2 0 5 6 4 4 7 8 6 2 6
-56.97200681000001
rh-4411-a
C H C H C H C H Rh Rh O Rh Rh
0 0 0 0 1 2 2 2 2 3 4 4 4 4 5 6 6 6 6 7 8 8 9 10 10 10 11 12
1 2 4 8 0 0 3 9 10 2 0 5 6 8 4 4 7 10 11 6 0 4 2 2 6 12 6 10
-57.88362476000003
ni-6611-a
C H C H C H C H C H O H Ni Ni Ni C Ni
0 0 0 0 1 2 2 2 2 3 4 4 4 4 4 5 6 6 6 6 7 8 8 8 8 8 9 10 10 11 12 12 13 14 14 14 15 15 15 15 16 16
1 2 8 12 0 0 3 6 12 2 5 6 14 15 16 4 2 4 7 16 6 0 9 13 14 15 8 11 15 10 0 2 8 4 8 15 4 8 10 14 4 6
-84.58460185999996
rh-4411-b
C H C H C H C H Rh Rh Rh O
0 0 0 0 1 2 2 2 2 3 4 4 4 4 5 6 6 6 6 7 8 9 9 10 11 11
1 2 4 8 0 0 3 10 11 2 0 5 6 9 4 4 7 9 11 6 0 4 6 2 2 6
-58.08686494
au-55N1-a
C H C H C H C H C H N
0 0 0 1 2 2 2 3 4 4 4 5 6 6 6 7 8 8 8 9 10 10
1 2 10 0 0 3 4 2 2 5 6 4 4 7 8 6 6 9 10 8 0 8
-71.72194093000002
zn-5601-b
C H H C H C H C H C H
0 0 0 0 1 2 3 3 3 4 5 5 5 6 7 7 7 8 9 9 9 10
1 2 3 9 0 0 0 4 5 3 3 6 7 5 5 8 9 7 0 7 10 9
-66.54387037
rh-7801-a
Rh C C H C Rh C H C H Rh C H Rh C H H H H
0 1 1 1 1 2 2 2 2 3 4 4 4 4 5 5 6 6 6 6 7 8 8 8 8 9 10 11 11 11 11 12 13 13 14 14 14 14 15 16 17 18
4 4 5 6 7 4 11 13 15 4 0 1 2 3 1 6 1 5 8 9 1 6 10 11 12 6 8 2 8 13 14 8 2 11 11 16 17 18 2 14 14 14
-95.02758196000002
cd-6611-b
C H C H C H C H C H O H C
0 0 0 1 2 2 2 3 4 4 4 5 6 6 6 7 8 8 8 9 10 10 11 12 12 12
1 2 8 0 0 3 6 2 5 6 12 4 2 4 7 6 0 9 12 8 11 12 10 4 8 10
-83.20951088999999
zn-66S1-b
S H C H C H C H C H C H C
0 0 1 2 2 2 3 4 4 4 5 6 6 6 7 8 8 8 9 10 10 10 11 12 12 12
1 12 0 3 8 12 2 5 6 12 4 4 7 10 6 2 9 10 8 6 8 11 10 0 2 4
-80.40658377
os-44S1-a
C H C H C H C H Os Os S Os
0 0 0 0 1 2 2 2 2 3 4 4 4 4 5 6 6 6 6 7 8 8 9 9 10 10 10 11
1 2 4 8 0 0 3 8 10 2 0 5 6 9 4 4 7 9 10 6 0 2 4 6 2 6 11 10
-56.63767379000001
ni-6601-a
Ni Ni C C H C Ni C H Ni C H Ni C H Ni H H
0 0 1 1 2 2 2 2 2 3 3 3 3 3 4 5 5 5 5 5 6 6 7 7 7 7 7 8 9 9 10 10 10 10 10 11 12 12 13 13 13 13 13 14 15 15 16 17
3 5 2 5 1 5 6 7 8 0 5 13 15 17 5 0 1 2 3 4 2 7 2 6 9 10 11 2 7 10 7 9 12 13 14 7 10 13 3 10 12 15 16 10 3 13 13 3
-76.92704221999998
pt-6611-a
C H C H C H C H C H O H Pt Pt C Pt
0 0 0 0 1 2 2 2 2 3 4 4 4 4 5 6 6 6 6 7 8 8 8 8 9 10 10 11 12 12 13 13 14 14 14 14 15 15
1 2 8 12 0 0 3 6 12 2 5 6 14 15 4 2 4 7 15 6 0 9 13 14 8 11 14 10 0 2 8 14 4 8 10 13 4 6
-84.48622488000001
pt-8a01-b
C H H H C H H H C H C H C H C H Pt C Pt C Pt Pt
0 0 0 0 1 2 3 4 4 4 4 5 6 7 8 8 8 8 9 10 10 10 10 11 12 12 12 12 13 14 14 14 14 15 16 17 17 17 17 18 18 19 19 19 19 20 21 21
1 2 3 17 0 0 0 5 6 7 19 4 4 4 9 14 19 20 8 11 12 16 17 10 10 13 18 19 12 8 15 17 21 14 10 0 10 14 21 12 19 4 8 12 18 8 14 17
-111.47817676
pd-6611-a
C H C H C H C H C H O H Pd Pd C Pd Pd
0 0 0 0 1 2 2 2 2 3 4 4 4 4 5 6 6 6 6 7 8 8 8 8 9 10 10 11 12 12 13 14 14 14 14 15 15 16
1 2 8 12 0 0 3 6 12 2 5 6 14 15 4 2 4 7 16 6 0 9 13 14 8 11 14 10 0 2 8 4 8 10 15 4 14 6
-84.91623726999998
ag-4411-a
C H C H C H C H O
0 0 0 1 2 2 2 3 4 4 4 5 6 6 6 7 8 8
1 2 4 0 0 3 8 2 0 5 6 4 4 7 8 6 2 6
-56.88884822
pd-6611-b
C H C H C H C H C H O H Pd C Pd Pd Pd
0 0 0 0 1 2 2 2 2 3 4 4 4 4 5 6 6 6 6 7 8 8 8 8 9 10 10 11 12 12 13 13 13 13 14 15 15 16
1 2 8 12 0 0 3 6 16 2 5 6 13 15 4 2 4 7 15 6 0 9 12 13 8 11 13 10 0 8 4 8 10 14 13 4 6 2
-84.80121495
cd-7801-b
C C H C C H C H C H C H H H H
0 0 0 1 1 1 2 3 3 3 4 4 4 5 6 6 6 7 8 8 8 9 10 10 10 10 11 12 13 14
3 4 5 3 8 11 3 0 1 2 0 6 7 0 4 8 9 4 1 6 10 6 8 12 13 14 1 10 10 10
-93.16932247
ag-44S1-a
C H C H C H C H Ag S Ag
0 0 0 0 1 2 2 2 3 4 4 4 5 6 6 6 7 8 9 9 9 10
1 2 4 8 0 0 3 9 2 0 5 6 4 4 7 9 6 0 2 6 10 9
-54.72868331000001
ag-6611-a
C H C H C H C H C H O H C
0 0 0 1 2 2 2 3 4 4 4 5 6 6 6 7 8 8 8 9 10 10 11 12 12 12
1 2 8 0 0 3 6 2 5 6 12 4 2 4 7 6 0 9 12 8 11 12 10 4 8 10
-83.3398071
ru-8a01-a
C H H H C H H H C H C H C H C H Ru C Ru C Ru
0 0 0 0 1 2 3 4 4 4 4 5 6 7 8 8 8 8 9 10 10 10 10 11 12 12 12 12 13 14 14 14 14 15 16 16 17 17 17 17 18 18 19 19 19 19 20 20
1 2 3 17 0 0 0 5 6 7 19 4 4 4 9 14 19 20 8 11 12 16 17 10 10 13 18 19 12 8 15 17 20 14 10 17 0 10 14 16 12 19 4 8 12 18 8 14
-111.64837934999997
os-6611-b
C H C H C H C H C H O H Os C Os Os Os
0 0 0 0 1 2 2 2 2 3 4 4 4 4 5 6 6 6 6 7 8 8 8 8 9 10 10 11 12 12 13 13 13 13 14 15 15 16
1 2 8 12 0 0 3 6 16 2 5 6 13 15 4 2 4 7 15 6 0 9 12 13 8 11 13 10 0 8 4 8 10 14 13 4 6 2
-84.8394082100001
ag-8a02-b
C H H H C H H H C H C H C H C H Ag C Ag C
0 0 0 0 1 2 3 4 4 4 4 5 6 7 8 8 8 9 10 10 10 10 11 12 12 12 13 14 14 14 14 15 16 17 17 17 18 19 19 19
1 2 3 17 0 0 0 5 6 7 19 4 4 4 9 17 19 8 11 12 16 17 10 10 13 14 12 12 15 18 19 14 10 0 8 10 14 4 8 14
-110.15651844000001
au-45N1-a
C H C H C H N H C H Au
0 0 0 0 1 2 2 2 3 4 4 4 5 6 6 6 7 8 8 8 9 10
1 2 4 10 0 0 3 8 2 0 5 6 4 4 7 8 6 2 6 9 8 0
-62.97161195000001
ru-55N1-a
C H C H C H C H C H Ru Ru Ru N Ru Ru
0 0 0 0 0 0 1 2 2 2 2 3 4 4 4 4 4 4 5 6 6 6 6 7 8 8 8 8 8 9 10 10 10 11 12 12 12 13 13 13 14 15 15 15
1 2 10 11 12 13 0 0 3 4 10 2 2 5 6 10 14 15 4 4 7 8 15 6 6 9 12 13 15 8 0 2 4 0 0 8 13 0 8 12 4 4 6 8
-73.44071419
zn-8a01-b
C H H H C H H H C H C H C H C H C C
0 0 0 0 1 2 3 4 4 4 4 5 6 7 8 8 8 9 10 10 10 11 12 12 12 13 14 14 14 15 16 16 16 17 17 17
1 2 3 16 0 0 0 5 6 7 17 4 4 4 9 14 17 8 11 12 16 10 10 13 17 12 8 15 16 14 0 10 14 4 8 12
-110.01498228
ir-8a02-a
C H H H C H H H C H C H C H C H Ir C Ir C Ir Ir
0 0 0 0 1 2 3 4 4 4 4 5 6 7 8 8 8 8 9 10 10 10 10 11 12 12 12 12 13 14 14 14 14 15 16 17 17 17 17 18 18 19 19 19 19 20 21 21
1 2 3 17 0 0 0 5 6 7 19 4 4 4 9 17 19 21 8 11 12 16 17 10 10 13 14 18 12 12 15 18 19 14 10 0 8 10 21 12 14 4 8 14 20 19 8 17
-111.56070001
os-55N1-a
C H C H C H C H C H Os Os N Os
0 0 0 0 0 1 2 2 2 2 3 4 4 4 4 4 5 6 6 6 6 7 8 8 8 8 8 9 10 10 10 11 11 11 12 12 12 13 13 13
1 2 10 11 12 0 0 3 4 10 2 2 5 6 10 13 4 4 7 8 13 6 6 9 11 12 13 8 0 2 4 0 8 12 0 8 11 4 6 8
-73.40459886000008
pd-66S1-b
S H C H C H C H C H C H Pd C Pd Pd Pd
0 0 0 1 2 2 2 2 3 4 4 4 4 5 6 6 6 6 7 8 8 8 8 9 10 10 10 10 11 12 12 13 13 13 13 14 14 15 15 16
1 13 16 0 3 8 12 13 2 5 6 13 14 4 4 7 10 15 6 2 9 10 12 8 6 8 11 15 10 2 8 0 2 4 14 4 13 6 10 0
-82.29399362000001
cd-67N1-a
N H H C H C H C H C H C H C
0 0 0 1 2 3 3 3 4 5 5 5 6 7 7 7 8 9 9 9 10 11 11 11 12 13 13 13
1 2 13 0 0 4 9 13 3 6 7 13 5 5 8 11 7 3 10 11 9 7 9 12 11 0 3 5
-88.72796869000001
rh-8a01-a
C H H H C H H H C H C H C H C H Rh C Rh C Rh
0 0 0 0 1 2 3 4 4 4 4 5 6 7 8 8 8 8 9 10 10 10 10 11 12 12 12 12 13 14 14 14 14 15 16 16 17 17 17 17 18 18 19 19 19 19 20 20
1 2 3 17 0 0 0 5 6 7 19 4 4 4 9 14 19 20 8 11 12 16 17 10 10 13 18 19 12 8 15 17 20 14 10 17 0 10 14 16 12 19 4 8 12 18 8 14
-111.74774186000002
zn-5601-a
C H H C H C H C H C H
0 0 0 0 1 2 3 3 3 4 5 5 5 6 7 7 7 8 9 9 9 10
1 2 3 9 0 0 0 4 5 3 3 6 7 5 5 8 9 7 0 7 10 9
-66.5322611
ag-4411-b
C H C H C H C H Ag O Ag
0 0 0 0 1 2 2 2 3 4 4 4 5 6 6 6 6 7 8 9 9 10
1 2 4 8 0 0 3 9 2 0 5 6 4 4 7 9 10 6 0 2 6 6
-56.916219540000014
cd-45N1-a
C H C H C H N H C H
0 0 0 1 2 2 2 3 4 4 4 5 6 6 6 7 8 8 8 9
1 2 4 0 0 3 8 2 0 5 6 4 4 7 8 6 2 6 9 8
-62.719993820000006
ir-67N1-b
N H H C H C H C H C H C H Ir C Ir Ir
0 0 0 1 2 3 3 3 3 4 5 5 5 5 6 7 7 7 7 8 9 9 9 9 10 11 11 11 11 12 13 13 14 14 14 14 15 15 16 16
1 2 14 0 0 4 9 13 14 3 6 7 14 15 5 5 8 11 16 7 3 10 11 13 9 7 9 12 16 11 3 9 0 3 5 15 5 14 7 11
-90.31477701
cd-45N1-b
C H C H C H N H C H
0 0 0 1 2 2 2 3 4 4 4 5 6 6 6 7 8 8 8 9
1 2 4 0 0 3 8 2 0 5 6 4 4 7 8 6 2 6 9 8
-62.739826490000006
ir-7801-a
Ir C C H C Ir C H C H Ir C H Ir C H H H H
0 1 1 1 1 2 2 2 2 3 4 4 4 4 5 5 6 6 6 6 7 8 8 8 8 9 10 11 11 11 11 12 13 13 14 14 14 14 15 16 17 18
4 4 5 6 7 4 11 13 15 4 0 1 2 3 1 6 1 5 8 9 1 6 10 11 12 6 8 2 8 13 14 8 2 11 11 16 17 18 2 14 14 14
-94.82813962999995
zn-7801-a
C C H C C H C H C H C H H H H
0 0 0 1 1 1 2 3 3 3 4 4 4 5 6 6 6 7 8 8 8 9 10 10 10 10 11 12 13 14
3 4 5 3 8 11 3 0 1 2 0 6 7 0 4 8 9 4 1 6 10 6 8 12 13 14 1 10 10 10
-93.22909666999999
ag-5601-b
C H H C H C H C H C H Ag Ag
0 0 0 0 1 2 3 3 3 4 5 5 5 5 6 7 7 7 7 8 9 9 9 9 10 11 12 12
1 2 3 9 0 0 0 4 5 3 3 6 7 11 5 5 8 9 12 7 0 7 10 12 9 5 7 9
-66.66250840000001
ag-66S1-b
S H C H C H C H C H C H C Ag
0 0 0 1 2 2 2 3 4 4 4 5 6 6 6 7 8 8 8 9 10 10 10 11 12 12 12 13
1 12 13 0 3 8 12 2 5 6 12 4 4 7 10 6 2 9 10 8 6 8 11 10 0 2 4 0
-80.63751583000001
ir-45N1-b
C H C H C H N H C H Ir Ir Ir
0 0 0 0 1 2 2 2 2 3 4 4 4 4 5 6 6 6 7 8 8 8 8 9 10 11 11 12
1 2 4 10 0 0 3 8 11 2 0 5 6 12 4 4 7 8 6 2 6 9 11 8 0 2 8 4
-64.01479161999998
zn-6611-a
C H C H C H C H C H O H C
0 0 0 1 2 2 2 3 4 4 4 5 6 6 6 7 8 8 8 9 10 10 11 12 12 12
1 2 8 0 0 3 6 2 5 6 12 4 2 4 7 6 0 9 12 8 11 12 10 4 8 10
-83.2346196
ir-6601-a
C C H C C H C H C H H H
0 0 0 1 1 1 2 3 3 3 4 4 4 5 6 6 6 7 8 8 8 9 10 11
3 4 5 3 8 11 3 0 1 2 0 6 7 0 4 8 9 4 1 6 10 6 8 1
-76.52158957
ni-67N1-b
N H H C H C H C H C H C H Ni C Ni Ni
0 0 0 1 2 3 3 3 3 4 5 5 5 5 6 7 7 7 7 8 9 9 9 9 10 11 11 11 11 12 13 13 14 14 14 14 15 15 16 16
1 2 14 0 0 4 9 13 14 3 6 7 14 15 5 5 8 11 16 7 3 10 11 13 9 7 9 12 16 11 3 9 0 3 5 15 5 14 7 11
-90.18999897999998
ag-6601-a
C C H C C H C H C H H H
0 0 0 1 1 1 2 3 3 3 4 4 4 5 6 6 6 7 8 8 8 9 10 11
3 4 5 3 8 11 3 0 1 2 0 6 7 0 4 8 9 4 1 6 10 6 8 1
-76.51638542
rh-55N1-b
C H C H C H C H C H Rh N Rh Rh Rh
0 0 0 0 1 2 2 2 2 3 4 4 4 4 5 6 6 6 6 7 8 8 8 8 9 10 10 11 11 11 12 13 13 14
1 2 10 11 0 0 3 4 10 2 2 5 6 12 4 4 7 8 13 6 6 9 11 13 8 0 2 0 8 14 4 6 8 11
-73.40077312
ru-7801-a
Ru C C H C Ru C H C H Ru Ru C H C Ru H H H H
0 0 0 1 1 1 1 1 2 2 2 2 2 2 3 4 4 4 4 5 5 5 6 6 6 6 7 8 8 8 8 8 8 9 10 10 10 11 12 12 12 12 13 14 14 14 14 15 16 17 18 19
1 2 4 0 4 5 6 7 0 4 10 12 15 16 4 0 1 2 3 1 6 8 1 5 8 9 1 5 6 10 11 12 13 6 2 8 12 8 2 8 10 14 8 12 17 18 19 2 2 14 14 14
-95.01505427000001
cu-4411-a
C H C H C H C H O
0 0 0 1 2 2 2 3 4 4 4 5 6 6 6 7 8 8
1 2 4 0 0 3 8 2 0 5 6 4 4 7 8 6 2 6
-56.93820206999999
zn-45N1-a
C H C H C H N H C H
0 0 0 1 2 2 2 3 4 4 4 5 6 6 6 7 8 8 8 9
1 2 4 0 0 3 8 2 0 5 6 4 4 7 8 6 2 6 9 8
-62.78187018999999
ag-67N1-a
N H H C H C H C H C H C H C
0 0 0 1 2 3 3 3 4 5 5 5 6 7 7 7 8 9 9 9 10 11 11 11 12 13 13 13
1 2 13 0 0 4 9 13 3 6 7 13 5 5 8 11 7 3 10 11 9 7 9 12 11 0 3 5
-88.93516647000001
pd-66S1-a
S H C H C H C H C H C H Pd Pd C Pd Pd Pd
0 0 0 1 2 2 2 2 3 4 4 4 4 4 5 6 6 6 6 7 8 8 8 8 8 9 10 10 10 10 11 12 12 13 13 14 14 14 14 15 15 16 16 17
1 14 17 0 3 8 12 14 2 5 6 14 15 16 4 4 7 10 16 6 2 9 10 12 13 8 6 8 11 13 10 2 8 8 10 0 2 4 15 4 14 4 6 0
-82.19429038000001
au-45N1-b
C H C H C H N H C H Au
0 0 0 1 2 2 2 3 4 4 4 5 6 6 6 7 8 8 8 8 9 10
1 2 4 0 0 3 8 2 0 5 6 4 4 7 8 6 2 6 9 10 8 8
-62.97710554
rh-8a02-a
C H H H C H H H C H C H C H C H Rh C Rh C Rh
0 0 0 0 1 2 3 4 4 4 4 5 6 7 8 8 8 8 9 10 10 10 10 11 12 12 12 12 13 14 14 14 14 15 16 16 17 17 17 17 18 18 19 19 19 19 20 20
1 2 3 17 0 0 0 5 6 7 19 4 4 4 9 17 19 20 8 11 12 16 17 10 10 13 14 16 12 12 15 18 19 14 10 12 0 8 10 20 14 19 4 8 14 18 8 17
-111.69599564999999
cd-44S1-b
C H C H C H C H S
0 0 0 1 2 2 2 3 4 4 4 5 6 6 6 7 8 8
1 2 4 0 0 3 8 2 0 5 6 4 4 7 8 6 2 6
-54.56875953
pt-6601-a
C C H C C H C H C H H H
0 0 0 1 1 1 2 3 3 3 4 4 4 5 6 6 6 7 8 8 8 9 10 11
3 4 5 3 8 11 3 0 1 2 0 6 7 0 4 8 9 4 1 6 10 6 8 1
-76.62892878000002
ag-67N1-b
N H H C H C H C H C H C H Ag C Ag
0 0 0 1 2 3 3 3 3 4 5 5 5 6 7 7 7 7 8 9 9 9 9 10 11 11 11 11 12 13 13 14 14 14 15 15
1 2 14 0 0 4 9 13 14 3 6 7 14 5 5 8 11 15 7 3 10 11 13 9 7 9 12 15 11 3 9 0 3 5 7 11
-88.9781367
pt-66S1-b
S H C H C H C H C H C H Pt C Pt Pt Pt
0 0 0 1 2 2 2 2 3 4 4 4 4 5 6 6 6 6 7 8 8 8 8 9 10 10 10 10 11 12 12 13 13 13 13 14 14 15 15 16
1 13 16 0 3 8 12 13 2 5 6 13 14 4 4 7 10 15 6 2 9 10 12 8 6 8 11 15 10 2 8 0 2 4 14 4 13 6 10 0
-81.7490024
ag-8a03-a
C H C H C H C H C H H H C H H H C C
0 0 0 1 2 2 2 3 4 4 4 5 6 6 6 7 8 8 8 8 9 10 11 12 12 12 12 13 14 15 16 16 16 17 17 17
1 2 4 0 0 3 16 2 0 5 6 4 4 7 17 6 9 10 11 16 8 8 8 13 14 15 17 12 12 12 2 8 17 6 12 16
-110.11921896000001
ru-45N1-a
C H Ru C H C H N H C H Ru Ru
0 0 0 0 1 2 2 3 3 3 3 3 3 4 4 5 5 5 6 7 7 7 8 9 9 9 9 10 11 11 12 12
1 3 5 11 0 3 4 0 2 4 9 11 12 2 3 0 6 7 5 5 8 9 7 3 7 10 12 9 0 3 3 9
-63.71781059
ru-44S1-a
C H C H C H C H Ru Ru S Ru
0 0 0 0 1 2 2 2 2 3 4 4 4 4 5 6 6 6 6 7 8 8 9 9 10 10 10 11
1 2 4 8 0 0 3 8 10 2 0 5 6 9 4 4 7 9 10 6 0 2 4 6 2 6 11 10
-56.66526148000003
ru-66S1-a
S H C H C H C H C H C H Ru Ru C Ru Ru Ru
0 0 0 1 2 2 2 2 3 4 4 4 4 4 5 6 6 6 6 7 8 8 8 8 9 10 10 10 10 11 12 12 13 13 14 14 14 14 15 16 16 17
1 14 17 0 3 8 13 14 2 5 6 14 15 16 4 4 7 10 16 6 2 9 10 12 8 6 8 11 12 10 8 10 2 14 0 2 4 13 4 4 6 0
-82.67149735999999
ru-4411-a
C H C H C H C H Ru Ru Ru O Ru
0 0 0 0 1 2 2 2 2 2 3 4 4 4 4 5 6 6 6 6 6 7 8 8 9 10 10 10 11 11 11 12
1 2 4 8 0 0 3 9 10 11 2 0 5 6 8 4 4 7 10 11 12 6 0 4 2 2 6 11 2 6 10 6
-57.86198017999999
pt-8a01-a
C H H H C H H H C H C H C H C H Pt C Pt C Pt Pt Pt Pt
0 0 0 0 1 2 3 4 4 4 4 5 6 7 8 8 8 8 9 10 10 10 10 11 12 12 12 12 13 14 14 14 14 15 16 17 17 17 17 18 19 19 19 19 20 21 22 23
1 2 3 17 0 0 0 5 6 7 19 4 4 4 9 14 19 21 8 11 12 16 17 10 10 13 18 19 12 8 15 17 22 14 10 0 10 14 23 12 4 8 12 20 19 8 14 17
-109.96330255999999
ru-8a02-b
C H H H C H H H C H C H C H C H Ru C Ru C Ru
0 0 0 0 1 2 3 4 4 4 4 5 6 7 8 8 8 8 9 10 10 10 10 11 12 12 12 12 13 14 14 14 14 15 16 16 17 17 17 17 18 18 19 19 19 19 20 20
1 2 3 17 0 0 0 5 6 7 19 4 4 4 9 17 19 20 8 11 12 16 17 10 10 13 14 16 12 12 15 18 19 14 10 12 0 8 10 20 14 19 4 8 14 18 8 17
-111.66475072999998
os-6601-a
Os C C H C Os C H C H Os C H Os H H
0 1 1 1 1 2 2 2 2 3 4 4 4 4 5 5 6 6 6 6 7 8 8 8 8 9 10 11 11 11 11 12 13 13 14 15
4 4 5 6 7 4 11 13 15 4 0 1 2 3 1 6 1 5 8 9 1 6 10 11 12 6 8 2 8 13 14 8 2 11 11 2
-78.21306870000001
cd-67N1-b
N H H C H C H C H C H C H C
0 0 0 1 2 3 3 3 4 5 5 5 6 7 7 7 8 9 9 9 10 11 11 11 12 13 13 13
1 2 13 0 0 4 9 13 3 6 7 13 5 5 8 11 7 3 10 11 9 7 9 12 11 0 3 5
-88.74925027
cu-44S1-a
C H C H C H C H S Cu
0 0 0 1 2 2 2 3 4 4 4 5 6 6 6 7 8 8 8 9
1 2 4 0 0 3 8 2 0 5 6 4 4 7 8 6 2 6 9 8
-54.85430582000001
zn-6601-b
C C H C C H C H C H H H
0 0 0 1 1 1 2 3 3 3 4 4 4 5 6 6 6 7 8 8 8 9 10 11
3 4 5 3 8 11 3 0 1 2 0 6 7 0 4 8 9 4 1 6 10 6 8 1
-76.45272563
ag-7801-b
C C H C C H C H C H C H H H H
0 0 0 1 1 1 2 3 3 3 4 4 4 5 6 6 6 7 8 8 8 9 10 10 10 10 11 12 13 14
3 4 5 3 8 11 3 0 1 2 0 6 7 0 4 8 9 4 1 6 10 6 8 12 13 14 1 10 10 10
-93.35430656
rh-8a03-a
C H C H C H C H C H H H C H H H Rh C Rh C Rh
0 0 0 0 1 2 2 2 2 3 4 4 4 4 5 6 6 6 6 7 8 8 8 8 9 10 11 12 12 12 12 13 14 15 16 16 17 17 17 17 18 18 19 19 19 19 20 20
1 2 4 16 0 0 3 16 17 2 0 5 6 20 4 4 7 19 20 6 9 10 11 17 8 8 8 13 14 15 19 12 12 12 0 2 2 8 18 19 17 19 6 12 17 18 4 6
-111.66348255000003
ir-8a03-b
C H C H C H C H C H H H C H H H Ir C Ir C Ir Ir
0 0 0 0 1 2 2 2 2 3 4 4 4 4 5 6 6 6 6 7 8 8 8 8 9 10 11 12 12 12 12 13 14 15 16 16 17 17 17 17 18 19 19 19 19 20 20 21
1 2 4 16 0 0 3 16 17 2 0 5 6 21 4 4 7 19 20 6 9 10 11 17 8 8 8 13 14 15 19 12 12 12 0 2 2 8 18 19 17 6 12 17 20 6 19 4
-111.51795738999999
au-8a01-b
C H H H C H H H C H C H C H C H C C
0 0 0 0 1 2 3 4 4 4 4 5 6 7 8 8 8 9 10 10 10 11 12 12 12 13 14 14 14 15 16 16 16 17 17 17
1 2 3 16 0 0 0 5 6 7 17 4 4 4 9 14 17 8 11 12 16 10 10 13 17 12 8 15 16 14 0 10 14 4 8 12
-110.18281439999998
rh-5601-a
C H H C H C H C H C H Rh Rh Rh
0 0 0 0 1 2 3 3 3 3 4 5 5 5 5 6 7 7 7 7 8 9 9 9 9 10 11 11 12 13
1 2 3 9 0 0 0 4 5 11 3 3 6 7 11 5 5 8 9 12 7 0 7 10 13 9 3 5 7 9
-68.28907594000003
ag-45N1-b
C H C H C H N H C H Ag Ag
0 0 0 0 1 2 2 2 3 4 4 4 5 6 6 6 7 8 8 8 8 9 10 11
1 2 4 10 0 0 3 8 2 0 5 6 4 4 7 8 6 2 6 9 11 8 0 8
-62.94229245
ru-5601-b
C H H C H C H C H C H Ru Ru Ru
0 0 0 0 1 2 3 3 3 3 4 5 5 5 5 6 7 7 7 7 7 8 9 9 9 9 10 11 12 12 13 13
1 2 3 9 0 0 0 4 5 11 3 3 6 7 12 5 5 8 9 12 13 7 0 7 10 13 9 3 5 7 7 9
-68.14265720999998
au-8a03-a
C H C H C H C H C H H H C H H H C C
0 0 0 1 2 2 2 3 4 4 4 5 6 6 6 7 8 8 8 8 9 10 11 12 12 12 12 13 14 15 16 16 16 17 17 17
1 2 4 0 0 3 16 2 0 5 6 4 4 7 17 6 9 10 11 16 8 8 8 13 14 15 17 12 12 12 2 8 17 6 12 16
-110.15966662
pd-8a01-b
C H H H C H H H C H C H C H C H Pd C Pd C Pd Pd
0 0 0 0 1 2 3 4 4 4 4 5 6 7 8 8 8 8 9 10 10 10 10 11 12 12 12 12 13 14 14 14 14 15 16 17 17 17 17 18 18 19 19 19 19 20 21 21
1 2 3 17 0 0 0 5 6 7 19 4 4 4 9 14 19 20 8 11 12 16 17 10 10 13 18 19 12 8 15 17 21 14 10 0 10 14 21 12 19 4 8 12 18 8 14 17
-111.66234716
ru-6611-a
C H C H C H C H C H O H Ru Ru Ru C Ru
0 0 0 0 1 2 2 2 2 3 4 4 4 4 4 5 6 6 6 6 7 8 8 8 8 8 9 10 10 11 12 12 13 14 14 14 15 15 15 15 16 16
1 2 8 12 0 0 3 6 12 2 5 6 14 15 16 4 2 4 7 16 6 0 9 13 14 15 8 11 15 10 0 2 8 4 8 15 4 8 10 14 4 6
-84.90562929999999
pd-8a03-a
C H C H C H C H C H H H C H H H Pd C Pd C Pd
0 0 0 0 1 2 2 2 2 3 4 4 4 4 5 6 6 6 6 7 8 8 8 8 9 10 11 12 12 12 12 13 14 15 16 16 17 17 17 17 18 18 19 19 19 19 20 20
1 2 4 16 0 0 3 16 17 2 0 5 6 20 4 4 7 19 20 6 9 10 11 17 8 8 8 13 14 15 19 12 12 12 0 2 2 8 18 19 17 19 6 12 17 18 4 6
-111.46012692000002
rh-8a02-b
C H H H C H H H C H C H C H C H Rh C Rh C Rh
0 0 0 0 1 2 3 4 4 4 4 5 6 7 8 8 8 8 9 10 10 10 10 11 12 12 12 12 13 14 14 14 14 15 16 16 17 17 17 17 18 18 19 19 19 19 20 20
1 2 3 17 0 0 0 5 6 7 19 4 4 4 9 17 19 20 8 11 12 16 17 10 10 13 14 16 12 12 15 18 19 14 10 12 0 8 10 20 14 19 4 8 14 18 8 17
-111.69656974000003
rh-8a03-b
C H C H C H C H C H H H C H H H Rh C Rh C Rh
0 0 0 0 1 2 2 2 2 3 4 4 4 4 5 6 6 6 6 7 8 8 8 8 9 10 11 12 12 12 12 13 14 15 16 16 17 17 17 17 18 18 19 19 19 19 20 20
1 2 4 16 0 0 3 16 17 2 0 5 6 20 4 4 7 19 20 6 9 10 11 17 8 8 8 13 14 15 19 12 12 12 0 2 2 8 18 19 17 19 6 12 17 18 4 6
-111.66327676999998
pt-4411-b
C H C H C H C H Pt Pt Pt O
0 0 0 0 1 2 2 2 2 3 4 4 4 4 5 6 6 6 6 7 8 9 9 10 11 11
1 2 4 8 0 0 3 10 11 2 0 5 6 9 4 4 7 9 11 6 0 4 6 2 2 6
-58.162662420000004
cd-6601-a
C C H C C H C H C H H H
0 0 0 1 1 1 2 3 3 3 4 4 4 5 6 6 6 7 8 8 8 9 10 11
3 4 5 3 8 11 3 0 1 2 0 6 7 0 4 8 9 4 1 6 10 6 8 1
-76.36759379
pd-67N1-b
N H H C H C H C H C H C H Pd C Pd Pd
0 0 0 1 2 3 3 3 3 4 5 5 5 5 6 7 7 7 7 8 9 9 9 9 10 11 11 11 11 12 13 13 14 14 14 14 15 15 16 16
1 2 14 0 0 4 9 13 14 3 6 7 14 15 5 5 8 11 16 7 3 10 11 13 9 7 9 12 16 11 3 9 0 3 5 15 5 14 7 11
-90.38017005999998
pd-8a03-b
C H C H C H C H C H H H C H H H Pd C Pd C Pd Pd
0 0 0 0 1 2 2 2 2 3 4 4 4 4 5 6 6 6 6 7 8 8 8 8 9 10 11 12 12 12 12 13 14 15 16 16 17 17 17 17 18 19 19 19 19 20 20 21
1 2 4 16 0 0 3 16 17 2 0 5 6 21 4 4 7 19 20 6 9 10 11 17 8 8 8 13 14 15 19 12 12 12 0 2 2 8 18 19 17 6 12 17 20 6 19 4
-111.61329982999999
ni-5601-a
C H H C H C H C H C H Ni Ni Ni
0 0 0 0 1 2 3 3 3 3 4 5 5 5 5 6 7 7 7 7 7 8 9 9 9 9 10 11 11 12 13 13
1 2 3 9 0 0 0 4 5 11 3 3 6 7 11 5 5 8 9 12 13 7 0 7 10 13 9 3 5 7 7 9
-67.94843909999997
ni-55N1-a
C H C H C H C H C H Ni Ni Ni N Ni Ni Ni Ni
0 0 0 0 0 0 1 2 2 2 2 3 4 4 4 4 5 6 6 6 6 7 8 8 8 8 8 8 9 10 10 11 12 12 12 13 13 13 13 14 15 15 16 17
1 2 10 11 12 13 0 0 3 4 10 2 2 5 6 14 4 4 7 8 15 6 6 9 12 13 15 16 8 0 2 0 0 8 13 0 8 12 17 4 6 8 8 13
-72.66385893
os-66S1-b
S H C H C H C H C H C H Os C Os Os Os
0 0 0 1 2 2 2 2 3 4 4 4 4 5 6 6 6 6 7 8 8 8 8 9 10 10 10 10 11 12 12 13 13 13 13 14 14 15 15 16
1 13 16 0 3 8 12 13 2 5 6 13 14 4 4 7 10 15 6 2 9 10 12 8 6 8 11 15 10 2 8 0 2 4 14 4 13 6 10 0
-82.45277269000007
ir-6611-a
C H C H C H C H C H O H Ir Ir C Ir Ir
0 0 0 0 1 2 2 2 2 3 4 4 4 4 5 6 6 6 6 7 8 8 8 8 9 10 10 11 12 12 13 14 14 14 14 15 15 16
1 2 8 12 0 0 3 6 12 2 5 6 14 15 4 2 4 7 16 6 0 9 13 14 8 11 14 10 0 2 8 4 8 10 15 4 14 6
-84.83262294999997
ir-8a01-a
C H H H C H H H C H C H C H C H Ir C Ir C Ir
0 0 0 0 1 2 3 4 4 4 4 5 6 7 8 8 8 8 9 10 10 10 10 11 12 12 12 12 13 14 14 14 14 15 16 16 17 17 17 17 18 18 19 19 19 19 20 20
1 2 3 17 0 0 0 5 6 7 19 4 4 4 9 14 19 20 8 11 12 16 17 10 10 13 18 19 12 8 15 17 20 14 10 17 0 10 14 16 12 19 4 8 12 18 8 14
-111.47671026
os-7801-b
Os C C H C Os C H C H Os C H C H H H H
0 0 0 1 1 1 1 1 2 2 2 2 2 3 4 4 4 4 5 5 5 6 6 6 6 7 8 8 8 8 8 9 10 10 10 11 11 11 11 12 13 13 13 13 14 15 16 17
1 2 4 0 4 5 6 7 0 4 10 11 14 4 0 1 2 3 1 6 8 1 5 8 9 1 5 6 10 11 12 6 2 8 11 2 8 10 13 8 11 15 16 17 2 13 13 13
-95.04522787000008
pt-8a02-a
C H H H C H H H C H C H C H C H Pt C Pt C Pt Pt
0 0 0 0 1 2 3 4 4 4 4 5 6 7 8 8 8 8 9 10 10 10 10 11 12 12 12 12 13 14 14 14 14 15 16 17 17 17 17 18 18 19 19 19 19 20 21 21
1 2 3 17 0 0 0 5 6 7 19 4 4 4 9 17 19 21 8 11 12 16 17 10 10 13 14 18 12 12 15 18 19 14 10 0 8 10 21 12 14 4 8 14 20 19 8 17
-111.47588271000001
cu-8a01-b
C H H H C H H H C H C H C H C H C C
0 0 0 0 1 2 3 4 4 4 4 5 6 7 8 8 8 9 10 10 10 11 12 12 12 13 14 14 14 15 16 16 16 17 17 17
1 2 3 16 0 0 0 5 6 7 17 4 4 4 9 14 17 8 11 12 16 10 10 13 17 12 8 15 16 14 0 10 14 4 8 12
-110.20034530999999
zn-44S1-b
C H C H C H C H S
0 0 0 1 2 2 2 3 4 4 4 5 6 6 6 7 8 8
1 2 4 0 0 3 8 2 0 5 6 4 4 7 8 6 2 6
-54.61462148
ag-66S1-a
S H C H C H C H C H C H C Ag
0 0 0 1 2 2 2 3 4 4 4 5 6 6 6 7 8 8 8 9 10 10 10 11 12 12 12 13
1 12 13 0 3 8 12 2 5 6 12 4 4 7 10 6 2 9 10 8 6 8 11 10 0 2 4 0
-80.6059099
ru-8a02-a
C H H H C H H H C H C H C H C H Ru C Ru C Ru
0 0 0 0 1 2 3 4 4 4 4 5 6 7 8 8 8 8 9 10 10 10 10 11 12 12 12 12 13 14 14 14 14 15 16 16 17 17 17 17 18 18 19 19 19 19 20 20
1 2 3 17 0 0 0 5 6 7 19 4 4 4 9 17 19 20 8 11 12 16 17 10 10 13 14 16 12 12 15 18 19 14 10 12 0 8 10 20 14 19 4 8 14 18 8 17
-111.66768848999999
pt-55N1-a
C H C H C H C H C H Pt Pt N Pt Pt Pt Pt
0 0 0 0 1 2 2 2 2 3 4 4 4 4 5 6 6 6 6 7 8 8 8 8 9 10 11 12 12 12 13 14 15 16
1 2 11 12 0 0 3 4 10 2 2 5 6 13 4 4 7 8 14 6 6 9 12 15 8 2 0 0 8 16 4 6 8 12
-71.45022184999999
pd-5601-b
C H H C H C H C H C H Pd Pd Pd
0 0 0 0 1 2 3 3 3 3 4 5 5 5 5 6 7 7 7 7 8 9 9 9 9 10 11 12 13 13
1 2 3 9 0 0 0 4 5 11 3 3 6 7 12 5 5 8 9 13 7 0 7 10 13 9 3 5 7 9
-68.28000975
pt-45N1-b
C H C H C H N H C H Pt Pt Pt
0 0 0 0 1 2 2 2 2 3 4 4 4 4 5 6 6 6 7 8 8 8 8 9 10 10 11 12
1 2 4 10 0 0 3 8 11 2 0 5 6 10 4 4 7 8 6 2 6 9 12 8 0 4 2 8
-64.14192309000003
au-8a03-b
C H C H C H C H C H H H C H H H C C
0 0 0 1 2 2 2 3 4 4 4 5 6 6 6 7 8 8 8 8 9 10 11 12 12 12 12 13 14 15 16 16 16 17 17 17
1 2 4 0 0 3 16 2 0 5 6 4 4 7 17 6 9 10 11 16 8 8 8 13 14 15 17 12 12 12 2 8 17 6 12 16
-110.21637175000001
cd-8a01-a
C H H H C H H H C H C H C H C H C C
0 0 0 0 1 2 3 4 4 4 4 5 6 7 8 8 8 9 10 10 10 11 12 12 12 13 14 14 14 15 16 16 16 17 17 17
1 2 3 16 0 0 0 5 6 7 17 4 4 4 9 14 17 8 11 12 16 10 10 13 17 12 8 15 16 14 0 10 14 4 8 12
-109.91089351000002
pt-7801-a
Pt C C H C Pt C H C H Pt C H Pt C H H H H
0 1 1 1 1 2 2 2 2 3 4 4 4 4 5 5 6 6 6 6 7 8 8 8 8 9 10 11 11 11 11 12 13 13 14 14 14 14 15 16 17 18
4 4 5 6 7 4 11 13 15 4 0 1 2 3 1 6 1 5 8 9 1 6 10 11 12 6 8 2 8 13 14 8 2 11 11 16 17 18 2 14 14 14
-94.74862335
pt-66S1-a
S H C H C H C H C H C H Pt C Pt Pt Pt Pt
0 0 0 1 2 2 2 2 3 4 4 4 4 5 6 6 6 6 7 8 8 8 8 9 10 10 10 10 11 12 12 13 13 13 13 14 15 15 16 17
1 13 17 0 3 8 12 13 2 5 6 13 15 4 4 7 10 15 6 2 9 10 12 8 6 8 11 16 10 2 8 0 2 4 14 13 4 6 10 0
-81.61202939999998
ni-67N1-a
N H H C H C H C H C H C H Ni Ni C Ni Ni Ni
0 0 0 0 1 2 3 3 3 3 4 5 5 5 5 5 6 7 7 7 7 8 9 9 9 9 10 11 11 11 11 12 13 13 14 14 15 15 15 15 16 17 17 18
1 2 15 18 0 0 4 9 14 15 3 6 7 15 16 17 5 5 8 11 17 7 3 10 11 13 9 7 9 12 13 11 9 11 3 15 0 3 5 14 5 5 7 0
-90.22604152999997
cd-55N1-a
C H C H C H C H C H N Cd
0 0 0 1 2 2 2 3 4 4 4 5 6 6 6 7 8 8 8 9 10 10 10 11
1 2 10 0 0 3 4 2 2 5 6 4 4 7 8 6 6 9 10 8 0 8 11 10
-71.66922289000001
os-8a01-b
C H H H C H H H C H C H C H C H Os C Os C Os Os
0 0 0 0 1 2 3 4 4 4 4 5 6 7 8 8 8 8 9 10 10 10 10 11 12 12 12 12 13 14 14 14 14 15 16 17 17 17 17 18 18 19 19 19 19 20 21 21
1 2 3 17 0 0 0 5 6 7 19 4 4 4 9 14 19 20 8 11 12 16 17 10 10 13 18 19 12 8 15 17 21 14 10 0 10 14 21 12 19 4 8 12 18 8 14 17
-111.66373082000007
au-55N1-b
C H C H C H C H C H N
0 0 0 1 2 2 2 3 4 4 4 5 6 6 6 7 8 8 8 9 10 10
1 2 10 0 0 3 4 2 2 5 6 4 4 7 8 6 6 9 10 8 0 8
-71.74086368000002
ni-44S1-a
C H C H C H C H Ni Ni S Ni Ni
0 0 0 0 0 1 2 2 2 2 3 4 4 4 4 5 6 6 6 6 7 8 8 9 9 10 10 10 10 11 11 12
1 2 4 8 9 0 0 3 9 10 2 0 5 6 8 4 4 7 10 11 6 0 4 0 2 2 6 11 12 6 10 10
-56.213667199999975
cu-8a02-b
C H H H C H H H C H C H C H C H C C
0 0 0 0 1 2 3 4 4 4 4 5 6 7 8 8 8 9 10 10 10 11 12 12 12 13 14 14 14 15 16 16 16 17 17 17
1 2 3 16 0 0 0 5 6 7 17 4 4 4 9 16 17 8 11 12 16 10 10 13 14 12 12 15 17 14 0 8 10 4 8 14
-110.23867051999997
au-6611-a
C H C H C H C H C H O H C
0 0 0 1 2 2 2 3 4 4 4 5 6 6 6 7 8 8 8 9 10 10 11 12 12 12
1 2 8 0 0 3 6 2 5 6 12 4 2 4 7 6 0 9 12 8 11 12 10 4 8 10
-83.37714122
au-8a02-b
C H H H C H H H C H C H C H C H C C
0 0 0 0 1 2 3 4 4 4 4 5 6 7 8 8 8 9 10 10 10 11 12 12 12 13 14 14 14 15 16 16 16 17 17 17
1 2 3 16 0 0 0 5 6 7 17 4 4 4 9 16 17 8 11 12 16 10 10 13 14 12 12 15 17 14 0 8 10 4 8 14
-110.20333055000003
ru-4411-b
C H C H C H C H Ru Ru Ru O
0 0 0 0 1 2 2 2 2 3 4 4 4 4 4 5 6 6 6 6 7 8 8 9 9 10 11 11
1 2 4 8 0 0 3 10 11 2 0 5 6 8 9 4 4 7 9 11 6 0 4 4 6 2 2 6
-57.86938895999998
ag-55N1-a
C H C H C H C H C H N Ag
0 0 0 1 2 2 2 3 4 4 4 5 6 6 6 7 8 8 8 9 10 10 10 11
1 2 10 0 0 3 4 2 2 5 6 4 4 7 8 6 6 9 10 8 0 8 11 10
-71.86186452000001
rh-45N1-a
C H C H C H N H C H Rh Rh Rh
0 0 0 0 1 2 2 2 2 3 4 4 4 4 5 6 6 6 7 8 8 8 8 9 10 10 11 12
1 2 4 10 0 0 3 8 11 2 0 5 6 10 4 4 7 8 6 2 6 9 12 8 0 4 2 8
-63.93325960999999
au-6601-a
C C H C C H C H C H H H
0 0 0 1 1 1 2 3 3 3 4 4 4 5 6 6 6 7 8 8 8 9 10 11
3 4 5 3 8 11 3 0 1 2 0 6 7 0 4 8 9 4 1 6 10 6 8 1
-76.54261575000001
ir-8a01-b
C H H H C H H H C H C H C H C H Ir C Ir C Ir Ir
0 0 0 0 1 2 3 4 4 4 4 5 6 7 8 8 8 8 9 10 10 10 10 11 12 12 12 12 13 14 14 14 14 15 16 17 17 17 17 18 18 19 19 19 19 20 21 21
1 2 3 17 0 0 0 5 6 7 19 4 4 4 9 14 19 20 8 11 12 16 17 10 10 13 18 19 12 8 15 17 21 14 10 0 10 14 21 12 19 4 8 12 18 8 14 17
-111.56465143000003
os-45N1-a
C H C H C H N H C H Os Os Os
0 0 0 0 1 2 2 2 2 2 2 3 4 4 4 5 6 6 6 7 8 8 8 8 9 10 10 11 12 12
1 2 4 10 0 0 3 8 10 11 12 2 0 5 6 4 4 7 8 6 2 6 9 12 8 0 2 2 2 8
-63.89128619000007
ru-8a03-a
C H C H C H C H C H H H C H H H Ru C Ru C Ru
0 0 0 0 1 2 2 2 2 3 4 4 4 4 5 6 6 6 6 7 8 8 8 8 9 10 11 12 12 12 12 13 14 15 16 16 17 17 17 17 18 18 19 19 19 19 20 20
1 2 4 16 0 0 3 16 17 2 0 5 6 20 4 4 7 19 20 6 9 10 11 17 8 8 8 13 14 15 19 12 12 12 0 2 2 8 18 19 17 19 6 12 17 18 4 6
-111.62978721999997
zn-6611-b
C H C H C H C H C H O H C
0 0 0 1 2 2 2 3 4 4 4 5 6 6 6 7 8 8 8 9 10 10 11 12 12 12
1 2 8 0 0 3 6 2 5 6 12 4 2 4 7 6 0 9 12 8 11 12 10 4 8 10
-83.24699729
cd-4411-b
C H C H C H C H O
0 0 0 1 2 2 2 3 4 4 4 5 6 6 6 7 8 8
1 2 4 0 0 3 8 2 0 5 6 4 4 7 8 6 2 6
-56.779320469999995
ag-6611-b
C H C H C H C H C H O H Ag C
0 0 0 1 2 2 2 3 4 4 4 5 6 6 6 7 8 8 8 8 9 10 10 11 12 13 13 13
1 2 8 0 0 3 6 2 5 6 13 4 2 4 7 6 0 9 12 13 8 11 13 10 8 4 8 10
-83.37515558000001
cu-8a02-a
C H H H C H H H C H C H C H C H C C
0 0 0 0 1 2 3 4 4 4 4 5 6 7 8 8 8 9 10 10 10 11 12 12 12 13 14 14 14 15 16 16 16 17 17 17
1 2 3 16 0 0 0 5 6 7 17 4 4 4 9 16 17 8 11 12 16 10 10 13 14 12 12 15 17 14 0 8 10 4 8 14
-110.21726555999999
pd-67N1-a
N H H C H C H C H C H C H Pd Pd C Pd Pd Pd
0 0 0 0 1 2 3 3 3 3 4 5 5 5 5 6 7 7 7 7 8 9 9 9 9 10 11 11 11 11 12 13 14 14 15 15 15 15 16 17 17 18
1 2 15 18 0 0 4 9 14 15 3 6 7 15 16 5 5 8 11 17 7 3 10 11 13 9 7 9 12 17 11 9 3 15 0 3 5 14 5 7 11 0
-90.56738338
pd-45N1-b
C H C H C H N H C H Pd Pd Pd Pd
0 0 0 0 1 2 2 2 2 2 2 3 4 4 4 4 5 6 6 6 7 8 8 8 8 9 10 10 11 12 12 13
1 2 4 10 0 0 3 8 10 11 12 2 0 5 6 13 4 4 7 8 6 2 6 9 12 8 0 2 2 2 8 4
-63.95257923
cu-8a03-b
C H C H C H C H C H H H C H H H C C
0 0 0 1 2 2 2 3 4 4 4 5 6 6 6 7 8 8 8 8 9 10 11 12 12 12 12 13 14 15 16 16 16 17 17 17
1 2 4 0 0 3 16 2 0 5 6 4 4 7 17 6 9 10 11 16 8 8 8 13 14 15 17 12 12 12 2 8 17 6 12 16
-110.24326236000002
ru-67N1-a
N H H C H C H C H C H C H Ru Ru C Ru Ru Ru
0 0 0 0 1 2 3 3 3 3 4 5 5 5 5 5 5 6 7 7 7 7 8 9 9 9 9 10 11 11 11 11 12 13 13 14 14 14 15 15 15 15 16 17 17 18
1 2 15 18 0 0 4 9 14 15 3 6 7 14 15 16 17 5 5 8 11 17 7 3 10 11 13 9 7 9 12 13 11 9 11 3 5 15 0 3 5 14 5 5 7 0
-90.62415097000002
rh-5601-b
C H H C H C H C H C H Rh Rh Rh
0 0 0 0 1 2 3 3 3 3 4 5 5 5 5 6 7 7 7 7 8 9 9 9 9 10 11 12 13 13
1 2 3 9 0 0 0 4 5 11 3 3 6 7 12 5 5 8 9 13 7 0 7 10 13 9 3 5 7 9
-68.29434908000002
ru-6601-a
Ru Ru Ru C C H C Ru C H Ru C H Ru C H Ru H H
0 0 1 1 1 1 1 1 2 2 3 3 3 3 3 3 4 4 4 4 4 4 5 6 6 6 6 6 6 7 7 8 8 8 8 8 8 9 10 10 11 11 11 11 11 11 12 13 13 14 14 14 14 14 14 15 16 16 17 18
4 6 3 4 6 8 11 14 3 6 1 2 6 7 8 9 0 1 6 14 16 18 6 0 1 2 3 4 5 3 8 1 3 7 10 11 12 3 8 11 1 8 10 13 14 15 8 11 14 1 4 11 13 16 17 11 4 14 14 4
-76.21171613000001
