4a12
C H H H C H H C H H C H H H O
0 0 0 0 1 2 3 4 4 4 4 5 6 7 7 7 7 8 9 10 10 10 10 11 12 13 14 14
1 2 3 4 0 0 0 0 5 6 7 4 4 4 8 9 14 7 7 11 12 13 14 10 10 10 7 10
-79.79709896
4a11
C H H H C H H C H H C H H H O
0 0 0 0 1 2 3 4 4 4 4 5 6 7 7 7 7 8 9 10 10 10 10 11 12 13 14 14
1 2 3 4 0 0 0 0 5 6 14 4 4 8 9 10 14 7 7 7 11 12 13 10 10 10 4 7
-79.92998749
3611
C H H H C H H C H O
0 0 0 0 1 2 3 4 4 4 4 5 6 7 7 7 8 9
1 2 3 4 0 0 0 0 5 6 7 4 4 4 8 9 7 7
-55.77481262
4812
C H H H C H C H C H H H O
0 0 0 0 1 2 3 4 4 4 5 6 6 6 6 7 8 8 8 8 9 10 11 12
1 2 3 6 0 0 0 5 6 12 4 0 4 7 8 6 6 9 10 11 8 8 8 4
-72.40609647
4811
C H H H C H H C H H C H O
0 0 0 0 1 2 3 4 4 4 4 5 6 7 7 7 7 8 9 10 10 10 11 12
1 2 3 4 0 0 0 0 5 6 7 4 4 4 8 9 10 7 7 7 11 12 10 10
-72.36997203
