49_8
C H H H C H H H C H H H N O O C
0 0 0 0 1 2 3 4 4 4 4 5 6 7 8 8 8 8 9 10 11 12 12 12 13 14 14 15 15 15
1 2 3 12 0 0 0 5 6 7 12 4 4 4 9 10 11 14 8 8 8 0 4 15 15 8 15 12 13 14
-91.51000813
25_1
O H N H C H H H O C
0 0 1 2 2 2 3 4 4 4 4 5 6 7 8 9 9 9
1 9 0 3 4 9 2 2 5 6 7 4 4 4 9 0 2 8
-58.74020765
49_6
C H H H N H C H H C H H H O O C
0 0 0 0 1 2 3 4 4 4 5 6 6 6 6 7 8 9 9 9 9 10 11 12 13 14 14 15 15 15
1 2 3 14 0 0 0 5 6 15 4 4 7 8 9 6 6 6 10 11 12 9 9 9 15 0 15 4 13 14
-91.82062804
49_5
O H C H H H C H H C H H H N O C
0 0 1 2 2 2 2 3 4 5 6 6 6 6 7 8 9 9 9 9 10 11 12 13 13 13 14 15 15 15
1 15 0 3 4 5 13 2 2 2 7 8 9 13 6 6 6 10 11 12 9 9 9 2 6 15 15 0 13 14
-91.78143384
13_1
N H H O H O C
0 0 0 1 2 3 3 4 5 6 6 6
1 2 6 0 0 4 6 3 6 0 3 5
-42.38057294
37_1
O H N H C H H C H H H O C
0 0 1 2 2 2 3 4 4 4 4 5 6 7 7 7 7 8 9 10 11 12 12 12
1 12 0 3 4 12 2 2 5 6 7 4 4 4 8 9 10 7 7 7 12 0 2 11
-75.40830914
49_2
O H N H C H H C H H C H H H O C
0 0 1 2 2 2 3 4 4 4 4 5 6 7 7 7 7 8 9 10 10 10 10 11 12 13 14 15 15 15
1 15 0 3 4 15 2 2 5 6 7 4 4 4 8 9 10 7 7 7 11 12 13 10 10 10 15 0 2 14
-92.01138706
49_4
N H H C H H C H H C H H H O O C
0 0 0 1 2 3 3 3 3 4 5 6 6 6 6 7 8 9 9 9 9 10 11 12 13 14 14 15 15 15
1 2 15 0 0 4 5 6 14 3 3 3 7 8 9 6 6 6 10 11 12 9 9 9 15 3 15 0 13 14
-92.11251617
37_2
N H H C H H C H H H O O C
0 0 0 1 2 3 3 3 3 4 5 6 6 6 6 7 8 9 10 11 11 12 12 12
1 2 12 0 0 4 5 6 11 3 3 3 7 8 9 6 6 6 12 3 12 0 10 11
-75.51806628
49_7
N H C H H H C H H C H H H O O C
0 0 0 1 2 2 2 2 3 4 5 6 6 6 6 7 8 9 9 9 9 10 11 12 13 14 14 15 15 15
1 2 15 0 0 3 4 5 2 2 2 7 8 9 14 6 6 6 10 11 12 9 9 9 15 6 15 0 13 14
-91.88070494
49_1
O H N H C H H H C H C H H H O C
0 0 1 2 2 2 3 4 4 4 4 5 6 7 8 8 8 8 9 10 10 10 10 11 12 13 14 15 15 15
1 15 0 3 8 15 2 5 6 7 8 4 4 4 2 4 9 10 8 8 11 12 13 10 10 10 15 0 2 14
-92.13741784
37_3
O H C H H H C H H H N O C
0 0 1 2 2 2 2 3 4 5 6 6 6 6 7 8 9 10 10 10 11 12 12 12
1 12 0 3 4 5 10 2 2 2 7 8 9 10 6 6 6 2 6 12 12 0 10 11
-75.09357957
37_4
C H H H N H C H H H O O C
0 0 0 0 1 2 3 4 4 4 5 6 6 6 6 7 8 9 10 11 11 12 12 12
1 2 3 11 0 0 0 5 6 12 4 4 7 8 9 6 6 6 12 0 12 4 10 11
-75.1669493
25_2
N H H C H H H O O C
0 0 0 1 2 3 3 3 3 4 5 6 7 8 8 9 9 9
1 2 9 0 0 4 5 6 8 3 3 3 9 3 9 0 7 8
-58.80401685
49_3
N H H C H H H C H C H H H O O C
0 0 0 1 2 3 3 3 3 4 5 6 7 7 7 7 8 9 9 9 9 10 11 12 13 14 14 15 15 15
1 2 15 0 0 4 5 6 7 3 3 3 3 8 9 14 7 7 10 11 12 9 9 9 15 7 15 0 13 14
-92.27569912
