os-37_4-a
C H H H Os N H C H H H O O C Os
0 0 0 0 1 2 3 4 4 5 5 5 5 6 6 7 7 7 7 8 9 10 11 12 12 12 13 13 13 14
1 2 3 12 0 0 0 5 6 4 6 7 13 4 5 5 8 9 10 7 7 7 13 0 13 14 5 11 12 12
-75.9958648700001
zn-13_1-a
N H H O H O C Zn
0 0 0 1 2 3 3 4 5 5 6 6 6 7
1 2 6 0 0 4 6 3 6 7 0 3 5 5
-42.75198825999999
cu-13_1-a
N H H O H O C Cu
0 0 0 1 2 3 3 4 5 5 6 6 6 7
1 2 6 0 0 4 6 3 6 7 0 3 5 5
-42.88801662
ag-49_5-a
O H C H H H C H H C H H H N O C Ag
0 0 1 2 2 2 2 3 4 5 6 6 6 6 7 8 9 9 9 9 10 11 12 13 13 13 14 14 15 15 15 16
1 15 0 3 4 5 13 2 2 2 7 8 9 13 6 6 6 10 11 12 9 9 9 2 6 15 15 16 0 13 14 14
-92.31394579000002
pd-37_1-a
O H N H C H Pd H C H H H Pd O C Pd
0 0 0 1 2 2 2 3 4 4 4 4 5 6 7 7 8 8 8 8 9 10 11 12 12 13 13 14 14 14 14 15
1 14 15 0 3 4 14 2 2 5 7 8 4 7 4 6 4 9 10 11 8 8 8 13 14 12 14 0 2 12 13 0
-76.15816472999998
zn-49_2-a
O H N H C H H C H H C H H H O C
0 0 1 2 2 2 3 4 4 4 4 5 6 7 7 7 7 8 9 10 10 10 10 11 12 13 14 15 15 15
1 15 0 3 4 15 2 2 5 6 7 4 4 4 8 9 10 7 7 7 11 12 13 10 10 10 15 0 2 14
-92.52486687000001
zn-49_6-a
C H H H N H C H H C H H H O O C
0 0 0 0 1 2 3 4 4 4 5 6 6 6 6 7 8 9 9 9 9 10 11 12 13 14 14 15 15 15
1 2 3 14 0 0 0 5 6 15 4 4 7 8 9 6 6 6 10 11 12 9 9 9 15 0 15 4 13 14
-92.20358472000001
cd-49_5-a
O H C H H H C H H C H H H N O C Cd
0 0 1 2 2 2 2 3 4 5 6 6 6 6 7 8 9 9 9 9 10 11 12 13 13 13 14 14 15 15 15 16
1 15 0 3 4 5 13 2 2 2 7 8 9 13 6 6 6 10 11 12 9 9 9 2 6 15 15 16 0 13 14 14
-92.19203245
pd-49_8-a
C H Pd H H C H H H Pd C H H H N O O C Pd
0 0 0 0 1 2 3 3 4 5 5 5 5 6 7 8 9 10 10 10 10 11 11 12 13 14 14 14 15 15 16 16 17 17 17 18
1 3 4 14 0 3 0 2 0 6 7 8 14 5 5 5 11 11 12 13 16 9 10 10 10 0 5 17 17 18 10 17 14 15 16 15
-92.2291385
ru-49_5-a
Ru O H C H H H C H H C H H H Ru N O C
0 0 1 1 1 2 2 3 3 3 3 4 5 6 7 7 7 7 8 9 10 10 10 10 11 12 13 14 14 15 15 15 16 16 17 17 17 17
1 2 0 2 17 0 1 4 5 6 15 3 3 3 8 9 10 15 7 7 7 11 12 13 10 10 10 16 17 3 7 17 14 17 1 14 15 16
-92.64967363
rh-37_3-a
O H C H H H C H H H Rh N O C Rh
0 0 0 1 2 2 2 2 3 4 5 6 6 6 6 7 8 9 10 10 11 11 11 12 12 13 13 13 13 14
1 13 14 0 3 4 5 11 2 2 2 7 8 9 11 6 6 6 12 13 2 6 13 10 13 0 10 11 12 0
-75.85581171000001
ru-49_3-a
N H H C H H H C H C H H H O O C Ru
0 0 0 1 2 3 3 3 3 4 5 6 7 7 7 7 8 9 9 9 9 10 11 12 13 13 14 14 15 15 15 16
1 2 15 0 0 4 5 6 7 3 3 3 3 8 9 14 7 7 10 11 12 9 9 9 15 16 7 15 0 13 14 13
-93.10081184999996
ru-13_1-a
Ru Ru N H H O H O C Ru
0 1 2 2 2 3 3 3 4 5 5 6 7 7 8 8 8 9
3 3 3 4 8 0 1 2 2 6 8 5 8 9 2 5 7 7
-43.12352807000002
ir-49_2-a
O H N H C H H C H H C H H H O C Ir
0 0 0 1 2 2 2 3 4 4 4 4 5 6 7 7 7 7 8 9 10 10 10 10 11 12 13 14 15 15 15 16
1 15 16 0 3 4 15 2 2 5 6 7 4 4 4 8 9 10 7 7 7 11 12 13 10 10 10 15 0 2 14 0
-92.74041340999997
au-37_3-a
O H C H H H C H H H N O C Au
0 0 1 2 2 2 2 3 4 5 6 6 6 6 7 8 9 10 10 10 11 11 12 12 12 13
1 12 0 3 4 5 10 2 2 2 7 8 9 10 6 6 6 2 6 12 12 13 0 10 11 11
-75.58569446000001
pd-25_2-a
Pd N H H C H H H O O C Pd
0 1 1 1 2 2 3 4 4 4 4 5 6 7 8 8 9 9 10 10 10 11
2 2 3 10 0 1 1 5 6 7 9 4 4 4 10 11 4 10 1 8 9 8
-59.46038975000002
au-49_7-a
N H C H H H C H H C H H H O O C Au
0 0 0 0 1 2 2 2 2 3 4 5 6 6 6 6 7 8 9 9 9 9 10 11 12 13 14 14 15 15 15 16
1 2 15 16 0 0 3 4 5 2 2 2 7 8 9 14 6 6 6 10 11 12 9 9 9 15 6 15 0 13 14 0
-92.37832106000002
ir-49_7-a
N H C H H H C H H C H H H O O C Ir
0 0 0 0 1 2 2 2 2 3 4 5 6 6 6 6 7 8 9 9 9 9 10 11 12 13 14 14 15 15 15 16
1 2 15 16 0 0 3 4 5 2 2 2 7 8 9 14 6 6 6 10 11 12 9 9 9 15 6 15 0 13 14 0
-92.69845925999999
ni-49_1-a
O H N H C H H H C H C H H H O C Ni
0 0 1 2 2 2 3 4 4 4 4 5 6 7 8 8 8 8 9 10 10 10 10 11 12 13 14 14 15 15 15 16
1 15 0 3 8 15 2 5 6 7 8 4 4 4 2 4 9 10 8 8 11 12 13 10 10 10 15 16 0 2 14 14
-93.22105916999999
os-25_2-a
N H H C H H H O O C Os
0 0 0 1 2 3 3 3 3 4 5 6 7 7 8 8 9 9 9 10
1 2 9 0 0 4 5 6 8 3 3 3 9 10 3 9 0 7 8 7
-59.690271900000084
os-37_2-a
N H H C H H C H H H O O C Os
0 0 0 1 2 3 3 3 3 4 5 6 6 6 6 7 8 9 10 10 11 11 12 12 12 13
1 2 12 0 0 4 5 6 11 3 3 3 7 8 9 6 6 6 12 13 3 12 0 10 11 10
-76.40474319000009
ru-37_4-a
C H H H Ru N H C H H H O O C Ru
0 0 0 0 1 2 3 4 4 5 5 5 5 6 6 7 7 7 7 8 9 10 11 12 12 12 13 13 13 14
1 2 3 12 0 0 0 5 6 4 6 7 13 4 5 5 8 9 10 7 7 7 13 0 13 14 5 11 12 12
-75.84868963000002
ir-49_4-a
N H H C H H C H H C H H H O O C Ir
0 0 0 0 1 2 3 3 3 3 4 5 6 6 6 6 7 8 9 9 9 9 10 11 12 13 14 14 15 15 15 16
1 2 15 16 0 0 4 5 6 14 3 3 3 7 8 9 6 6 6 10 11 12 9 9 9 15 3 15 0 13 14 0
-93.00197321999997
cu-49_4-a
N H H C H H C H H C H H H O O C Cu
0 0 0 0 1 2 3 3 3 3 4 5 6 6 6 6 7 8 9 9 9 9 10 11 12 13 14 14 15 15 15 16
1 2 15 16 0 0 4 5 6 14 3 3 3 7 8 9 6 6 6 10 11 12 9 9 9 15 3 15 0 13 14 0
-92.70880009000001
ag-49_7-a
N H C H H H C H H C H H H O O C Ag
0 0 0 0 1 2 2 2 2 3 4 5 6 6 6 6 7 8 9 9 9 9 10 11 12 13 14 14 15 15 15 16
1 2 15 16 0 0 3 4 5 2 2 2 7 8 9 14 6 6 6 10 11 12 9 9 9 15 6 15 0 13 14 0
-92.33767873
ag-49_6-a
C H H H N H C H H C H H H O O C
0 0 0 0 1 2 3 4 4 4 5 6 6 6 6 7 8 9 9 9 9 10 11 12 13 14 14 15 15 15
1 2 3 14 0 0 0 5 6 15 4 4 7 8 9 6 6 6 10 11 12 9 9 9 15 0 15 4 13 14
-92.24606987000001
ir-25_2-a
Ir N H H C H H H O O C Ir
0 1 1 1 2 2 3 4 4 4 4 5 6 7 8 8 9 9 10 10 10 11
2 2 3 10 0 1 1 5 6 7 9 4 4 4 10 11 4 10 1 8 9 8
-59.4589876
ni-25_2-a
Ni N H H C H H H O O C Ni
0 1 1 1 2 2 3 4 4 4 4 5 6 7 8 8 9 9 10 10 10 11
2 2 3 10 0 1 1 5 6 7 9 4 4 4 10 11 4 10 1 8 9 8
-59.455279399999995
pt-49_6-a
C H H H N H C H H C H H H O O C Pt
0 0 0 0 1 2 3 4 4 4 4 5 6 6 6 6 7 8 9 9 9 9 10 11 12 13 14 14 15 15 15 16
1 2 3 14 0 0 0 5 6 15 16 4 4 7 8 9 6 6 6 10 11 12 9 9 9 15 0 15 4 13 14 4
-92.49052317000002
rh-37_1-a
O H N H C H Rh H C H H H Rh O C Rh
0 0 0 1 2 2 2 3 4 4 4 4 5 6 7 7 8 8 8 8 9 10 11 12 12 13 13 14 14 14 14 15
1 14 15 0 3 4 14 2 2 5 7 8 4 7 4 6 4 9 10 11 8 8 8 13 14 12 14 0 2 12 13 0
-76.14220518000002
ni-37_1-a
Ni O H N H C H H C H H H O C Ni
0 1 1 2 2 3 3 3 4 5 5 5 5 6 7 8 8 8 8 9 10 11 12 12 13 13 13 14
2 2 13 0 1 4 5 13 3 3 6 7 8 5 5 5 9 10 11 8 8 8 13 14 1 3 12 12
-76.44693539999997
ni-49_5-a
O H C H H H C H H C H H H Ni N O C Ni
0 0 0 1 2 2 2 2 3 4 5 6 6 6 6 7 8 9 9 9 9 10 11 12 13 13 14 14 14 15 15 16 16 16 16 17
1 16 17 0 3 4 5 14 2 2 2 7 8 9 14 6 6 6 10 11 12 9 9 9 15 16 2 6 16 13 16 0 13 14 15 0
-92.56296922000001
os-13_1-a
Os Os N H H O H O C Os
0 1 2 2 2 3 3 3 4 5 5 6 7 7 8 8 8 9
3 3 3 4 8 0 1 2 2 6 8 5 8 9 2 5 7 7
-43.21920460000001
au-37_2-a
N H H C H H C H H H O O C Au
0 0 0 1 2 3 3 3 3 4 5 6 6 6 6 7 8 9 10 10 11 11 12 12 12 13
1 2 12 0 0 4 5 6 11 3 3 3 7 8 9 6 6 6 12 13 3 12 0 10 11 10
-75.95568947000001
au-49_2-a
O H N H C H H C H H C H H H O C
0 0 1 2 2 2 3 4 4 4 4 5 6 7 7 7 7 8 9 10 10 10 10 11 12 13 14 15 15 15
1 15 0 3 4 15 2 2 5 6 7 4 4 4 8 9 10 7 7 7 11 12 13 10 10 10 15 0 2 14
-92.58112328000001
au-49_3-a
N H H C H H H C H C H H H O O C Au
0 0 0 1 2 3 3 3 3 4 5 6 7 7 7 7 8 9 9 9 9 10 11 12 13 13 14 14 15 15 15 16
1 2 15 0 0 4 5 6 7 3 3 3 3 8 9 14 7 7 10 11 12 9 9 9 15 16 7 15 0 13 14 13
-92.75326948
au-37_4-a
C H H H N H C H H H O O C Au
0 0 0 0 1 2 3 4 4 4 4 5 6 6 6 6 7 8 9 10 11 11 12 12 12 13
1 2 3 11 0 0 0 5 6 12 13 4 4 7 8 9 6 6 6 12 0 12 4 10 11 4
-75.58113099000002
rh-37_4-a
C H H H Rh N H C H H H O O C
0 0 0 0 1 2 3 4 4 5 5 5 5 6 6 7 7 7 7 8 9 10 11 12 12 13 13 13
1 2 3 12 0 0 0 5 6 4 6 7 13 4 5 5 8 9 10 7 7 7 13 0 13 5 11 12
-75.83981936000004
ni-49_3-a
N H H C H H H C H C H H H O O C Ni
0 0 0 1 2 3 3 3 3 4 5 6 7 7 7 7 8 9 9 9 9 10 11 12 13 13 14 14 15 15 15 16
1 2 15 0 0 4 5 6 7 3 3 3 3 8 9 14 7 7 10 11 12 9 9 9 15 16 7 15 0 13 14 13
-93.04009105
os-25_1-a
Os Os O H Os N H C H H H O C
0 0 1 2 2 2 3 3 3 4 4 5 5 5 5 6 6 7 7 7 7 8 9 10 11 12 12 12
2 3 3 0 3 12 0 1 2 5 6 4 6 7 12 4 5 5 8 9 10 7 7 7 12 2 5 11
-59.72974269000008
pt-49_1-a
O H N H C H H H C H C H H H O C Pt
0 0 1 2 2 2 3 4 4 4 4 5 6 7 8 8 8 8 9 10 10 10 10 11 12 13 14 14 15 15 15 16
1 15 0 3 8 15 2 5 6 7 8 4 4 4 2 4 9 10 8 8 11 12 13 10 10 10 15 16 0 2 14 14
-92.78021395000002
ru-49_1-a
Ru O H N H C H H H C H C H H H O C Ru
0 1 1 2 2 3 3 3 4 5 5 5 5 6 7 8 9 9 9 9 10 11 11 11 11 12 13 14 15 15 16 16 16 17
2 2 16 0 1 4 9 16 3 6 7 8 9 5 5 5 3 5 10 11 9 9 12 13 14 11 11 11 16 17 1 3 15 15
-93.26300026999996
cu-25_2-a
N H H C H H H O O C Cu
0 0 0 1 2 3 3 3 3 4 5 6 7 7 8 8 9 9 9 10
1 2 9 0 0 4 5 6 8 3 3 3 9 10 3 9 0 7 8 7
-59.31891114999999
zn-25_2-a
N H H C H H H O O C Zn
0 0 0 1 2 3 3 3 3 4 5 6 7 7 8 8 9 9 9 10
1 2 9 0 0 4 5 6 8 3 3 3 9 10 3 9 0 7 8 7
-59.170457909999996
cd-25_1-a
O H N H C H H H O C
0 0 1 2 2 2 3 4 4 4 4 5 6 7 8 9 9 9
1 9 0 3 4 9 2 2 5 6 7 4 4 4 9 0 2 8
-59.06785625
au-49_1-a
O H N H C H H H C H C H H H O C Au
0 0 1 2 2 2 3 4 4 4 4 5 6 7 8 8 8 8 9 10 10 10 10 11 12 13 14 14 15 15 15 16
1 15 0 3 8 15 2 5 6 7 8 4 4 4 2 4 9 10 8 8 11 12 13 10 10 10 15 16 0 2 14 14
-92.60996358
os-49_4-a
N H H C H H C H H C H H H O O C Os
0 0 0 0 1 2 3 3 3 3 4 5 6 6 6 6 7 8 9 9 9 9 10 11 12 13 14 14 15 15 15 16
1 2 15 16 0 0 4 5 6 14 3 3 3 7 8 9 6 6 6 10 11 12 9 9 9 15 3 15 0 13 14 0
-93.09118346000002
pt-49_8-a
C H Pt H H C H H H C H H H N O O C Pt
0 0 0 0 1 2 3 3 4 5 5 5 5 6 7 8 9 9 9 9 10 11 12 13 13 13 14 14 15 15 16 16 16 17
1 3 4 13 0 3 0 2 0 6 7 8 13 5 5 5 10 11 12 15 9 9 9 0 5 16 16 17 9 16 13 14 15 14
-92.11193268
zn-37_3-a
O H C H H H C H H H N O C Zn
0 0 1 2 2 2 2 3 4 5 6 6 6 6 7 8 9 10 10 10 11 11 12 12 12 13
1 12 0 3 4 5 10 2 2 2 7 8 9 10 6 6 6 2 6 12 12 13 0 10 11 11
-75.54491096000001
pd-49_7-a
N H C H H H C H H C H H H O O C Pd
0 0 0 0 1 2 2 2 2 3 4 5 6 6 6 6 7 8 9 9 9 9 10 11 12 13 14 14 15 15 15 16
1 2 15 16 0 0 3 4 5 2 2 2 7 8 9 14 6 6 6 10 11 12 9 9 9 15 6 15 0 13 14 0
-92.68977367
cu-37_3-a
O H C H H H C H H H N O C Cu Cu
0 0 0 1 2 2 2 2 3 4 5 6 6 6 6 7 8 9 10 10 10 11 11 12 12 12 13 14
1 12 14 0 3 4 5 10 2 2 2 7 8 9 10 6 6 6 2 6 12 12 13 0 10 11 11 0
-75.70946894
rh-49_7-a
Rh N H C H H H C H H C H H H O O C
0 0 1 1 1 1 2 2 3 3 3 3 4 5 6 7 7 7 7 8 9 10 10 10 10 11 12 13 14 15 15 16 16 16
1 2 0 2 3 16 0 1 1 4 5 6 3 3 3 8 9 10 15 7 7 7 11 12 13 10 10 10 16 7 16 1 14 15
-92.66148551000003
ru-49_8-a
C H Ru H H C H H H Ru C H H H N O O C Ru
0 0 0 0 1 2 3 3 4 5 5 5 5 6 7 8 9 10 10 10 10 11 11 12 13 14 14 14 15 15 16 16 17 17 17 18
1 3 4 14 0 3 0 2 0 6 7 8 14 5 5 5 11 11 12 13 16 9 10 10 10 0 5 17 17 18 10 17 14 15 16 15
-92.15675145000006
cu-49_8-a
C H H H C H H H Cu C H H H N O O C Cu
0 0 0 0 1 2 3 4 4 4 4 5 6 7 8 9 9 9 9 10 10 11 12 13 13 13 14 14 15 15 16 16 16 17
1 2 3 13 0 0 0 5 6 7 13 4 4 4 10 10 11 12 15 8 9 9 9 0 4 16 16 17 9 16 13 14 15 14
-92.03063681999998
pd-37_2-a
N H H C H H C H H H O O C Pd
0 0 0 1 2 3 3 3 3 4 5 6 6 6 6 7 8 9 10 10 11 11 12 12 12 13
1 2 12 0 0 4 5 6 11 3 3 3 7 8 9 6 6 6 12 13 3 12 0 10 11 10
-76.22649907000002
cd-37_4-a
C H H H N H C H H H O O C
0 0 0 0 1 2 3 4 4 4 5 6 6 6 6 7 8 9 10 11 11 12 12 12
1 2 3 11 0 0 0 5 6 12 4 4 7 8 9 6 6 6 12 0 12 4 10 11
-75.45261954
ru-37_1-a
Ru O H N H C H Ru H C H H H Ru O C
0 0 1 1 1 2 2 3 3 3 4 5 5 5 5 6 7 8 8 9 9 9 9 10 11 12 13 13 14 14 15 15 15 15
1 2 0 2 15 0 1 4 5 15 3 3 6 8 9 5 8 5 7 5 10 11 12 9 9 9 14 15 13 15 1 3 13 14
-76.23367403999998
cu-49_1-a
O H N H C H H H C H C H H H O C Cu
0 0 1 2 2 2 3 4 4 4 4 5 6 7 8 8 8 8 9 10 10 10 10 11 12 13 14 14 15 15 15 16
1 15 0 3 8 15 2 5 6 7 8 4 4 4 2 4 9 10 8 8 11 12 13 10 10 10 15 16 0 2 14 14
-92.74625430999998
rh-49_5-a
O H C H H H Rh C H H C H H H Rh N O C Rh
0 0 0 1 2 2 2 2 3 4 5 6 7 7 7 7 8 8 9 10 10 10 10 11 12 13 14 14 15 15 15 16 16 17 17 17 17 18
1 17 18 0 3 4 5 15 2 2 2 8 8 9 10 15 6 7 7 7 11 12 13 10 10 10 16 17 2 7 17 14 17 0 14 15 16 0
-92.56241919000001
rh-49_4-a
N H H C H H C H H C H H H O O C Rh
0 0 0 0 1 2 3 3 3 3 4 5 6 6 6 6 7 8 9 9 9 9 10 11 12 13 14 14 15 15 15 16
1 2 15 16 0 0 4 5 6 14 3 3 3 7 8 9 6 6 6 10 11 12 9 9 9 15 3 15 0 13 14 0
-92.96312411000002
cd-25_2-a
N H H C H H H O O C Cd
0 0 0 1 2 3 3 3 3 4 5 6 7 7 8 8 9 9 9 10
1 2 9 0 0 4 5 6 8 3 3 3 9 10 3 9 0 7 8 7
-59.11151134
zn-37_4-a
C H H H N H C H H H O O C
0 0 0 0 1 2 3 4 4 4 5 6 6 6 6 7 8 9 10 11 11 12 12 12
1 2 3 11 0 0 0 5 6 12 4 4 7 8 9 6 6 6 12 0 12 4 10 11
-75.49822072
zn-49_3-a
N H H C H H H C H C H H H O O C Zn
0 0 0 1 2 3 3 3 3 4 5 6 7 7 7 7 8 9 9 9 9 10 11 12 13 13 14 14 15 15 15 16
1 2 15 0 0 4 5 6 7 3 3 3 3 8 9 14 7 7 10 11 12 9 9 9 15 16 7 15 0 13 14 13
-92.69236143999998
ni-49_4-a
N H H C H H C H H C H H H O O C Ni
0 0 0 0 1 2 3 3 3 3 4 5 6 6 6 6 7 8 9 9 9 9 10 11 12 13 14 14 15 15 15 16
1 2 15 16 0 0 4 5 6 14 3 3 3 7 8 9 6 6 6 10 11 12 9 9 9 15 3 15 0 13 14 0
-92.92420695999999
os-37_3-a
Os O H C H H H C H H H Os N O C
0 0 1 1 1 2 2 3 3 3 3 4 5 6 7 7 7 7 8 9 10 11 11 12 12 12 13 13 14 14 14 14
1 2 0 2 14 0 1 4 5 6 12 3 3 3 8 9 10 12 7 7 7 13 14 3 7 14 11 14 1 11 12 13
-76.0359024500001
cd-37_2-a
N H H C H H C H H H O O C Cd
0 0 0 1 2 3 3 3 3 4 5 6 6 6 6 7 8 9 10 10 11 11 12 12 12 13
1 2 12 0 0 4 5 6 11 3 3 3 7 8 9 6 6 6 12 13 3 12 0 10 11 10
-75.86722093
au-49_8-a
C H H H C H H H C H H H N O O C
0 0 0 0 1 2 3 4 4 4 4 5 6 7 8 8 8 8 9 10 11 12 12 12 13 14 14 15 15 15
1 2 3 12 0 0 0 5 6 7 12 4 4 4 9 10 11 14 8 8 8 0 4 15 15 8 15 12 13 14
-91.95582269000002
cd-49_4-a
N H H C H H C H H C H H H O O C Cd
0 0 0 1 2 3 3 3 3 4 5 6 6 6 6 7 8 9 9 9 9 10 11 12 13 13 14 14 15 15 15 16
1 2 15 0 0 4 5 6 14 3 3 3 7 8 9 6 6 6 10 11 12 9 9 9 15 16 3 15 0 13 14 13
-92.51494736000001
cu-25_1-a
O H N H C H H H O C Cu
0 0 0 1 2 2 2 3 4 4 4 4 5 6 7 8 9 9 9 10
1 9 10 0 3 4 9 2 2 5 6 7 4 4 4 9 0 2 8 0
-59.220774000000006
ir-49_1-a
Ir O H N H C H H H C H C H H H O C Ir
0 1 1 2 2 3 3 3 4 5 5 5 5 6 7 8 9 9 9 9 10 11 11 11 11 12 13 14 15 15 16 16 16 17
2 2 16 0 1 4 9 16 3 6 7 8 9 5 5 5 3 5 10 11 9 9 12 13 14 11 11 11 16 17 1 3 15 15
-93.21090019999997
ir-25_1-a
Ir O H Ir N H C H H H O C
0 1 1 2 2 3 3 4 4 4 4 5 5 6 6 6 6 7 8 9 10 11 11 11
2 2 11 0 1 4 5 3 5 6 11 3 4 4 7 8 9 6 6 6 11 1 4 10
-59.60896135999997
pd-49_4-a
N H H C H H C H H C H H H O O C Pd
0 0 0 0 1 2 3 3 3 3 4 5 6 6 6 6 7 8 9 9 9 9 10 11 12 13 14 14 15 15 15 16
1 2 15 16 0 0 4 5 6 14 3 3 3 7 8 9 6 6 6 10 11 12 9 9 9 15 3 15 0 13 14 0
-92.98994289000004
cd-49_1-a
O H N H C H H H C H C H H H O C Cd
0 0 1 2 2 2 3 4 4 4 4 5 6 7 8 8 8 8 9 10 10 10 10 11 12 13 14 14 15 15 15 16
1 15 0 3 8 15 2 5 6 7 8 4 4 4 2 4 9 10 8 8 11 12 13 10 10 10 15 16 0 2 14 14
-92.50891467
cd-13_1-a
N H H O H O C Cd
0 0 0 1 2 3 3 4 5 5 6 6 6 7
1 2 6 0 0 4 6 3 6 7 0 3 5 5
-42.69662999
ni-37_4-a
C H H H N H C H H H O O C Ni
0 0 0 0 1 2 3 4 4 4 4 5 6 6 6 6 7 8 9 10 11 11 12 12 12 13
1 2 3 11 0 0 0 5 6 12 13 4 4 7 8 9 6 6 6 12 0 12 4 10 11 4
-75.7672963
cu-49_6-a
C H H H N H C H H C H H H O O C Cu
0 0 0 0 1 2 3 4 4 4 4 5 6 6 6 6 7 8 9 9 9 9 10 11 12 13 14 14 15 15 15 16
1 2 3 14 0 0 0 5 6 15 16 4 4 7 8 9 6 6 6 10 11 12 9 9 9 15 0 15 4 13 14 4
-92.31464681
cu-49_2-a
O H N H C H H C H H C H H H O C Cu Cu
0 0 0 1 2 2 2 3 4 4 4 4 5 6 7 7 7 7 8 9 10 10 10 10 11 12 13 14 14 15 15 15 16 17
1 15 17 0 3 4 15 2 2 5 6 7 4 4 4 8 9 10 7 7 7 11 12 13 10 10 10 15 16 0 2 14 14 0
-92.69499896000002
ir-49_8-a
C H H H C H H H Ir C H H H N O O C Ir
0 0 0 0 1 2 3 4 4 4 4 5 6 7 8 9 9 9 9 10 10 11 12 13 13 13 14 14 15 15 16 16 16 17
1 2 3 13 0 0 0 5 6 7 13 4 4 4 10 10 11 12 15 8 9 9 9 0 4 16 16 17 9 16 13 14 15 14
-92.12147658999999
ag-49_8-a
C H H H C H H H C H H H N O O C Ag
0 0 0 0 1 2 3 4 4 4 4 5 6 7 8 8 8 8 9 10 11 12 12 12 13 13 14 14 15 15 15 16
1 2 3 12 0 0 0 5 6 7 12 4 4 4 9 10 11 14 8 8 8 0 4 15 15 16 8 15 12 13 14 13
-91.9205943
ir-37_1-a
Ir O H N H C H H C H H H O C Ir
0 1 1 2 2 3 3 3 4 5 5 5 5 6 7 8 8 8 8 9 10 11 12 12 13 13 13 14
2 2 13 0 1 4 5 13 3 3 6 7 8 5 5 5 9 10 11 8 8 8 13 14 1 3 12 12
-76.44813009999996
cd-49_8-a
C H H H C H H H C H H H N O O C Cd
0 0 0 0 1 2 3 4 4 4 4 5 6 7 8 8 8 8 9 10 11 12 12 12 13 13 14 14 15 15 15 16
1 2 3 12 0 0 0 5 6 7 12 4 4 4 9 10 11 14 8 8 8 0 4 15 15 16 8 15 12 13 14 13
-91.85602064
rh-37_2-a
N H H C H H C H H H O O C Rh
0 0 0 1 2 3 3 3 3 4 5 6 6 6 6 7 8 9 10 10 11 11 12 12 12 13
1 2 12 0 0 4 5 6 11 3 3 3 7 8 9 6 6 6 12 13 3 12 0 10 11 10
-76.23945362
au-49_6-a
C H H H N H C H H C H H H O O C
0 0 0 0 1 2 3 4 4 4 5 6 6 6 6 7 8 9 9 9 9 10 11 12 13 14 14 15 15 15
1 2 3 14 0 0 0 5 6 15 4 4 7 8 9 6 6 6 10 11 12 9 9 9 15 0 15 4 13 14
-92.28464679000001
pt-37_1-a
O H N H C H Pt H C H H H O C Pt
0 0 1 2 2 2 3 4 4 4 4 5 6 7 7 8 8 8 8 9 10 11 12 12 13 13 13 14
1 13 0 3 4 13 2 2 5 7 8 4 7 4 6 4 9 10 11 8 8 8 13 14 0 2 12 12
-76.06177473000002
pt-25_2-a
Pt N H H C H H H O O C Pt
0 1 1 1 2 2 3 4 4 4 4 5 6 7 8 8 9 9 10 10 10 11
2 2 3 10 0 1 1 5 6 7 9 4 4 4 10 11 4 10 1 8 9 8
-59.402390800000035
pd-13_1-a
Pd Pd N H H O H O C Pd
0 1 2 2 2 3 3 3 4 5 5 6 7 7 8 8 8 9
3 3 3 4 8 0 1 2 2 6 8 5 8 9 2 5 7 7
-43.007274860000024
zn-49_4-a
N H H C H H C H H C H H H O O C Zn
0 0 0 1 2 3 3 3 3 4 5 6 6 6 6 7 8 9 9 9 9 10 11 12 13 13 14 14 15 15 15 16
1 2 15 0 0 4 5 6 14 3 3 3 7 8 9 6 6 6 10 11 12 9 9 9 15 16 3 15 0 13 14 13
-92.59665497
pt-37_4-a
C H H H N H C H H H O O C Pt
0 0 0 0 1 2 3 4 4 4 4 5 6 6 6 6 7 8 9 10 11 11 12 12 12 13
1 2 3 11 0 0 0 5 6 12 13 4 4 7 8 9 6 6 6 12 0 12 4 10 11 4
-75.84021079000001
au-25_2-a
N H H C H H H O O C Au
0 0 0 1 2 3 3 3 3 4 5 6 7 7 8 8 9 9 9 10
1 2 9 0 0 4 5 6 8 3 3 3 9 10 3 9 0 7 8 7
-59.18782017000001
pd-49_2-a
O H N H C H H C H H C H H H O C Pd
0 0 0 1 2 2 2 3 4 4 4 4 5 6 7 7 7 7 8 9 10 10 10 10 11 12 13 14 15 15 15 16
1 15 16 0 3 4 15 2 2 5 6 7 4 4 4 8 9 10 7 7 7 11 12 13 10 10 10 15 0 2 14 0
-92.81406618000003
zn-49_5-a
O H C H H H C H H C H H H N O C Zn
0 0 1 2 2 2 2 3 4 5 6 6 6 6 7 8 9 9 9 9 10 11 12 13 13 13 14 14 15 15 15 16
1 15 0 3 4 5 13 2 2 2 7 8 9 13 6 6 6 10 11 12 9 9 9 2 6 15 15 16 0 13 14 14
-92.2439847
zn-25_1-a
O H N H C H H H O C
0 0 1 2 2 2 3 4 4 4 4 5 6 7 8 9 9 9
1 9 0 3 4 9 2 2 5 6 7 4 4 4 9 0 2 8
-59.09910880999999
pt-37_3-a
O H C H H H C H H H N O C Pt
0 0 1 2 2 2 2 3 4 5 6 6 6 6 7 8 9 10 10 10 11 11 12 12 12 13
1 12 0 3 4 5 10 2 2 2 7 8 9 10 6 6 6 2 6 12 12 13 0 10 11 11
-75.77680699000001
ni-25_1-a
O H N H C H H H O C Ni
0 0 0 1 2 2 2 3 4 4 4 4 5 6 7 8 9 9 9 10
1 9 10 0 3 4 9 2 2 5 6 7 4 4 4 9 0 2 8 0
-59.29435071
os-49_5-a
Os O H C H H H C H H C H H H Os N O C
0 0 1 1 1 2 2 3 3 3 3 4 5 6 7 7 7 7 8 9 10 10 10 10 11 12 13 14 14 15 15 15 16 16 17 17 17 17
1 2 0 2 17 0 1 4 5 6 15 3 3 3 8 9 10 15 7 7 7 11 12 13 10 10 10 16 17 3 7 17 14 17 1 14 15 16
-92.75366134000001
pd-49_3-a
N H H C H H H Pd C H C H H H O O C Pd
0 0 0 1 2 3 3 3 3 4 5 6 7 8 8 8 8 9 9 10 10 10 10 11 12 13 14 14 15 15 16 16 16 17
1 2 16 0 0 4 5 6 8 3 3 3 9 3 9 10 15 7 8 8 11 12 13 10 10 10 16 17 8 16 0 14 15 14
-93.02268990000002
ni-13_1-a
N H H O H O C Ni
0 0 0 1 2 3 3 4 5 5 6 6 6 7
1 2 6 0 0 4 6 3 6 7 0 3 5 5
-43.043001809999964
ni-37_2-a
N H H C H H C H H H O O C Ni
0 0 0 1 2 3 3 3 3 4 5 6 6 6 6 7 8 9 10 10 11 11 12 12 12 13
1 2 12 0 0 4 5 6 11 3 3 3 7 8 9 6 6 6 12 13 3 12 0 10 11 10
-76.24997193999997
rh-49_1-a
Rh O H N H C H H H C H C H H H O C Rh
0 1 1 2 2 3 3 3 4 5 5 5 5 6 7 8 9 9 9 9 10 11 11 11 11 12 13 14 15 15 16 16 16 17
2 2 16 0 1 4 9 16 3 6 7 8 9 5 5 5 3 5 10 11 9 9 12 13 14 11 11 11 16 17 1 3 15 15
-93.19526809000001
pd-49_6-a
C H H H N H C H Pd H C H H Pd H O O C Pd
0 0 0 0 1 2 3 4 4 4 4 5 6 6 6 6 7 8 9 9 10 10 10 10 11 12 13 14 14 15 16 16 17 17 17 18
1 2 3 16 0 0 0 5 6 17 18 4 4 7 9 10 6 9 6 8 6 11 12 14 10 10 14 10 13 17 0 17 4 15 16 4
-92.53865964000002
ni-49_6-a
C H H H N H C H H C H H H O O C Ni
0 0 0 0 1 2 3 4 4 4 4 5 6 6 6 6 7 8 9 9 9 9 10 11 12 13 14 14 15 15 15 16
1 2 3 14 0 0 0 5 6 15 16 4 4 7 8 9 6 6 6 10 11 12 9 9 9 15 0 15 4 13 14 4
-92.43450618999998
au-49_4-a
N H H C H H C H H C H H H O O C Au
0 0 0 0 1 2 3 3 3 3 4 5 6 6 6 6 7 8 9 9 9 9 10 11 12 13 14 14 15 15 15 16
1 2 15 16 0 0 4 5 6 14 3 3 3 7 8 9 6 6 6 10 11 12 9 9 9 15 3 15 0 13 14 0
-92.62734821000001
cd-49_2-a
O H N H C H H C H H C H H H O C Cd
0 0 1 2 2 2 3 4 4 4 4 5 6 7 7 7 7 8 9 10 10 10 10 11 12 13 14 14 15 15 15 16
1 15 0 3 4 15 2 2 5 6 7 4 4 4 8 9 10 7 7 7 11 12 13 10 10 10 15 16 0 2 14 14
-92.46221677
os-49_3-a
N H H C H H H C H C H H H O O C Os
0 0 0 1 2 3 3 3 3 4 5 6 7 7 7 7 8 9 9 9 9 10 11 12 13 13 14 14 15 15 15 16
1 2 15 0 0 4 5 6 7 3 3 3 3 8 9 14 7 7 10 11 12 9 9 9 15 16 7 15 0 13 14 13
-93.21447667000007
pt-25_1-a
O H N H C H H H O C Pt
0 0 0 1 2 2 2 3 4 4 4 4 5 6 7 8 9 9 9 10
1 9 10 0 3 4 9 2 2 5 6 7 4 4 4 9 0 2 8 0
-59.24321499000001
rh-13_1-a
Rh Rh N H H O H O C Rh
0 1 2 2 2 3 3 3 4 5 5 6 7 7 8 8 8 9
3 3 3 4 8 0 1 2 2 6 8 5 8 9 2 5 7 7
-43.04334086
cd-37_1-a
O H N H C H H C H H H O C Cd
0 0 1 2 2 2 3 4 4 4 4 5 6 7 7 7 7 8 9 10 11 11 12 12 12 13
1 12 0 3 4 12 2 2 5 6 7 4 4 4 8 9 10 7 7 7 12 13 0 2 11 11
-75.79604284999999
cu-37_1-a
O H N H C H H C H H H O C Cu Cu
0 0 0 1 2 2 2 3 4 4 4 4 5 6 7 7 7 7 8 9 10 11 11 12 12 12 13 14
1 12 14 0 3 4 12 2 2 5 6 7 4 4 4 8 9 10 7 7 7 12 13 0 2 11 11 0
-76.01297492
cu-37_2-a
N H H C H H C H H H O O C Cu
0 0 0 1 2 3 3 3 3 4 5 6 6 6 6 7 8 9 10 10 11 11 12 12 12 13
1 2 12 0 0 4 5 6 11 3 3 3 7 8 9 6 6 6 12 13 3 12 0 10 11 10
-76.10708505
ru-25_1-a
Ru O H N H C H H H Ru O C
0 0 1 1 1 2 2 3 3 3 4 5 5 5 5 6 7 8 9 9 10 10 11 11 11 11
1 2 0 2 11 0 1 4 5 11 3 3 6 7 8 5 5 5 10 11 9 11 1 3 9 10
-59.49679443000002
au-25_1-a
O H N H C H H H O C
0 0 1 2 2 2 3 4 4 4 4 5 6 7 8 9 9 9
1 9 0 3 4 9 2 2 5 6 7 4 4 4 9 0 2 8
-59.14398170000001
ni-37_3-a
O H C H H H C H H H Ni N O C Ni
0 0 0 1 2 2 2 2 3 4 5 6 6 6 6 7 8 9 10 10 11 11 11 12 12 13 13 13 13 14
1 13 14 0 3 4 5 11 2 2 2 7 8 9 11 6 6 6 12 13 2 6 13 10 13 0 10 11 12 0
-75.85651359000002
ru-37_2-a
N H H C H H C H H H O O C Ru
0 0 0 1 2 3 3 3 3 4 5 6 6 6 6 7 8 9 10 10 11 11 12 12 12 13
1 2 12 0 0 4 5 6 11 3 3 3 7 8 9 6 6 6 12 13 3 12 0 10 11 10
-76.29957513
ag-49_3-a
N H H C H H H C H C H H H O O C Ag
0 0 0 1 2 3 3 3 3 4 5 6 7 7 7 7 8 9 9 9 9 10 11 12 13 13 14 14 15 15 15 16
1 2 15 0 0 4 5 6 7 3 3 3 3 8 9 14 7 7 10 11 12 9 9 9 15 16 7 15 0 13 14 13
-92.75822096000002
cd-49_6-a
C H H H N H C H H C H H H O O C
0 0 0 0 1 2 3 4 4 4 5 6 6 6 6 7 8 9 9 9 9 10 11 12 13 14 14 15 15 15
1 2 3 14 0 0 0 5 6 15 4 4 7 8 9 6 6 6 10 11 12 9 9 9 15 0 15 4 13 14
-92.15147131
cu-49_7-a
N H C H H H C H H C H H H O O C Cu
0 0 0 0 1 2 2 2 2 3 4 5 6 6 6 6 7 8 9 9 9 9 10 11 12 13 14 14 15 15 15 16
1 2 15 16 0 0 3 4 5 2 2 2 7 8 9 14 6 6 6 10 11 12 9 9 9 15 6 15 0 13 14 0
-92.41556672000002
ru-49_6-a
C H H H Ru N H C H H C H H H O O C Ru
0 0 0 0 1 2 3 4 4 5 5 5 5 6 6 7 7 7 7 8 9 10 10 10 10 11 12 13 14 15 15 15 16 16 16 17
1 2 3 15 0 0 0 5 6 4 6 7 16 4 5 5 8 9 10 7 7 7 11 12 13 10 10 10 16 0 16 17 5 14 15 15
-92.47756378000003
pt-49_2-a
Pt O H N H C H H C H H C H H H O C Pt
0 1 1 2 2 3 3 3 3 4 5 5 5 5 6 7 8 8 8 8 9 10 11 11 11 11 12 13 14 15 16 16 16 17
2 2 16 0 1 4 5 16 17 3 3 6 7 8 5 5 5 9 10 11 8 8 8 12 13 14 11 11 11 16 1 3 15 3
-92.91059023000003
rh-49_8-a
C H Rh H H C H H H Rh C H H H N O O C Rh
0 0 0 0 1 2 3 3 4 5 5 5 5 6 7 8 9 10 10 10 10 11 11 12 13 14 14 14 15 15 16 16 17 17 17 18
1 3 4 14 0 3 0 2 0 6 7 8 14 5 5 5 11 11 12 13 16 9 10 10 10 0 5 17 17 18 10 17 14 15 16 15
-92.16130614000002
ag-25_2-a
N H H C H H H O O C Ag
0 0 0 1 2 3 3 3 3 4 5 6 7 7 8 8 9 9 9 10
1 2 9 0 0 4 5 6 8 3 3 3 9 10 3 9 0 7 8 7
-59.21425125000002
pt-49_7-a
N H C H H H C H H C H H H O O C Pt
0 0 0 0 1 2 2 2 2 3 4 5 6 6 6 6 7 8 9 9 9 9 10 11 12 13 14 14 15 15 15 16
1 2 15 16 0 0 3 4 5 2 2 2 7 8 9 14 6 6 6 10 11 12 9 9 9 15 6 15 0 13 14 0
-92.66892414
ag-49_2-a
O H N H C H H C H H C H H H O C Ag
0 0 0 1 2 2 2 3 4 4 4 4 5 6 7 7 7 7 8 9 10 10 10 10 11 12 13 14 15 15 15 16
1 15 16 0 3 4 15 2 2 5 6 7 4 4 4 8 9 10 7 7 7 11 12 13 10 10 10 15 0 2 14 0
-92.57773906
ag-25_1-a
O H N H C H H H O C Ag
0 0 0 1 2 2 2 3 4 4 4 4 5 6 7 8 9 9 9 10
1 9 10 0 3 4 9 2 2 5 6 7 4 4 4 9 0 2 8 0
-59.16382761
au-13_1-a
N H H O H O C Au
0 0 0 1 2 3 3 4 5 5 6 6 6 7
1 2 6 0 0 4 6 3 6 7 0 3 5 5
-42.730240710000004
os-49_8-a
C H Os H H C H H H Os C H H H N O O C Os
0 0 0 0 1 2 3 3 4 5 5 5 5 6 7 8 9 10 10 10 10 11 11 12 13 14 14 14 15 15 16 16 17 17 17 18
1 3 4 14 0 3 0 2 0 6 7 8 14 5 5 5 11 11 12 13 16 9 10 10 10 0 5 17 17 18 10 17 14 15 16 15
-92.21307769000009
ir-37_4-a
C H H H N H C H H H O O C Ir
0 0 0 0 1 2 3 4 4 4 4 5 6 6 6 6 7 8 9 10 11 11 12 12 12 13
1 2 3 11 0 0 0 5 6 12 13 4 4 7 8 9 6 6 6 12 0 12 4 10 11 4
-75.87934191
pd-37_3-a
O H C H H H C H H H Pd N O C Pd
0 0 0 1 2 2 2 2 3 4 5 6 6 6 6 7 8 9 10 10 11 11 11 12 12 13 13 13 13 14
1 13 14 0 3 4 5 11 2 2 2 7 8 9 11 6 6 6 12 13 2 6 13 10 13 0 10 11 12 0
-75.86928501000003
ir-49_6-a
C H H H N H C H H C H H H O O C Ir
0 0 0 0 1 2 3 4 4 4 4 5 6 6 6 6 7 8 9 9 9 9 10 11 12 13 14 14 15 15 15 16
1 2 3 14 0 0 0 5 6 15 16 4 4 7 8 9 6 6 6 10 11 12 9 9 9 15 0 15 4 13 14 4
-92.48672441999997
zn-49_1-a
O H N H C H H H C H C H H H O C Zn
0 0 1 2 2 2 3 4 4 4 4 5 6 7 8 8 8 8 9 10 10 10 10 11 12 13 14 14 15 15 15 16
1 15 0 3 8 15 2 5 6 7 8 4 4 4 2 4 9 10 8 8 11 12 13 10 10 10 15 16 0 2 14 14
-92.55894085
ir-37_2-a
N H H C H H C H H H O O C Ir
0 0 0 1 2 3 3 3 3 4 5 6 6 6 6 7 8 9 10 10 11 11 12 12 12 13
1 2 12 0 0 4 5 6 11 3 3 3 7 8 9 6 6 6 12 13 3 12 0 10 11 10
-76.24674723999999
cu-37_4-a
C H H H N H C H H H O O C Cu
0 0 0 0 1 2 3 4 4 4 4 5 6 6 6 6 7 8 9 10 11 11 12 12 12 13
1 2 3 11 0 0 0 5 6 12 13 4 4 7 8 9 6 6 6 12 0 12 4 10 11 4
-75.61494157999999
ag-37_3-a
O H C H H H C H H H N O C Ag
0 0 1 2 2 2 2 3 4 5 6 6 6 6 7 8 9 10 10 10 11 11 12 12 12 13
1 12 0 3 4 5 10 2 2 2 7 8 9 10 6 6 6 2 6 12 12 13 0 10 11 11
-75.61194427000001
cu-49_5-a
O H C H H H C H H C H H H N O C Cu
0 0 1 2 2 2 2 3 4 5 6 6 6 6 7 8 9 9 9 9 10 11 12 13 13 13 14 14 15 15 15 16
1 15 0 3 4 5 13 2 2 2 7 8 9 13 6 6 6 10 11 12 9 9 9 2 6 15 15 16 0 13 14 14
-92.41356213
ni-49_2-a
O H N H C H H C H H C H H H O C Ni
0 0 0 1 2 2 2 3 4 4 4 4 5 6 7 7 7 7 8 9 10 10 10 10 11 12 13 14 15 15 15 16
1 15 16 0 3 4 15 2 2 5 6 7 4 4 4 8 9 10 7 7 7 11 12 13 10 10 10 15 0 2 14 0
-92.79083054
cu-49_3-a
N H H C H H H C H C H H H O O C Cu
0 0 0 1 2 3 3 3 3 4 5 6 7 7 7 7 8 9 9 9 9 10 11 12 13 13 14 14 15 15 15 16
1 2 15 0 0 4 5 6 7 3 3 3 3 8 9 14 7 7 10 11 12 9 9 9 15 16 7 15 0 13 14 13
-92.8948532
ru-49_2-a
Ru O H N H C H H C H H C H H H Ru O C
0 0 1 1 1 2 2 3 3 3 4 5 5 5 5 6 7 8 8 8 8 9 10 11 11 11 11 12 13 14 15 15 16 16 17 17 17 17
1 2 0 2 17 0 1 4 5 17 3 3 6 7 8 5 5 5 9 10 11 8 8 8 12 13 14 11 11 11 16 17 15 17 1 3 15 16
-92.88652761999998
ag-37_4-a
C H H H N H C H H H O O C Ag
0 0 0 0 1 2 3 4 4 4 4 5 6 6 6 6 7 8 9 10 11 11 12 12 12 13
1 2 3 11 0 0 0 5 6 12 13 4 4 7 8 9 6 6 6 12 0 12 4 10 11 4
-75.54922552
rh-49_6-a
C H H H N H C H Rh H C H H Rh H O O C Rh
0 0 0 0 1 2 3 4 4 4 4 5 6 6 6 6 7 8 9 9 10 10 10 10 11 12 13 14 14 15 16 16 17 17 17 18
1 2 3 16 0 0 0 5 6 17 18 4 4 7 9 10 6 9 6 8 6 11 12 14 10 10 14 10 13 17 0 17 4 15 16 4
-92.48205853000002
pd-49_1-a
O H N H C H H H Pd C H C H H H O C Pd
0 0 1 2 2 2 3 4 4 4 4 5 6 7 8 9 9 9 9 10 10 11 11 11 11 12 13 14 15 15 16 16 16 17
1 16 0 3 9 16 2 5 6 7 9 4 4 4 10 2 4 10 11 8 9 9 12 13 14 11 11 11 16 17 0 2 15 15
-92.87040620000002
ag-37_1-a
O H N H C H H C H H H O C Ag
0 0 1 2 2 2 3 4 4 4 4 5 6 7 7 7 7 8 9 10 11 11 12 12 12 13
1 12 0 3 4 12 2 2 5 6 7 4 4 4 8 9 10 7 7 7 12 13 0 2 11 11
-75.91707688
ag-13_1-a
N H H O H O C Ag
0 0 0 1 2 3 3 4 5 5 6 6 6 7
1 2 6 0 0 4 6 3 6 7 0 3 5 5
-42.77673748000001
cd-49_7-a
N H C H H H C H H C H H H O O C
0 0 0 1 2 2 2 2 3 4 5 6 6 6 6 7 8 9 9 9 9 10 11 12 13 14 14 15 15 15
1 2 15 0 0 3 4 5 2 2 2 7 8 9 14 6 6 6 10 11 12 9 9 9 15 6 15 0 13 14
-92.22549668000002
ag-49_4-a
N H H C H H C H H C H H H O O C Ag
0 0 0 1 2 3 3 3 3 4 5 6 6 6 6 7 8 9 9 9 9 10 11 12 13 13 14 14 15 15 15 16
1 2 15 0 0 4 5 6 14 3 3 3 7 8 9 6 6 6 10 11 12 9 9 9 15 16 3 15 0 13 14 13
-92.64822321
pt-49_4-a
N H H C H H C H H C H H H O O C Pt
0 0 0 0 1 2 3 3 3 3 4 5 6 6 6 6 7 8 9 9 9 9 10 11 12 13 14 14 15 15 15 16
1 2 15 16 0 0 4 5 6 14 3 3 3 7 8 9 6 6 6 10 11 12 9 9 9 15 3 15 0 13 14 0
-92.96812028
os-49_1-a
Os O H N H C H H H C H C H H H O C Os
0 1 1 2 2 3 3 3 4 5 5 5 5 6 7 8 9 9 9 9 10 11 11 11 11 12 13 14 15 15 16 16 16 17
2 2 16 0 1 4 9 16 3 6 7 8 9 5 5 5 3 5 10 11 9 9 12 13 14 11 11 11 16 17 1 3 15 15
-93.36651242000005
rh-25_1-a
O H N H C H H H O C Rh
0 0 0 1 2 2 2 3 4 4 4 4 5 6 7 8 9 9 9 10
1 9 10 0 3 4 9 2 2 5 6 7 4 4 4 9 0 2 8 0
-59.292735719999996
pd-25_1-a
O H N H C H H H O C Pd
0 0 0 1 2 2 2 3 4 4 4 4 5 6 7 8 9 9 9 10
1 9 10 0 3 4 9 2 2 5 6 7 4 4 4 9 0 2 8 0
-59.309557530000035
pt-49_5-a
O H C H H H C H H C H H H N O C Pt
0 0 1 2 2 2 2 3 4 5 6 6 6 6 7 8 9 9 9 9 10 11 12 13 13 13 14 14 15 15 15 16
1 15 0 3 4 5 13 2 2 2 7 8 9 13 6 6 6 10 11 12 9 9 9 2 6 15 15 16 0 13 14 14
-92.48381731
au-37_1-a
O H N H C H Au H C H H H O C
0 0 1 2 2 2 3 4 4 4 4 5 6 7 7 8 8 8 8 9 10 11 12 13 13 13
1 13 0 3 4 13 2 2 5 7 8 4 7 4 6 4 9 10 11 8 8 8 13 0 2 12
-75.91073998000002
ru-49_7-a
Ru N H C H H H C H H C H H H O O C
0 0 1 1 1 1 2 2 3 3 3 3 4 5 6 7 7 7 7 8 9 10 10 10 10 11 12 13 14 15 15 16 16 16
1 2 0 2 3 16 0 1 1 4 5 6 3 3 3 8 9 10 15 7 7 7 11 12 13 10 10 10 16 7 16 1 14 15
-92.63059284000002
ru-25_2-a
N H H C H H H O O C Ru
0 0 0 1 2 3 3 3 3 4 5 6 7 7 8 8 9 9 9 10
1 2 9 0 0 4 5 6 8 3 3 3 9 10 3 9 0 7 8 7
-59.57707650999998
cd-49_3-a
N H H C H H H C H C H H H O O C Cd
0 0 0 1 2 3 3 3 3 4 5 6 7 7 7 7 8 9 9 9 9 10 11 12 13 13 14 14 15 15 15 16
1 2 15 0 0 4 5 6 7 3 3 3 3 8 9 14 7 7 10 11 12 9 9 9 15 16 7 15 0 13 14 13
-92.62602280000002
pd-49_5-a
O H C H H H Pd C H H C H H H Pd N O C Pd
0 0 0 1 2 2 2 2 3 4 5 6 7 7 7 7 8 8 9 10 10 10 10 11 12 13 14 14 15 15 15 16 16 17 17 17 17 18
1 17 18 0 3 4 5 15 2 2 2 8 8 9 10 15 6 7 7 7 11 12 13 10 10 10 16 17 2 7 17 14 17 0 14 15 16 0
-92.57439027000001
ir-37_3-a
O H C H H H C H H H Ir N O C Ir
0 0 0 1 2 2 2 2 3 4 5 6 6 6 6 7 8 9 10 10 11 11 11 12 12 13 13 13 13 14
1 13 14 0 3 4 5 11 2 2 2 7 8 9 11 6 6 6 12 13 2 6 13 10 13 0 10 11 12 0
-75.83042890999997
ir-13_1-a
Ir N H H O H O C Ir
0 1 1 1 2 2 3 4 4 5 6 6 7 7 7 8
2 2 3 7 0 1 1 5 7 4 7 8 1 4 6 6
-43.03846854999995
ag-49_1-a
O H N H C H H H C H C H H H O C Ag
0 0 1 2 2 2 3 4 4 4 4 5 6 7 8 8 8 8 9 10 10 10 10 11 12 13 14 14 15 15 15 16
1 15 0 3 8 15 2 5 6 7 8 4 4 4 2 4 9 10 8 8 11 12 13 10 10 10 15 16 0 2 14 14
-92.63604442000002
os-49_2-a
Os O H Os N H C H H C H H C H H H O C
0 0 1 1 1 2 2 3 3 4 4 4 4 5 5 6 6 6 6 7 8 9 9 9 9 10 11 12 12 12 12 13 14 15 16 17 17 17
1 2 0 2 17 0 1 4 5 3 5 6 17 3 4 4 7 8 9 6 6 6 10 11 12 9 9 9 13 14 15 12 12 12 17 1 4 16
-93.00225374000001
ru-49_4-a
Ru N H H C H H C H H C H H H Ru O O C
0 0 0 1 1 1 1 2 2 3 4 4 4 4 5 6 7 7 7 7 8 9 10 10 10 10 11 12 13 14 14 15 15 16 16 17 17 17 17 17
1 2 17 0 2 3 17 0 1 1 5 6 7 16 4 4 4 8 9 10 7 7 7 11 12 13 10 10 10 15 17 14 17 4 17 0 1 14 15 16
-92.98224527999997
zn-49_8-a
C H H H C H H H C H H H N O O C Zn
0 0 0 0 1 2 3 4 4 4 4 5 6 7 8 8 8 8 9 10 11 12 12 12 13 13 14 14 15 15 15 16
1 2 3 12 0 0 0 5 6 7 12 4 4 4 9 10 11 14 8 8 8 0 4 15 15 16 8 15 12 13 14 13
-91.88954435
ru-37_3-a
Ru O H C H H H C H H H Ru N O C
0 0 1 1 1 2 2 3 3 3 3 4 5 6 7 7 7 7 8 9 10 11 11 12 12 12 13 13 14 14 14 14
1 2 0 2 14 0 1 4 5 6 12 3 3 3 8 9 10 12 7 7 7 13 14 3 7 14 11 14 1 11 12 13
-75.93900694000001
ni-49_7-a
N H C H H H C H H C H H H O O C Ni
0 0 0 0 1 2 2 2 2 3 4 5 6 6 6 6 7 8 9 9 9 9 10 11 12 13 14 14 15 15 15 16
1 2 15 16 0 0 3 4 5 2 2 2 7 8 9 14 6 6 6 10 11 12 9 9 9 15 6 15 0 13 14 0
-92.59596674
zn-49_7-a
N H C H H H C H H C H H H O O C
0 0 0 1 2 2 2 2 3 4 5 6 6 6 6 7 8 9 9 9 9 10 11 12 13 14 14 15 15 15
1 2 15 0 0 3 4 5 2 2 2 7 8 9 14 6 6 6 10 11 12 9 9 9 15 6 15 0 13 14
-92.28121038
ir-49_5-a
O H C H H H C H H C H H H Ir N O C Ir
0 0 0 1 2 2 2 2 3 4 5 6 6 6 6 7 8 9 9 9 9 10 11 12 13 13 14 14 14 15 15 16 16 16 16 17
1 16 17 0 3 4 5 14 2 2 2 7 8 9 14 6 6 6 10 11 12 9 9 9 15 16 2 6 16 13 16 0 13 14 15 0
-92.53810217
cd-37_3-a
O H C H H H C H H H N O C Cd
0 0 1 2 2 2 2 3 4 5 6 6 6 6 7 8 9 10 10 10 11 11 12 12 12 13
1 12 0 3 4 5 10 2 2 2 7 8 9 10 6 6 6 2 6 12 12 13 0 10 11 11
-75.49614346999999
os-37_1-a
Os O H N H C H H C H H H Os O C
0 0 1 1 1 2 2 3 3 3 4 5 5 5 5 6 7 8 8 8 8 9 10 11 12 12 13 13 14 14 14 14
1 2 0 2 14 0 1 4 5 14 3 3 6 7 8 5 5 5 9 10 11 8 8 8 13 14 12 14 1 3 12 13
-76.32243939
pt-13_1-a
Pt N H H O H O C Pt
0 1 1 1 2 2 3 4 4 5 6 6 7 7 7 8
2 2 3 7 0 1 1 5 7 4 7 8 1 4 6 6
-42.95026984000003
rh-25_2-a
Rh N H H C H H H O O C Rh
0 1 1 1 2 2 3 4 4 4 4 5 6 7 8 8 9 9 10 10 10 11
2 2 3 10 0 1 1 5 6 7 9 4 4 4 10 11 4 10 1 8 9 8
-59.44720079000001
os-49_7-a
Os N H C H H H C H H C H H H O O C
0 0 1 1 1 1 2 2 3 3 3 3 4 5 6 7 7 7 7 8 9 10 10 10 10 11 12 13 14 15 15 16 16 16
1 2 0 2 3 16 0 1 1 4 5 6 3 3 3 8 9 10 15 7 7 7 11 12 13 10 10 10 16 7 16 1 14 15
-92.79324872000007
pt-49_3-a
N H H C H H H C H C H H H O O C Pt
0 0 0 1 2 3 3 3 3 4 5 6 7 7 7 7 8 9 9 9 9 10 11 12 13 13 14 14 15 15 15 16
1 2 15 0 0 4 5 6 7 3 3 3 3 8 9 14 7 7 10 11 12 9 9 9 15 16 7 15 0 13 14 13
-92.96247649999998
rh-49_2-a
O H N H C H H C H H C H H H O C Rh
0 0 0 1 2 2 2 3 4 4 4 4 5 6 7 7 7 7 8 9 10 10 10 10 11 12 13 14 15 15 15 16
1 15 16 0 3 4 15 2 2 5 6 7 4 4 4 8 9 10 7 7 7 11 12 13 10 10 10 15 0 2 14 0
-92.77458328
zn-37_2-a
N H H C H H C H H H O O C Zn
0 0 0 1 2 3 3 3 3 4 5 6 6 6 6 7 8 9 10 10 11 11 12 12 12 13
1 2 12 0 0 4 5 6 11 3 3 3 7 8 9 6 6 6 12 13 3 12 0 10 11 10
-75.92416649
os-49_6-a
C H H H N H C H H C H H Os H Os Os O O C
0 0 0 0 1 2 3 4 4 4 4 5 6 6 6 6 7 8 9 9 9 9 10 11 12 13 13 14 14 15 15 16 16 17 17 18 18 18 18 18
1 2 3 17 0 0 0 5 6 15 18 4 4 7 8 9 6 6 6 10 11 13 9 9 13 9 12 16 18 4 18 14 18 0 18 4 14 15 16 17
-92.61487707000003
pt-37_2-a
N H H C H H C H H H O O C Pt
0 0 0 1 2 3 3 3 3 4 5 6 6 6 6 7 8 9 10 10 11 11 12 12 12 13
1 2 12 0 0 4 5 6 11 3 3 3 7 8 9 6 6 6 12 13 3 12 0 10 11 10
-76.16916872000002
ag-37_2-a
N H H C H H C H H H O O C Ag
0 0 0 1 2 3 3 3 3 4 5 6 6 6 6 7 8 9 10 10 11 11 12 12 12 13
1 2 12 0 0 4 5 6 11 3 3 3 7 8 9 6 6 6 12 13 3 12 0 10 11 10
-75.98488033000001
ni-49_8-a
C H H H C H H H C H H H N O O C Ni
0 0 0 0 1 2 3 4 4 4 4 5 6 7 8 8 8 8 9 10 11 12 12 12 13 13 14 14 15 15 15 16
1 2 3 12 0 0 0 5 6 7 12 4 4 4 9 10 11 14 8 8 8 0 4 15 15 16 8 15 12 13 14 13
-92.16534726999998
rh-49_3-a
Rh N H H C H H H C H C H H H O O C Rh
0 1 1 1 2 2 3 4 4 4 4 5 6 7 8 8 8 8 9 10 10 10 10 11 12 13 14 14 15 15 16 16 16 17
2 2 3 16 0 1 1 5 6 7 8 4 4 4 4 9 10 15 8 8 11 12 13 10 10 10 16 17 8 16 1 14 15 14
-93.03084933000002
pd-37_4-a
C H H H N H C H H H O O C Pd
0 0 0 0 1 2 3 4 4 4 4 5 6 6 6 6 7 8 9 10 11 11 12 12 12 13
1 2 3 11 0 0 0 5 6 12 13 4 4 7 8 9 6 6 6 12 0 12 4 10 11 4
-75.85271473999998
ir-49_3-a
N H H C H H H C H C H H H O O C Ir
0 0 0 1 2 3 3 3 3 4 5 6 7 7 7 7 8 9 9 9 9 10 11 12 13 13 14 14 15 15 15 16
1 2 15 0 0 4 5 6 7 3 3 3 3 8 9 14 7 7 10 11 12 9 9 9 15 16 7 15 0 13 14 13
-93.05253352
zn-37_1-a
O H N H C H H C H H H O C
0 0 1 2 2 2 3 4 4 4 4 5 6 7 7 7 7 8 9 10 11 12 12 12
1 12 0 3 4 12 2 2 5 6 7 4 4 4 8 9 10 7 7 7 12 0 2 11
-75.84543694999999
au-49_5-a
O H C H H H C H H C H H H N O C Au
0 0 1 2 2 2 2 3 4 5 6 6 6 6 7 8 9 9 9 9 10 11 12 13 13 13 14 14 15 15 15 16
1 15 0 3 4 5 13 2 2 2 7 8 9 13 6 6 6 10 11 12 9 9 9 2 6 15 15 16 0 13 14 14
-92.29835333
