49Y2
O H C H C H H C H H C H H H N
0 0 1 2 2 2 3 4 4 4 4 5 6 7 7 7 7 8 9 10 10 10 10 11 12 13 14 14
1 14 0 3 4 14 2 2 5 6 7 4 4 4 8 9 10 7 7 7 11 12 13 10 10 10 0 2
-82.99684645
49Y3
O H C H C H H H C H C H H H N
0 0 1 2 2 2 3 4 4 4 4 5 6 7 8 8 8 8 9 10 10 10 10 11 12 13 14 14
1 14 0 3 8 14 2 5 6 7 8 4 4 4 2 4 9 10 8 8 11 12 13 10 10 10 0 2
-83.17086882
49Y4
O H C H C H H H C H C H H H N
0 0 1 2 2 2 3 4 4 4 4 5 6 7 8 8 8 8 9 10 10 10 10 11 12 13 14 14
1 14 0 3 8 14 2 5 6 7 8 4 4 4 2 4 9 10 8 8 11 12 13 10 10 10 0 2
-83.17201205
37Y3
O H C H H H C H H H N C
0 0 1 2 2 2 2 3 4 5 6 6 6 6 7 8 9 10 10 11 11 11
1 10 0 3 4 5 11 2 2 2 7 8 9 11 6 6 6 0 11 2 6 10
-66.76108706
49Y1
O H C H C H H C H H C H H H N
0 0 1 2 2 2 3 4 4 4 4 5 6 7 7 7 7 8 9 10 10 10 10 11 12 13 14 14
1 14 0 3 4 14 2 2 5 6 7 4 4 4 8 9 10 7 7 7 11 12 13 10 10 10 0 2
-83.13066499
13Y1
C H H O H N
0 0 0 1 2 3 3 4 5 5
1 2 5 0 0 4 5 3 0 3
-33.13580814
49Y6
O H C H H H C H H C H H H N C
0 0 1 2 2 2 2 3 4 5 6 6 6 6 7 8 9 9 9 9 10 11 12 13 13 14 14 14
1 13 0 3 4 5 14 2 2 2 7 8 9 14 6 6 6 10 11 12 9 9 9 0 14 2 6 13
-83.34490094
37Y1
O H C H C H H C H H H N
0 0 1 2 2 2 3 4 4 4 4 5 6 7 7 7 7 8 9 10 11 11
1 11 0 3 4 11 2 2 5 6 7 4 4 4 8 9 10 7 7 7 0 2
-66.52941973
37Y2
O H C H C H H C H H H N
0 0 1 2 2 2 3 4 4 4 4 5 6 7 7 7 7 8 9 10 11 11
1 11 0 3 4 11 2 2 5 6 7 4 4 4 8 9 10 7 7 7 0 2
-66.38248887
25Y1
O H C H C H H H N
0 0 1 2 2 2 3 4 4 4 4 5 6 7 8 8
1 8 0 3 4 8 2 2 5 6 7 4 4 4 0 2
-49.95497252
49Y5
O H C H H H C H H C H H H N C
0 0 1 2 2 2 2 3 4 5 6 6 6 6 7 8 9 9 9 9 10 11 12 13 13 14 14 14
1 13 0 3 4 5 14 2 2 2 7 8 9 14 6 6 6 10 11 12 9 9 9 0 14 2 6 13
-83.32928722
25Y2
O H C H C H H H N
0 0 1 2 2 2 3 4 4 4 4 5 6 7 8 8
1 8 0 3 4 8 2 2 5 6 7 4 4 4 0 2
-49.94694248
