cd-37X3-a
C H C H H H C H H H Cd N O
0 0 0 0 1 2 2 2 2 3 4 5 6 6 6 6 7 8 9 10 10 11 11 11 12 12
1 10 11 12 0 3 4 5 11 2 2 2 7 8 9 11 6 6 6 0 12 0 2 6 0 10
-68.48416931
pt-49X8-a
C H H H C H H H C H H Pt H Pt N O C
0 0 0 0 1 2 3 4 4 4 4 5 6 7 8 8 8 8 9 10 11 11 12 12 13 13 13 14 14 14 15 15 16 16 16 16
1 2 3 14 0 0 0 5 6 7 14 4 4 4 9 10 12 16 8 8 12 13 8 11 11 15 16 0 4 16 13 16 8 13 14 15
-85.58631165000003
ir-25X2-a
Ir Ir N H H C H H H O C Ir
0 0 0 1 1 1 2 2 2 3 3 3 4 5 5 5 5 6 7 8 9 9 10 10 10 11 11 11
1 3 11 0 3 11 3 4 10 0 1 2 2 6 7 8 10 5 5 5 10 11 2 5 9 0 1 9
-52.97023048999995
pd-37X2-a
Pd Pd N H H C H H C H H H O C Pd Pd
0 0 0 0 1 1 1 2 2 2 2 3 3 3 4 5 5 5 5 6 7 8 8 8 8 9 10 11 12 12 12 13 13 13 14 14 15 15 15 15
1 2 3 15 0 3 15 0 3 4 13 0 1 2 2 6 7 8 13 5 5 5 9 10 11 8 8 8 13 14 15 2 5 12 12 15 0 1 12 14
-69.51073764999998
ru-49X1-a
C H N H C H H H Ru C H C H H H Ru Ru O
0 0 0 0 0 1 2 2 2 3 4 4 4 4 5 6 7 8 8 8 9 9 9 9 10 10 11 11 11 11 12 13 14 15 15 15 16 16 16 16 17 17
1 2 15 16 17 0 0 3 9 2 5 6 7 9 4 4 4 10 15 16 2 4 10 11 8 9 9 12 13 14 11 11 11 0 8 16 0 8 15 17 0 16
-85.85970688000003
au-37X3-a
C H C H H H C H H H Au N O
0 0 0 0 1 2 2 2 2 3 4 5 6 6 6 6 7 8 9 10 10 11 11 11 12 12
1 10 11 12 0 3 4 5 11 2 2 2 7 8 9 11 6 6 6 0 12 0 2 6 0 10
-68.57693787000002
au-37X4-a
Au C H H H C H H H N H O C Au
0 0 1 1 1 1 2 2 3 4 5 5 5 5 6 7 8 9 9 9 10 11 11 12 12 12 13 13
2 13 2 3 4 12 0 1 1 1 6 7 8 9 5 5 5 5 10 12 9 12 13 1 9 11 0 11
-68.95743230000002
cu-25X1-a
C H Cu N H C H H H O
0 0 0 0 1 2 2 2 3 3 3 3 4 4 5 5 5 5 6 7 8 9
1 2 3 9 0 0 3 4 0 2 4 5 2 3 3 6 7 8 5 5 5 0
-52.05832645999999
zn-37X3-a
C H C H H H C H H H Zn N O
0 0 0 0 1 2 2 2 2 3 4 5 6 6 6 6 7 8 9 10 10 11 11 11 12 12
1 10 11 12 0 3 4 5 11 2 2 2 7 8 9 11 6 6 6 0 12 0 2 6 0 10
-68.52291509
ir-37X4-a
C H H H C H Ir H H Ir N H O C Ir
0 0 0 0 0 1 2 3 4 4 4 4 4 5 6 6 7 7 8 9 9 9 9 9 9 10 10 10 10 11 11 12 13 13 13 13 14 14
1 2 3 13 14 0 0 0 5 7 8 9 10 4 7 9 4 6 4 4 6 10 11 13 14 4 9 11 13 9 10 13 0 9 10 12 0 9
-69.15644567999999
rh-49X6-a
C H H H Rh Rh N H C H Rh H C H H Rh H Rh Rh O C Rh
0 0 0 0 0 1 2 3 4 4 4 4 4 5 5 5 5 5 5 5 5 5 6 6 6 6 6 6 7 7 7 8 8 8 8 9 10 10 10 10 10 11 11 12 12 12 12 13 14 15 15 15 15 15 15 16 16 17 17 17 17 17 17 17 17 17 18 18 18 18 18 18 18 18 18 19 19 19 19 20 20 20 20 20 20 21 21 21 21 21
1 2 3 17 20 0 0 0 5 7 15 17 18 4 6 7 10 15 17 18 20 21 5 7 8 17 18 20 4 5 6 6 9 11 12 8 5 11 15 17 18 8 10 8 13 14 16 12 12 4 5 10 16 18 21 12 15 0 4 5 6 10 18 19 20 21 4 5 6 10 15 17 19 20 21 17 18 20 21 0 5 6 17 18 19 5 15 17 18 19
-86.1150103
cu-49X3-a
Cu Cu N H H C H H H C H C H H H O C Cu
0 0 0 1 1 1 2 2 2 3 3 3 4 5 5 5 5 6 7 8 9 9 9 9 10 11 11 11 11 12 13 14 15 15 16 16 16 17 17 17
1 3 17 0 3 17 3 4 16 0 1 2 2 6 7 8 9 5 5 5 5 10 11 16 9 9 12 13 14 11 11 11 16 17 2 9 15 0 1 15
-86.04687394000001
ni-25X2-a
Ni Ni N H H C H H H O C Ni
0 0 0 1 1 1 2 2 2 3 3 3 4 5 5 5 5 6 7 8 9 9 10 10 10 11 11 11
1 3 11 0 3 11 3 4 10 0 1 2 2 6 7 8 10 5 5 5 10 11 2 5 9 0 1 9
-52.92980117000002
zn-49X4-a
N H H C H H C H H C H H H O C Zn
0 0 0 1 2 3 3 3 3 4 5 6 6 6 6 7 8 9 9 9 9 10 11 12 13 13 14 14 14 15
1 2 14 0 0 4 5 6 14 3 3 3 7 8 9 6 6 6 10 11 12 9 9 9 14 15 0 3 13 13
-85.81550676
zn-49X6-a
C H H H N H C H H C H H H O C Zn
0 0 0 0 1 2 3 4 4 4 5 6 6 6 6 7 8 9 9 9 9 10 11 12 13 13 14 14 14 15
1 2 3 14 0 0 0 5 6 14 4 4 7 8 9 6 6 6 10 11 12 9 9 9 14 15 0 4 13 13
-85.64743919
cd-49X3-a
N H H C H H H C H C H H H O C Cd
0 0 0 1 2 3 3 3 3 4 5 6 7 7 7 7 8 9 9 9 9 10 11 12 13 13 14 14 14 15
1 2 14 0 0 4 5 6 7 3 3 3 3 8 9 14 7 7 10 11 12 9 9 9 14 15 0 7 13 13
-85.73350214000001
ag-49X4-a
N H H C H Ag H Ag C H H C H H H Ag O C Ag
0 0 0 0 1 2 3 3 3 3 4 5 5 5 5 6 6 7 7 7 8 8 8 8 9 9 10 11 11 11 11 12 13 14 15 15 15 15 15 16 16 17 17 17 17 18 18 18
1 2 17 18 0 0 4 6 8 17 3 6 7 15 18 3 5 5 9 15 3 9 10 11 7 8 8 8 12 13 14 11 11 11 5 7 16 17 18 15 17 0 3 15 16 0 5 15
-85.88723524
ag-13X1-a
C H Ag Ag N H H O Ag
0 0 0 1 2 2 2 3 3 3 4 4 4 5 5 5 6 7 7 8 8 8
1 4 7 0 3 5 8 2 5 8 0 5 6 2 3 4 4 0 8 2 3 7
-35.715548729999995
os-49X3-a
Os Os N H H C H H H C H C H H H O C Os Os
0 0 0 0 1 1 1 2 2 2 3 3 3 4 5 5 5 5 6 7 8 9 9 9 9 10 11 11 11 11 12 13 14 15 15 15 16 16 16 17 17 17 18 18 18 18
1 3 17 18 0 3 18 3 4 16 0 1 2 2 6 7 8 9 5 5 5 5 10 11 16 9 9 12 13 14 11 11 11 16 17 18 2 9 15 0 15 18 0 1 15 17
-86.46781954000005
cu-37X2-a
Cu Cu N H H C H H C H H H O C Cu Cu
0 0 0 0 1 1 1 2 2 2 3 3 3 4 5 5 5 5 6 7 8 8 8 8 9 10 11 12 12 12 13 13 13 14 14 14 15 15 15 15
1 3 14 15 0 3 15 3 4 13 0 1 2 2 6 7 8 13 5 5 5 9 10 11 8 8 8 13 14 15 2 5 12 0 12 15 0 1 12 14
-69.35664064
ni-49X4-a
Ni N H H C H H C H H C H H H O C Ni Ni
0 0 1 1 1 2 2 3 4 4 4 4 5 6 7 7 7 7 8 9 10 10 10 10 11 12 13 14 14 14 15 15 15 16 16 17 17 17
2 17 2 3 15 0 1 1 5 6 7 15 4 4 4 8 9 10 7 7 7 11 12 13 10 10 10 15 16 17 1 4 14 14 17 0 14 16
-86.16680957
os-49X2-a
C H N H C H Os H C H H C H H H Os Os O
0 0 0 0 0 1 2 2 2 3 4 4 4 4 5 6 6 6 7 7 8 8 8 8 9 10 11 11 11 11 12 13 14 15 15 15 15 16 16 16 17 17
1 2 15 16 17 0 0 3 4 2 2 5 7 8 4 7 15 16 4 6 4 9 10 11 8 8 8 12 13 14 11 11 11 0 6 16 17 0 6 15 0 15
-85.88474600000006
ag-49X7-a
N H C H H H C H Ag H C H H Ag H O C Ag
0 0 0 1 2 2 2 2 3 4 5 6 6 6 6 7 8 8 8 9 9 10 10 10 10 11 12 13 13 13 14 14 15 15 16 16 16 16 17 17 17 17
1 2 16 0 0 3 4 5 2 2 2 7 9 10 16 6 9 13 17 6 8 6 11 12 14 10 10 8 14 17 10 13 16 17 0 6 15 17 8 13 15 16
-85.64371033
cd-37X4-a
Cd C H H H C H H H N H O C Cd
0 0 1 1 1 1 2 2 3 4 5 5 5 5 6 7 8 9 9 9 10 11 11 12 12 12 13 13
2 13 2 3 4 12 0 1 1 1 6 7 8 9 5 5 5 5 10 12 9 12 13 1 9 11 0 11
-68.88005615
cu-49X8-a
C H H H C H H H C H H Cu H Cu N O C
0 0 0 0 1 2 3 4 4 4 4 5 6 7 8 8 8 8 9 10 11 11 12 12 13 13 13 14 14 14 15 15 16 16 16 16
1 2 3 14 0 0 0 5 6 7 14 4 4 4 9 10 12 16 8 8 12 13 8 11 11 15 16 0 4 16 13 16 8 13 14 15
-85.48006039
pt-49X6-a
C H H H Pt Pt N H C H H C H H Pt H Pt Pt O C Pt
0 0 0 0 0 1 2 3 4 4 4 5 5 5 5 5 5 5 6 6 6 6 6 7 7 7 8 8 8 8 9 10 11 11 11 11 12 13 14 14 14 15 15 16 16 16 16 16 16 16 16 17 17 17 17 17 18 18 18 18 19 19 19 19 19 19 20 20 20 20
1 2 3 16 19 0 0 0 5 7 16 4 6 7 14 16 17 19 5 7 8 16 19 4 5 6 6 9 10 11 8 8 8 12 13 15 11 11 5 15 20 11 14 0 4 5 6 17 18 19 20 5 16 18 19 20 16 17 19 20 0 5 6 16 17 18 14 16 17 18
-85.94984301
os-37X3-a
Os C H C H H H C H H H Os N O
0 0 0 1 1 1 1 1 2 2 3 3 3 3 4 5 6 7 7 7 7 8 9 10 11 11 11 12 12 12 13 13
1 2 11 0 2 11 12 13 0 1 4 5 6 12 3 3 3 8 9 10 12 7 7 7 0 1 13 1 3 7 1 11
-69.02329997000004
rh-37X4-a
Rh C H H H Rh C H Rh H H Rh N H O C
0 0 0 0 0 1 1 1 1 1 2 2 3 4 4 5 5 5 5 6 6 6 6 6 7 7 8 8 8 9 9 10 11 11 11 11 11 11 11 12 12 12 12 13 13 14 15 15 15 15
1 2 4 5 11 0 2 3 4 15 0 1 1 0 1 0 7 8 11 7 9 10 11 12 5 6 5 9 11 6 8 6 0 5 6 8 12 13 15 6 11 13 15 11 12 15 1 11 12 14
-69.14059350000002
au-49X7-a
N H C H H H C H H C H H H O C Au
0 0 0 0 1 2 2 2 2 3 4 5 6 6 6 6 7 8 9 9 9 9 10 11 12 13 14 14 14 15
1 2 14 15 0 0 3 4 5 2 2 2 7 8 9 14 6 6 6 10 11 12 9 9 9 14 0 6 13 0
-85.57354119000001
ag-49X3-a
Ag Ag N H H C H H H C H C H H H O C Ag
0 0 0 1 1 1 2 2 2 3 3 3 4 5 5 5 5 6 7 8 9 9 9 9 10 11 11 11 11 12 13 14 15 15 16 16 16 17 17 17
1 3 17 0 3 17 3 4 16 0 1 2 2 6 7 8 9 5 5 5 5 10 11 16 9 9 12 13 14 11 11 11 16 17 2 9 15 0 1 15
-85.89683966999999
pd-37X4-a
Pd C H H H Pd C H Pd H H Pd N H O C
0 0 0 0 1 1 1 1 1 2 2 3 4 4 5 5 5 6 6 6 6 6 7 7 8 8 8 9 9 10 11 11 11 11 11 11 11 12 12 12 12 13 13 14 15 15 15 15
1 2 4 11 0 2 3 4 15 0 1 1 0 1 7 8 11 7 9 10 11 12 5 6 5 9 11 6 8 6 0 5 6 8 12 13 15 6 11 13 15 11 12 15 1 11 12 14
-69.17959919
cd-49X6-a
C H H H N H C H H C H H H O C Cd
0 0 0 0 1 2 3 4 4 4 5 6 6 6 6 7 8 9 9 9 9 10 11 12 13 13 14 14 14 15
1 2 3 14 0 0 0 5 6 14 4 4 7 8 9 6 6 6 10 11 12 9 9 9 14 15 0 4 13 13
-85.58955684
ni-37X3-a
Ni C H C H H H C H H H Ni N O
0 0 0 1 1 1 1 1 2 2 3 3 3 3 4 5 6 7 7 7 7 8 9 10 11 11 11 12 12 12 13 13
1 2 11 0 2 11 12 13 0 1 4 5 6 12 3 3 3 8 9 10 12 7 7 7 0 1 13 1 3 7 1 11
-68.87421823
pd-37X3-a
Pd C H C H H H C H Pd H H Pd N O
0 0 0 0 1 1 1 1 1 2 2 3 3 3 3 4 5 6 7 7 7 7 8 9 9 9 10 10 11 12 12 12 12 13 13 13 14 14
1 2 9 12 0 2 12 13 14 0 1 4 5 6 13 3 3 3 8 10 11 13 7 0 10 12 7 9 7 0 1 9 14 1 3 7 1 12
-68.87822785
os-25X2-a
Os Os N H H C H H H O C Os
0 0 0 1 1 1 2 2 2 3 3 3 4 5 5 5 5 6 7 8 9 9 10 10 10 11 11 11
1 3 11 0 3 11 3 4 10 0 1 2 2 6 7 8 10 5 5 5 10 11 2 5 9 0 1 9
-53.1504127500001
ag-37X3-a
C H C H H H C H H H Ag N O
0 0 0 0 1 2 2 2 2 3 4 5 6 6 6 6 7 8 9 10 10 11 11 11 12 12
1 10 11 12 0 3 4 5 11 2 2 2 7 8 9 11 6 6 6 0 12 0 2 6 0 10
-68.58770390000001
pt-49X7-a
Pt N H C H Pt H H C H Pt H C H H H O C
0 0 0 0 0 0 1 1 1 1 2 2 3 3 3 3 3 4 5 5 6 6 7 8 8 8 8 9 10 10 11 11 12 12 12 12 13 14 15 16 17 17 17 17
1 2 3 5 10 17 0 2 3 17 0 1 0 1 4 6 7 3 0 6 3 5 3 9 11 12 17 8 0 11 8 10 8 13 14 15 12 12 12 17 0 1 8 16
-85.84280603000002
ag-49X5-a
C H C H H H C H H C H H Ag H Ag N O
0 0 0 0 1 2 2 2 2 3 4 5 6 6 6 6 7 8 9 9 9 9 10 11 12 13 13 14 14 15 15 15 16 16
1 14 15 16 0 3 4 5 15 2 2 2 7 8 9 15 6 6 6 10 11 13 9 9 13 9 12 0 16 0 2 6 0 14
-85.24991654000002
ru-49X5-a
Ru C H Ru C H H H C H Ru H C H H Ru H Ru Ru N O
0 0 0 0 0 0 0 1 1 1 1 1 1 2 2 3 3 3 3 3 4 4 4 4 4 5 5 6 7 8 8 8 8 9 10 10 10 10 10 11 11 12 12 12 12 13 14 15 15 15 15 15 16 16 17 17 17 17 17 17 17 18 18 18 18 18 18 18 18 18 19 19 19 19 20 20 20 20
1 2 3 10 17 18 20 0 2 17 18 19 20 0 1 0 5 15 17 18 5 6 7 18 19 3 4 4 4 9 11 12 19 8 0 11 15 17 18 8 10 8 13 14 16 12 12 3 10 16 17 18 12 15 0 1 3 10 15 18 20 0 1 3 4 10 15 17 19 20 1 4 8 18 0 1 17 18
-85.75696474
cu-25X2-a
Cu Cu N H H C H H H O C Cu
0 0 0 1 1 1 2 2 2 3 3 3 4 5 5 5 5 6 7 8 9 9 10 10 10 11 11 11
1 3 11 0 3 11 3 4 10 0 1 2 2 6 7 8 10 5 5 5 10 11 2 5 9 0 1 9
-52.737374200000005
ag-25X1-a
C H N H C H H H Ag O
0 0 0 0 1 2 2 2 3 4 4 4 4 5 6 7 8 8 9 9
1 2 8 9 0 0 3 4 2 2 5 6 7 4 4 4 0 9 0 8
-52.08352087
cd-49X8-a
C H H H C H H H C H H H Cd N O C
0 0 0 0 1 2 3 4 4 4 4 5 6 7 8 8 8 8 9 10 11 12 12 13 13 13 14 14 15 15 15 15
1 2 3 13 0 0 0 5 6 7 13 4 4 4 9 10 11 15 8 8 8 14 15 0 4 15 12 15 8 12 13 14
-85.2701428
au-37X1-a
C H N H C H H C H H H Au O
0 0 0 0 1 2 2 2 3 4 4 4 4 5 6 7 7 7 7 8 9 10 11 11 12 12
1 2 11 12 0 0 3 4 2 2 5 6 7 4 4 4 8 9 10 7 7 7 0 12 0 11
-68.77658538
ag-49X8-a
C H H H C H H H C H H Ag H Ag N O C
0 0 0 0 1 2 3 4 4 4 4 5 6 7 8 8 8 8 9 10 11 11 12 12 13 13 13 14 14 14 15 15 16 16 16 16
1 2 3 14 0 0 0 5 6 7 14 4 4 4 9 10 12 16 8 8 12 13 8 11 11 15 16 0 4 16 13 16 8 13 14 15
-85.37669607000001
pd-25X2-a
Pd Pd N H H C H H H O C Pd
0 0 0 1 1 1 2 2 2 3 3 3 4 5 5 5 5 6 7 8 9 9 10 10 10 11 11 11
1 3 11 0 3 11 3 4 10 0 1 2 2 6 7 8 10 5 5 5 10 11 2 5 9 0 1 9
-52.909892740000004
ir-49X5-a
Ir Ir C H Ir C H H H C H Ir H C H H Ir H Ir N O
0 0 0 0 0 0 1 1 1 1 1 1 1 1 1 1 2 2 2 2 2 2 3 3 3 4 4 4 4 4 5 5 5 5 5 6 6 7 8 9 9 9 9 10 11 11 11 11 11 12 12 13 13 13 13 14 15 16 16 16 16 16 17 17 18 18 18 18 18 18 18 19 19 19 19 20 20 20
1 2 3 4 11 18 0 2 3 4 5 11 16 18 19 20 0 1 3 18 19 20 0 1 2 0 1 6 16 18 1 6 7 8 19 4 5 5 5 10 12 13 19 9 0 1 12 16 18 9 11 9 14 15 17 13 13 1 4 11 17 18 13 16 0 1 2 4 11 16 20 1 2 5 9 1 2 18
-85.26634593
pd-49X5-a
Pd C H C H H H C H H C H H Pd H Pd Pd N O
0 0 0 1 1 1 1 1 2 2 3 3 3 3 4 5 6 7 7 7 7 8 9 10 10 10 10 11 12 13 13 14 14 15 15 15 15 16 16 16 16 17 17 17 18 18
2 15 16 2 15 16 17 18 0 1 4 5 6 17 3 3 3 8 9 10 17 7 7 7 11 12 14 10 10 14 16 10 13 0 1 16 18 0 1 13 15 1 3 7 1 15
-85.55450958000003
rh-49X8-a
C H Rh Rh H H C H H H C H H Rh H Rh N O C
0 0 0 0 1 2 2 2 2 3 3 3 4 4 4 5 6 6 6 6 7 8 9 10 10 10 10 10 11 12 13 13 13 13 14 14 15 15 15 15 15 16 16 16 17 17 18 18 18 18
1 4 5 16 0 3 4 13 15 2 4 15 0 2 3 0 7 8 9 16 6 6 6 11 12 13 14 18 10 10 2 10 14 15 10 13 2 3 13 17 18 0 6 18 15 18 10 15 16 17
-85.63203873000003
rh-37X2-a
Rh Rh N H H C H H C H H H O C Rh Rh Rh
0 0 0 0 0 0 1 1 1 1 2 2 2 2 3 3 3 4 5 5 5 5 6 7 8 8 8 8 9 10 11 12 12 12 12 13 13 13 14 14 14 14 15 15 15 15 15 16 16 16 16 16
1 2 3 14 15 16 0 3 15 16 0 3 4 13 0 1 2 2 6 7 8 13 5 5 5 9 10 11 8 8 8 13 14 15 16 2 5 12 0 12 15 16 0 1 12 14 16 0 1 12 14 15
-69.54977467999998
ru-37X1-a
Ru C H N H C H H C H H H Ru O
0 0 0 1 1 1 1 1 2 2 3 3 3 4 5 5 5 5 6 7 8 8 8 8 9 10 11 12 12 12 13 13
1 2 12 0 2 3 12 13 0 1 1 4 5 3 3 6 7 8 5 5 5 9 10 11 8 8 8 0 1 13 1 12
-69.10949819000001
ru-25X1-a
Ru C H Ru Ru N H C H Ru H H Ru O
0 0 0 0 0 1 1 1 1 1 1 2 2 3 3 3 3 3 4 4 4 4 4 4 4 5 5 5 5 6 6 6 7 7 7 7 8 9 9 9 9 10 10 11 12 12 12 12 12 12 13 13
1 2 3 4 12 0 2 4 5 12 13 0 1 0 4 6 9 12 0 1 3 5 6 9 12 1 4 6 7 3 4 5 5 8 10 11 7 3 4 10 12 7 9 7 0 1 3 4 9 13 1 12
-52.28940370999999
zn-49X1-a
C H N H C H H H C H C H H H O Zn
0 0 0 1 2 2 2 3 4 4 4 4 5 6 7 8 8 8 8 9 10 10 10 10 11 12 13 14 14 15
1 2 14 0 0 3 8 2 5 6 7 8 4 4 4 2 4 9 10 8 8 11 12 13 10 10 10 0 15 14
-85.46593565
pd-37X1-a
Pd C H N H C H Pd H C H H Pd H Pd O
0 0 0 0 1 1 1 1 1 2 2 3 3 3 4 5 5 5 5 6 7 7 7 7 8 8 9 9 9 9 10 11 12 12 13 13 14 14 14 14 15 15
1 2 7 14 0 2 3 14 15 0 1 1 4 5 3 3 6 8 9 5 0 8 12 14 5 7 5 10 11 13 9 9 7 13 9 12 0 1 7 15 1 14
-69.07825440000002
cu-49X2-a
C H N H C H H C H H C H H H Cu Cu O
0 0 0 0 0 1 2 2 2 3 4 4 4 4 5 6 7 7 7 7 8 9 10 10 10 10 11 12 13 14 14 14 15 15 16 16
1 2 14 15 16 0 0 3 4 2 2 5 6 7 4 4 4 8 9 10 7 7 7 11 12 13 10 10 10 0 15 16 0 14 0 14
-85.58819317000001
os-25X1-a
Os C H Os Os N H C H H H Os O
0 0 0 0 1 1 1 1 1 2 2 3 3 3 3 4 4 4 4 4 4 5 5 5 5 6 6 6 7 7 7 7 8 9 10 11 11 11 11 12
2 3 4 11 2 4 5 11 12 0 1 0 4 6 11 0 1 3 5 6 11 1 4 6 7 3 4 5 5 8 9 10 7 7 7 0 1 3 4 1
-52.39127664
pd-49X8-a
C H Pd Pd H H C H H H C H H Pd H Pd N O C
0 0 0 0 1 2 2 2 3 3 4 4 4 5 6 6 6 6 7 8 9 10 10 10 10 10 11 12 13 13 13 14 14 15 15 15 15 16 16 16 17 17 18 18 18 18
1 4 5 16 0 3 4 15 2 4 0 2 3 0 7 8 9 16 6 6 6 11 12 13 14 18 10 10 10 14 15 10 13 2 13 17 18 0 6 18 15 18 10 15 16 17
-85.67075467999999
pt-25X2-a
Pt Pt N H H C H H H O C Pt
0 0 0 1 1 1 2 2 2 3 3 3 4 5 5 5 5 6 7 8 9 9 10 10 10 11 11 11
1 3 11 0 3 11 3 4 10 0 1 2 2 6 7 8 10 5 5 5 10 11 2 5 9 0 1 9
-52.882045310000024
os-37X1-a
Os C H N H C H H C H H H Os O
0 0 0 1 1 1 1 1 2 2 3 3 3 4 5 5 5 5 6 7 8 8 8 8 9 10 11 12 12 12 13 13
1 2 12 0 2 3 12 13 0 1 1 4 5 3 3 6 7 8 5 5 5 9 10 11 8 8 8 0 1 13 1 12
-69.20621691000008
ag-37X2-a
Ag Ag N H H C H H C H H H O C Ag
0 0 0 1 1 1 2 2 2 3 3 3 4 5 5 5 5 6 7 8 8 8 8 9 10 11 12 12 13 13 13 14 14 14
1 3 14 0 3 14 3 4 13 0 1 2 2 6 7 8 13 5 5 5 9 10 11 8 8 8 13 14 2 5 12 0 1 12
-69.21911834
pd-49X2-a
Pd C H N H C H Pd H Pd C H H Pd C H H H Pd O
0 0 0 0 0 1 1 1 1 1 2 2 3 3 3 4 5 5 5 5 6 7 7 7 7 7 8 8 9 9 9 9 10 10 10 10 11 11 12 13 13 13 14 14 14 14 15 15 16 17 18 18 18 18 19 19
1 2 7 9 18 0 2 3 18 19 0 1 1 4 5 3 3 6 8 10 5 0 8 9 13 18 5 7 0 7 11 13 5 11 12 14 9 10 10 7 9 15 10 15 16 17 13 14 14 14 0 1 7 19 1 18
-85.78802525
cu-13X1-a
C H Cu Cu N H H O Cu
0 0 0 1 2 2 2 3 3 3 4 4 4 5 5 5 6 7 7 8 8 8
1 4 7 0 3 5 8 2 5 8 0 5 6 2 3 4 4 0 8 2 3 7
-35.84506026
pd-13X1-a
Pd C H N H H Pd Pd O
0 0 0 0 1 1 1 1 1 1 2 2 3 3 3 3 4 5 6 6 6 6 7 7 7 7 8 8
1 2 6 7 0 2 3 6 7 8 0 1 1 4 5 7 3 3 0 1 7 8 0 1 3 6 1 6
-35.81256548000002
os-49X4-a
Os Os N H H C H Os H C H H C H H H O C Os
0 0 0 0 1 1 1 1 1 2 2 2 2 3 3 3 4 5 5 5 5 6 7 7 7 7 8 8 9 9 9 9 10 11 12 12 12 12 13 14 15 16 16 17 17 17 18 18 18 18
1 3 7 18 0 2 3 7 18 1 3 4 17 0 1 2 2 6 8 9 17 5 0 1 8 18 5 7 5 10 11 12 9 9 9 13 14 15 12 12 12 17 18 2 5 16 0 1 7 16
-86.31609760000003
os-49X1-a
C H N H C H H H Os C H C H H H Os Os O
0 0 0 0 0 1 2 2 2 3 4 4 4 4 5 6 7 8 8 8 9 9 9 9 10 10 11 11 11 11 12 13 14 15 15 15 16 16 16 16 17 17
1 2 15 16 17 0 0 3 9 2 5 6 7 9 4 4 4 10 15 16 2 4 10 11 8 9 9 12 13 14 11 11 11 0 8 16 0 8 15 17 0 16
-85.96365471000001
ag-49X1-a
C H N H C H H H Ag C H C H H H Ag O
0 0 0 0 1 2 2 2 3 4 4 4 4 5 6 7 8 8 9 9 9 9 10 10 11 11 11 11 12 13 14 15 15 15 16 16
1 2 15 16 0 0 3 9 2 5 6 7 9 4 4 4 10 15 2 4 10 11 8 9 9 12 13 14 11 11 11 0 8 16 0 15
-85.53142814
cd-49X2-a
C H N H C H H C H H C H H H Cd O
0 0 0 0 1 2 2 2 3 4 4 4 4 5 6 7 7 7 7 8 9 10 10 10 10 11 12 13 14 14 15 15
1 2 14 15 0 0 3 4 2 2 5 6 7 4 4 4 8 9 10 7 7 7 11 12 13 10 10 10 0 15 0 14
-85.35151968
ir-37X2-a
Ir Ir N H H C H H C H H H O C Ir
0 0 0 1 1 1 2 2 2 3 3 3 4 5 5 5 5 6 7 8 8 8 8 9 10 11 12 12 13 13 13 14 14 14
1 3 14 0 3 14 3 4 13 0 1 2 2 6 7 8 13 5 5 5 9 10 11 8 8 8 13 14 2 5 12 0 1 12
-69.59463914999998
os-49X7-a
Os N H C H Os H H C H Os H C H H H Os O C
0 0 0 0 0 0 1 1 1 1 2 2 3 3 3 3 4 5 5 5 6 6 7 8 8 8 8 9 10 10 10 11 11 12 12 12 12 13 14 15 16 16 16 16 16 17 17 18 18 18 18 18
1 2 5 10 16 18 0 2 3 18 0 1 1 4 6 7 3 0 6 16 3 5 3 9 11 12 18 8 0 11 16 8 10 8 13 14 15 12 12 12 0 5 10 17 18 16 18 0 1 8 16 17
-85.95338590000006
cu-49X6-a
Cu C H H H N H C H Cu H C H H H O C Cu
0 0 0 1 1 1 1 2 2 3 4 5 5 5 6 7 7 7 7 8 9 9 9 10 10 11 11 11 11 12 13 14 15 15 16 16 16 16 17 17 17 17
2 9 17 2 3 4 16 0 1 1 1 6 7 16 5 5 8 10 11 7 0 10 17 7 9 7 12 13 14 11 11 11 16 17 1 5 15 17 0 9 15 16
-85.82139440999998
pd-25X1-a
Pd C H Pd Pd N H C H Pd H H Pd O
0 0 0 0 1 1 1 1 1 2 2 3 3 3 3 4 4 4 4 4 4 4 4 5 5 5 5 6 6 6 7 7 7 7 7 8 9 9 9 10 10 11 12 12 12 13
2 3 4 12 2 4 5 12 13 0 1 0 4 6 9 0 1 3 5 6 7 9 12 1 4 6 7 3 4 5 4 5 8 10 11 7 3 4 10 7 9 7 0 1 4 1
-52.318652749999984
pt-37X1-a
C H N H C H H C H H H Pt Pt O
0 0 0 0 0 1 2 2 2 3 4 4 4 4 5 6 7 7 7 7 8 9 10 11 11 12 12 12 13 13
1 2 11 12 13 0 0 3 4 2 2 5 6 7 4 4 4 8 9 10 7 7 7 0 12 0 11 13 0 12
-69.00878058
au-25X1-a
C H N H C H H H O Au
0 0 0 1 2 2 2 2 3 4 4 4 4 5 6 7 8 9
1 2 8 0 0 3 4 9 2 2 5 6 7 4 4 4 0 2
-52.04533114
au-49X5-a
C H C H H H C H H C H H Au H N O Au
0 0 0 1 2 2 2 2 3 4 5 6 6 6 6 7 8 9 9 9 9 10 11 12 13 13 14 14 14 15 15 16
1 14 15 0 3 4 5 14 2 2 2 7 8 9 14 6 6 6 10 11 13 9 9 13 9 12 0 2 6 0 16 15
-85.23628929
cu-49X7-a
Cu N H C H Cu H H C H Cu H C H H H O C
0 0 0 0 1 1 1 1 2 2 3 3 3 3 4 5 5 6 6 7 8 8 8 8 9 10 10 11 11 12 12 12 12 13 14 15 16 17 17 17
1 2 5 10 0 2 3 17 0 1 1 4 6 7 3 0 6 3 5 3 9 11 12 17 8 0 11 8 10 8 13 14 15 12 12 12 17 1 8 16
-85.59496345999997
cd-13X1-a
C H Cd N H H O Cd
0 0 0 1 2 2 3 3 3 4 4 5 6 6 7 7
1 3 6 0 4 7 0 4 5 2 3 3 0 7 2 6
-35.62043804
rh-49X2-a
C H N H C H Rh H C H H C H H H Rh Rh O
0 0 0 0 0 1 2 2 2 3 4 4 4 4 5 6 6 6 7 7 8 8 8 8 9 10 11 11 11 11 12 13 14 15 15 15 15 16 16 16 17 17
1 2 15 16 17 0 0 3 4 2 2 5 7 8 4 7 15 16 4 6 4 9 10 11 8 8 8 12 13 14 11 11 11 0 6 16 17 0 6 15 0 15
-85.75313557999999
ru-49X4-a
Ru Ru N H H C H Ru H C H H C H H H O C Ru Ru
0 0 0 0 1 1 1 1 1 1 2 2 2 2 3 3 3 4 5 5 5 5 6 7 7 7 7 7 7 8 8 9 9 9 9 10 11 12 12 12 12 13 14 15 16 16 16 16 17 17 17 18 18 18 18 19 19 19 19 19
1 3 7 19 0 2 3 7 18 19 1 3 4 17 0 1 2 2 6 8 9 17 5 0 1 8 16 18 19 5 7 5 10 11 12 9 9 9 13 14 15 12 12 12 7 17 18 19 2 5 16 1 7 16 19 0 1 7 16 18
-86.21296383999999
cd-49X5-a
C H C H H H C H H C H H H Cd N O
0 0 0 0 1 2 2 2 2 3 4 5 6 6 6 6 7 8 9 9 9 9 10 11 12 13 13 14 14 14 15 15
1 13 14 15 0 3 4 5 14 2 2 2 7 8 9 14 6 6 6 10 11 12 9 9 9 0 15 0 2 6 0 13
-85.15149779999999
cd-49X4-a
N H H C H H C H H C H H H Cd O C
0 0 0 1 2 3 3 3 3 4 5 6 6 6 6 7 8 9 9 9 9 10 11 12 13 13 14 14 15 15 15 15
1 2 15 0 0 4 5 6 15 3 3 3 7 8 9 6 6 6 10 11 12 9 9 9 14 15 13 15 0 3 13 14
-85.75072657999999
zn-49X3-a
N H H C H H H C H C H H H O C Zn
0 0 0 1 2 3 3 3 3 4 5 6 7 7 7 7 8 9 9 9 9 10 11 12 13 13 14 14 14 15
1 2 14 0 0 4 5 6 7 3 3 3 3 8 9 14 7 7 10 11 12 9 9 9 14 15 0 7 13 13
-85.85211322
rh-49X3-a
Rh Rh N H H C H H H C H C H H H O C Rh Rh
0 0 0 0 0 1 1 1 2 2 2 2 3 3 3 4 5 5 5 5 6 7 8 9 9 9 9 10 11 11 11 11 12 13 14 15 15 15 16 16 16 17 17 17 18 18 18 18
1 2 3 17 18 0 3 18 0 3 4 16 0 1 2 2 6 7 8 9 5 5 5 5 10 11 16 9 9 12 13 14 11 11 11 16 17 18 2 9 15 0 15 18 0 1 15 17
-86.26424696999999
rh-37X1-a
Rh C H N H C H H C H H H Rh O
0 0 0 1 1 1 1 1 2 2 3 3 3 4 5 5 5 5 6 7 8 8 8 8 9 10 11 12 12 12 13 13
1 2 12 0 2 3 12 13 0 1 1 4 5 3 3 6 7 8 5 5 5 9 10 11 8 8 8 0 1 13 1 12
-69.05946853
au-49X3-a
Au Au N H H C H H H C H C H H H O C Au
0 0 0 1 1 1 2 2 2 3 3 3 4 5 5 5 5 6 7 8 9 9 9 9 10 11 11 11 11 12 13 14 15 15 16 16 16 17 17 17
1 3 17 0 3 17 3 4 16 0 1 2 2 6 7 8 9 5 5 5 5 10 11 16 9 9 12 13 14 11 11 11 16 17 2 9 15 0 1 15
-85.85897077000001
pt-49X4-a
Pt N H H C H H C H H C H H H Pt O C
0 0 0 1 1 1 1 2 2 3 4 4 4 4 5 6 7 7 7 7 8 9 10 10 10 10 11 12 13 14 14 14 15 15 16 16 16 16
1 2 14 0 2 3 16 0 1 1 5 6 7 16 4 4 4 8 9 10 7 7 7 11 12 13 10 10 10 0 15 16 14 16 1 4 14 15
-86.08794713000003
ru-13X1-a
Ru C H N H H Ru Ru O
0 0 0 0 1 1 1 1 1 1 2 2 3 3 3 3 4 5 6 6 6 6 7 7 7 7 8 8
1 2 6 7 0 2 3 6 7 8 0 1 1 4 5 7 3 3 0 1 7 8 0 1 3 6 1 6
-35.906275410000035
pt-49X5-a
Pt C H C H H H C H H C H H Pt H Pt Pt N O
0 0 0 1 1 1 1 1 2 2 3 3 3 3 4 5 6 7 7 7 7 8 9 10 10 10 10 11 12 13 13 14 14 15 15 15 15 16 16 16 16 17 17 17 18 18
2 15 16 2 15 16 17 18 0 1 4 5 6 17 3 3 3 8 9 10 17 7 7 7 11 12 14 10 10 14 16 10 13 0 1 16 18 0 1 13 15 1 3 7 1 15
-85.49898009999998
zn-49X8-a
C H H H C H H H C H H H N O C Zn
0 0 0 0 1 2 3 4 4 4 4 5 6 7 8 8 8 8 9 10 11 12 12 12 13 13 14 14 14 15
1 2 3 12 0 0 0 5 6 7 12 4 4 4 9 10 11 14 8 8 8 0 4 14 14 15 8 12 13 13
-85.31719641999999
pt-37X4-a
C H H H C H Pt H H Pt N H O C Pt
0 0 0 0 0 1 2 3 4 4 4 4 4 5 6 6 7 7 8 9 9 9 9 9 9 10 10 10 10 11 11 12 13 13 13 13 14 14
1 2 3 13 14 0 0 0 5 7 8 9 10 4 7 9 4 6 4 4 6 10 11 13 14 4 9 11 13 9 10 13 0 9 10 12 0 9
-69.15077044999998
ag-49X6-a
Ag C H H H N H C H Ag H C H H H Ag O C
0 0 1 1 1 1 2 2 3 4 5 5 5 6 7 7 7 7 8 9 9 10 10 11 11 11 11 12 13 14 15 15 15 15 16 16 17 17 17 17
2 15 2 3 4 17 0 1 1 1 6 7 17 5 5 8 10 11 7 10 15 7 9 7 12 13 14 11 11 11 0 9 16 17 15 17 1 5 15 16
-85.70478076
pd-49X1-a
C H N H C H H H Pd C H C H H H Pd Pd O
0 0 0 0 0 1 2 2 2 3 4 4 4 4 5 6 7 8 8 8 9 9 9 9 10 10 11 11 11 11 12 13 14 15 15 15 16 16 16 16 17 17
1 2 15 16 17 0 0 3 9 2 5 6 7 9 4 4 4 10 15 16 2 4 10 11 8 9 9 12 13 14 11 11 11 0 8 16 0 8 15 17 0 16
-85.82873242000002
zn-25X1-a
C H N H C H H H O Zn
0 0 0 1 2 2 2 3 4 4 4 4 5 6 7 8 8 9
1 2 8 0 0 3 4 2 2 5 6 7 4 4 4 0 9 8
-52.01998680999999
cu-37X1-a
C H N H C H H C H H H Cu Cu O
0 0 0 0 0 1 2 2 2 3 4 4 4 4 5 6 7 7 7 7 8 9 10 11 11 12 12 12 13 13
1 2 11 12 13 0 0 3 4 2 2 5 6 7 4 4 4 8 9 10 7 7 7 0 12 0 11 13 0 12
-68.89944589000001
ir-49X1-a
C H N H C H H H Ir C H C H H H Ir Ir O
0 0 0 0 0 1 2 2 2 3 4 4 4 4 5 6 7 8 8 8 9 9 9 9 10 10 11 11 11 11 12 13 14 15 15 15 16 16 16 16 17 17
1 2 15 16 17 0 0 3 9 2 5 6 7 9 4 4 4 10 15 16 2 4 10 11 8 9 9 12 13 14 11 11 11 0 8 16 0 8 15 17 0 16
-85.81257701999999
pt-49X1-a
C H N H C H H H Pt C H C H H H Pt Pt O
0 0 0 0 0 1 2 2 2 3 4 4 4 4 5 6 7 8 8 8 9 9 9 9 10 10 11 11 11 11 12 13 14 15 15 15 16 16 16 16 17 17
1 2 15 16 17 0 0 3 9 2 5 6 7 9 4 4 4 10 15 16 2 4 10 11 8 9 9 12 13 14 11 11 11 0 8 16 0 8 15 17 0 16
-85.75933020000002
ni-49X5-a
Ni C H Ni C H H H C H Ni H C H H Ni H Ni Ni N O
0 0 0 0 0 0 1 1 1 1 1 1 2 2 3 3 3 3 4 4 4 4 4 5 5 6 7 8 8 8 8 9 10 10 10 10 11 11 12 12 12 12 13 14 15 15 15 16 16 17 17 17 17 17 17 18 18 18 18 18 18 18 18 19 19 19 19 20 20 20
1 2 3 17 18 20 0 2 17 18 19 20 0 1 0 5 17 18 5 6 7 18 19 3 4 4 4 9 11 12 19 8 11 15 17 18 8 10 8 13 14 16 12 12 10 16 18 12 15 0 1 3 10 18 20 0 1 3 4 10 15 17 19 1 4 8 18 0 1 17
-85.49352807999998
ag-37X1-a
C H N H C H H C H H H Ag O
0 0 0 0 1 2 2 2 3 4 4 4 4 5 6 7 7 7 7 8 9 10 11 11 12 12
1 2 11 12 0 0 3 4 2 2 5 6 7 4 4 4 8 9 10 7 7 7 0 12 0 11
-68.80022886
ni-49X1-a
C H N H C H H H Ni C H C H H H Ni Ni O
0 0 0 0 0 1 2 2 2 3 4 4 4 4 5 6 7 8 8 8 9 9 9 9 10 10 11 11 11 11 12 13 14 15 15 15 16 16 16 16 17 17
1 2 15 16 17 0 0 3 9 2 5 6 7 9 4 4 4 10 15 16 2 4 10 11 8 9 9 12 13 14 11 11 11 0 8 16 0 8 15 17 0 16
-85.80427779999997
ru-25X2-a
Ru Ru N H H C H H H O C Ru Ru
0 0 0 0 0 1 1 1 2 2 2 2 3 3 3 4 5 5 5 5 6 7 8 9 9 9 10 10 10 11 11 11 12 12 12 12
1 2 3 11 12 0 3 12 0 3 4 10 0 1 2 2 6 7 8 10 5 5 5 10 11 12 2 5 9 0 9 12 0 1 9 11
-53.02685971
ir-49X4-a
Ir Ir N H H C H H C H H C H H H O C Ir
0 0 0 1 1 1 1 2 2 2 2 3 3 3 4 5 5 5 5 6 7 8 8 8 8 9 10 11 11 11 11 12 13 14 15 15 16 16 16 16 17 17 17 17
1 3 17 0 2 3 17 1 3 4 16 0 1 2 2 6 7 8 16 5 5 5 9 10 11 8 8 8 12 13 14 11 11 11 16 17 2 5 15 17 0 1 15 16
-86.15260988
au-49X6-a
Au C H H H N H C H Au H C H H H O C Au
0 0 1 1 1 1 2 2 3 4 5 5 5 6 7 7 7 7 8 9 9 10 10 11 11 11 11 12 13 14 15 15 16 16 16 17 17 17
2 17 2 3 4 16 0 1 1 1 6 7 16 5 5 8 10 11 7 10 17 7 9 7 12 13 14 11 11 11 16 17 1 5 15 0 9 15
-85.68840214000002
cd-25X2-a
Cd N H H C H H H O C Cd
0 0 1 1 1 2 2 3 4 4 4 4 5 6 7 8 8 9 9 9 10 10
2 10 2 3 9 0 1 1 5 6 7 9 4 4 4 9 10 1 4 8 0 8
-52.4744026
au-49X8-a
C H H H C H H H C H H H N O C Au
0 0 0 0 1 2 3 4 4 4 4 5 6 7 8 8 8 8 9 10 11 12 12 12 13 13 14 14 14 15
1 2 3 12 0 0 0 5 6 7 12 4 4 4 9 10 11 14 8 8 8 0 4 14 14 15 8 12 13 13
-85.36375125
os-49X8-a
Os C H H H C H H H C H H Os H Os N O C
0 0 0 1 1 1 1 2 2 3 4 5 5 5 5 6 7 8 9 9 9 9 10 11 12 12 12 13 13 14 14 14 14 15 15 15 16 16 17 17 17 17
2 12 14 2 3 4 15 0 1 1 1 6 7 8 15 5 5 5 10 11 13 17 9 9 0 13 14 9 12 0 12 16 17 1 5 17 14 17 9 14 15 16
-85.74341547000006
ir-49X6-a
C H H H Ir Ir N H C H Ir H C H H Ir H Ir Ir O C Ir
0 0 0 0 0 1 2 3 4 4 4 4 4 5 5 5 5 5 5 5 5 5 6 6 6 6 6 6 7 7 7 8 8 8 8 9 10 10 10 10 10 11 11 12 12 12 12 13 14 15 15 15 15 15 15 16 16 17 17 17 17 17 17 17 17 17 18 18 18 18 18 18 18 18 18 19 19 19 19 20 20 20 20 20 20 21 21 21 21 21
1 2 3 17 20 0 0 0 5 7 15 17 18 4 6 7 10 15 17 18 20 21 5 7 8 17 18 20 4 5 6 6 9 11 12 8 5 11 15 17 18 8 10 8 13 14 16 12 12 4 5 10 16 18 21 12 15 0 4 5 6 10 18 19 20 21 4 5 6 10 15 17 19 20 21 17 18 20 21 0 5 6 17 18 19 5 15 17 18 19
-86.27935027999996
zn-37X2-a
N H H C H H C H H H O C Zn
0 0 0 1 2 3 3 3 3 4 5 6 6 6 6 7 8 9 10 10 11 11 11 12
1 2 11 0 0 4 5 6 11 3 3 3 7 8 9 6 6 6 11 12 0 3 10 10
-69.16710218
rh-25X1-a
Rh C H Rh Rh N H C H Rh H H Rh O
0 0 0 0 0 1 1 1 1 1 2 2 3 3 3 3 3 4 4 4 4 4 4 4 5 5 5 5 6 6 6 7 7 7 7 8 9 9 9 9 10 10 11 12 12 12 12 13
2 3 4 9 12 2 4 5 12 13 0 1 0 4 6 9 12 0 1 3 5 6 9 12 1 4 6 7 3 4 5 5 8 10 11 7 0 3 4 10 7 9 7 0 1 3 4 1
-52.294861500000025
ru-49X2-a
C H N H C H Ru H C H H C H H H Ru Ru O
0 0 0 0 0 1 2 2 2 3 4 4 4 4 5 6 6 6 7 7 8 8 8 8 9 10 11 11 11 11 12 13 14 15 15 15 15 16 16 16 17 17
1 2 15 16 17 0 0 3 4 2 2 5 7 8 4 7 15 16 4 6 4 9 10 11 8 8 8 12 13 14 11 11 11 0 6 16 17 0 6 15 0 15
-85.78642811999998
os-37X4-a
C H H Os H Os C H Os H H Os N H Os O C
0 0 0 0 0 1 2 3 3 3 3 3 4 4 5 5 5 5 5 6 6 6 6 7 7 8 8 8 8 9 9 10 11 11 11 11 11 11 11 12 12 12 12 13 13 14 14 14 14 14 14 15 15 16 16 16 16 16
1 2 3 4 16 0 0 0 4 5 11 14 0 3 3 7 8 11 14 7 9 10 12 5 6 5 9 11 14 6 8 6 3 5 8 12 13 14 16 6 11 13 16 11 12 3 5 8 11 15 16 14 16 0 11 12 14 15
-69.25484633000008
ni-49X7-a
Ni N H C H Ni H H C H Ni H C H H H O C
0 0 0 0 0 0 1 1 1 1 2 2 3 3 3 3 3 4 5 5 6 6 7 8 8 8 8 9 10 10 11 11 12 12 12 12 13 14 15 16 17 17 17 17
1 2 3 5 10 17 0 2 3 17 0 1 0 1 4 6 7 3 0 6 3 5 3 9 11 12 17 8 0 11 8 10 8 13 14 15 12 12 12 17 0 1 8 16
-85.76246884
pt-37X3-a
Pt C H C H H H C H H H Pt N O
0 0 0 1 1 1 1 1 2 2 3 3 3 3 4 5 6 7 7 7 7 8 9 10 11 11 11 12 12 12 13 13
1 2 11 0 2 11 12 13 0 1 4 5 6 12 3 3 3 8 9 10 12 7 7 7 0 1 13 1 3 7 1 11
-68.81550693000003
ni-37X1-a
Ni C H N H C H H C H H H Ni O
0 0 0 1 1 1 1 1 2 2 3 3 3 4 5 5 5 5 6 7 8 8 8 8 9 10 11 12 12 12 13 13
1 2 12 0 2 3 12 13 0 1 1 4 5 3 3 6 7 8 5 5 5 9 10 11 8 8 8 0 1 13 1 12
-69.05933443999999
ir-49X7-a
Ir N H C H Ir H H C H Ir H C H H H O C
0 0 0 0 0 0 1 1 1 1 2 2 3 3 3 3 3 4 5 5 6 6 7 8 8 8 8 9 10 10 11 11 12 12 12 12 13 14 15 16 17 17 17 17
1 2 3 5 10 17 0 2 3 17 0 1 0 1 4 6 7 3 0 6 3 5 3 9 11 12 17 8 0 11 8 10 8 13 14 15 12 12 12 17 0 1 8 16
-85.84467221
ag-37X4-a
Ag C H H H C H H H N H Ag O C
0 0 1 1 1 1 2 2 3 4 5 5 5 5 6 7 8 9 9 9 10 11 11 11 12 12 13 13 13 13
2 11 2 3 4 13 0 1 1 1 6 7 8 9 5 5 5 5 10 13 9 0 12 13 11 13 1 9 11 12
-68.98033252000002
rh-25X2-a
Rh Rh N H H C H H H O C Rh Rh
0 0 0 0 1 1 1 2 2 2 3 3 3 4 5 5 5 5 6 7 8 9 9 9 10 10 10 11 11 11 12 12 12 12
1 3 11 12 0 3 12 3 4 10 0 1 2 2 6 7 8 10 5 5 5 10 11 12 2 5 9 0 9 12 0 1 9 11
-52.95408191000001
cd-49X1-a
C H N H C H H H Cd C H C H H H O Cd
0 0 0 1 2 2 2 3 4 4 4 4 5 6 7 8 8 9 9 9 9 10 10 11 11 11 11 12 13 14 15 15 16 16
1 2 15 0 0 3 9 2 5 6 7 9 4 4 4 10 16 2 4 10 11 8 9 9 12 13 14 11 11 11 0 16 8 15
-85.41009400000002
os-49X6-a
C H H H Os Os N H C H Os H C H H Os H Os Os O C Os
0 0 0 0 0 1 2 3 4 4 4 4 4 5 5 5 5 5 5 5 5 5 6 6 6 6 6 6 7 7 7 8 8 8 8 9 10 10 10 10 10 11 11 12 12 12 12 13 14 15 15 15 15 15 15 16 16 17 17 17 17 17 17 17 17 17 18 18 18 18 18 18 18 18 18 19 19 19 19 20 20 20 20 20 20 21 21 21 21 21
1 2 3 17 20 0 0 0 5 7 15 17 18 4 6 7 10 15 17 18 20 21 5 7 8 17 18 20 4 5 6 6 9 11 12 8 5 11 15 17 18 8 10 8 13 14 16 12 12 4 5 10 16 18 21 12 15 0 4 5 6 10 18 19 20 21 4 5 6 10 15 17 19 20 21 17 18 20 21 0 5 6 17 18 19 5 15 17 18 19
-86.5228729700001
rh-49X5-a
Rh Rh C H Rh C H H H C H Rh H C H H Rh H Rh N O
0 0 0 0 0 0 1 1 1 1 1 1 1 1 1 1 2 2 2 2 2 2 3 3 3 4 4 4 4 4 5 5 5 5 5 6 6 7 8 9 9 9 9 10 11 11 11 11 11 12 12 13 13 13 13 14 15 16 16 16 16 16 17 17 18 18 18 18 18 18 18 19 19 19 19 20 20 20
1 2 3 4 11 18 0 2 3 4 5 11 16 18 19 20 0 1 3 18 19 20 0 1 2 0 1 6 16 18 1 6 7 8 19 4 5 5 5 10 12 13 19 9 0 1 12 16 18 9 11 9 14 15 17 13 13 1 4 11 17 18 13 16 0 1 2 4 11 16 20 1 2 5 9 1 2 18
-85.47944653000002
ir-49X3-a
Ir Ir N H H C H H H C H C H H H O C Ir
0 0 0 1 1 1 2 2 2 3 3 3 4 5 5 5 5 6 7 8 9 9 9 9 10 11 11 11 11 12 13 14 15 15 16 16 16 17 17 17
1 3 17 0 3 17 3 4 16 0 1 2 2 6 7 8 9 5 5 5 5 10 11 16 9 9 12 13 14 11 11 11 16 17 2 9 15 0 1 15
-86.29028223999995
os-37X2-a
Os Os N H H C H H C H H H O C Os Os
0 0 0 0 1 1 1 2 2 2 3 3 3 4 5 5 5 5 6 7 8 8 8 8 9 10 11 12 12 12 13 13 13 14 14 14 15 15 15 15
1 3 14 15 0 3 15 3 4 13 0 1 2 2 6 7 8 13 5 5 5 9 10 11 8 8 8 13 14 15 2 5 12 0 12 15 0 1 12 14
-69.77307165000002
cu-49X1-a
C H N H C H H H Cu C H C H H H Cu Cu O
0 0 0 0 0 1 2 2 2 3 4 4 4 4 5 6 7 8 8 8 9 9 9 9 10 10 11 11 11 11 12 13 14 15 15 15 16 16 16 16 17 17
1 2 15 16 17 0 0 3 9 2 5 6 7 9 4 4 4 10 15 16 2 4 10 11 8 9 9 12 13 14 11 11 11 0 8 16 0 8 15 17 0 16
-85.64645474999998
zn-25X2-a
N H H C H H H O C Zn
0 0 0 1 2 3 3 3 3 4 5 6 7 7 8 8 8 9
1 2 8 0 0 4 5 6 8 3 3 3 8 9 0 3 7 7
-52.56926102
ir-49X8-a
C H H H C H H H C H H Ir H Ir N O C
0 0 0 0 1 2 3 4 4 4 4 5 6 7 8 8 8 8 9 10 11 11 12 12 13 13 13 14 14 14 15 15 16 16 16 16
1 2 3 14 0 0 0 5 6 7 14 4 4 4 9 10 12 16 8 8 12 13 8 11 11 15 16 0 4 16 13 16 8 13 14 15
-85.61838267999997
ni-13X1-a
Ni C H N H H Ni Ni O
0 0 0 0 1 1 1 1 1 1 2 2 3 3 3 4 5 6 6 6 6 7 7 7 8 8
1 2 6 7 0 2 3 6 7 8 0 1 1 4 5 3 3 0 1 7 8 0 1 6 1 6
-35.816548539999985
au-13X1-a
C H N H H O Au
0 0 0 1 2 2 2 3 4 5 5 6
1 2 5 0 0 3 4 2 2 0 6 5
-35.584354390000016
rh-49X4-a
Rh Rh N H H C H Rh H Rh C H H C H H H O C Rh
0 0 0 0 1 1 1 1 1 1 2 2 2 2 3 3 3 4 5 5 5 5 6 7 7 7 7 7 7 8 8 9 9 9 9 9 10 10 10 10 11 11 12 13 13 13 13 14 15 16 17 17 17 17 18 18 18 19 19 19 19 19
1 3 7 19 0 2 3 7 9 19 1 3 4 18 0 1 2 2 6 8 10 18 5 0 1 8 9 17 19 5 7 1 7 11 17 19 5 11 12 13 9 10 10 10 14 15 16 13 13 13 7 9 18 19 2 5 17 0 1 7 9 17
-86.15252006999998
au-49X2-a
C H N H C H H C H H C H H H O Au
0 0 0 1 2 2 2 3 4 4 4 4 5 6 7 7 7 7 8 9 10 10 10 10 11 12 13 14 14 15
1 2 14 0 0 3 4 2 2 5 6 7 4 4 4 8 9 10 7 7 7 11 12 13 10 10 10 0 15 14
-85.45846126
cd-37X1-a
C H N H C H H C H H H Cd O
0 0 0 0 1 2 2 2 3 4 4 4 4 5 6 7 7 7 7 8 9 10 11 11 12 12
1 2 11 12 0 0 3 4 2 2 5 6 7 4 4 4 8 9 10 7 7 7 0 12 0 11
-68.69292318000001
zn-37X4-a
C H H H C H H H N H O C Zn
0 0 0 0 1 2 3 4 4 4 4 5 6 7 8 8 8 9 10 10 11 11 11 12
1 2 3 11 0 0 0 5 6 7 8 4 4 4 4 9 11 8 11 12 0 8 10 10
-68.92362016
ni-49X6-a
C H H H Ni N H C H H C H H Ni H Ni Ni Ni O C
0 0 0 0 0 1 2 3 4 4 4 4 4 4 5 5 5 5 5 5 6 6 7 7 7 7 8 9 10 10 10 10 11 12 13 13 13 14 14 15 15 15 15 15 15 15 16 16 16 16 16 17 17 17 17 17 17 18 18 18 18 19 19 19 19 19 19 19
1 2 3 15 19 0 0 0 5 6 13 15 17 19 4 6 7 15 17 19 4 5 5 8 9 10 7 7 7 11 12 14 10 10 4 14 16 10 13 0 4 5 16 17 18 19 13 15 17 18 19 4 5 15 16 18 19 15 16 17 19 0 4 5 15 16 17 18
-86.04935086
au-37X2-a
Au N H H C H H C H H H O C Au
0 0 1 1 1 2 2 3 4 4 4 4 5 6 7 7 7 7 8 9 10 11 11 12 12 12 13 13
2 13 2 3 12 0 1 1 5 6 7 12 4 4 4 8 9 10 7 7 7 12 13 1 4 11 0 11
-69.1762478
ag-25X2-a
Ag Ag N H H C H H H O C Ag
0 0 0 1 1 1 2 2 2 3 3 3 4 5 5 5 5 6 7 8 9 9 10 10 10 11 11 11
1 3 11 0 3 11 3 4 10 0 1 2 2 6 7 8 10 5 5 5 10 11 2 5 9 0 1 9
-52.60156430000001
pd-49X7-a
Pd N H Pd C H Pd H H C H Pd H C H H Pd H O C
0 0 0 0 0 0 0 1 1 1 1 2 2 3 3 3 4 4 4 4 4 5 5 6 6 6 6 7 7 8 9 9 9 9 10 11 11 11 11 12 12 13 13 13 13 14 15 16 16 16 17 17 17 18 19 19 19 19
1 2 3 4 6 11 19 0 2 4 19 0 1 0 5 6 0 1 5 7 8 3 4 0 3 7 16 4 6 4 10 12 13 19 9 0 12 16 17 9 11 9 14 15 17 13 13 6 11 17 11 13 16 19 0 1 9 18
-85.87345289999999
zn-49X5-a
C H C H H H C H H C H H H Zn N O
0 0 0 0 1 2 2 2 2 3 4 5 6 6 6 6 7 8 9 9 9 9 10 11 12 13 13 14 14 14 15 15
1 13 14 15 0 3 4 5 14 2 2 2 7 8 9 14 6 6 6 10 11 12 9 9 9 0 15 0 2 6 0 13
-85.20439528
ru-49X3-a
Ru Ru N H H C H H H C H C H H H O C Ru Ru
0 0 0 0 0 1 1 1 2 2 2 2 3 3 3 4 5 5 5 5 6 7 8 9 9 9 9 10 11 11 11 11 12 13 14 15 15 15 16 16 16 17 17 17 18 18 18 18
1 2 3 17 18 0 3 18 0 3 4 16 0 1 2 2 6 7 8 9 5 5 5 5 10 11 16 9 9 12 13 14 11 11 11 16 17 18 2 9 15 0 15 18 0 1 15 17
-86.32563614999998
ni-49X8-a
C H H H C H H H C H H H Ni N O C
0 0 0 0 1 2 3 4 4 4 4 5 6 7 8 8 8 8 9 10 11 12 12 13 13 13 14 14 15 15 15 15
1 2 3 13 0 0 0 5 6 7 13 4 4 4 9 10 11 15 8 8 8 14 15 0 4 15 12 15 8 12 13 14
-85.62594938000001
ru-37X2-a
Ru Ru N H H C H H C H H H O C Ru Ru Ru
0 0 0 0 0 0 1 1 1 1 2 2 2 2 3 3 3 4 5 5 5 5 6 7 8 8 8 8 9 10 11 12 12 12 12 13 13 13 14 14 14 14 15 15 15 15 15 16 16 16 16 16
1 2 3 14 15 16 0 3 15 16 0 3 4 13 0 1 2 2 6 7 8 13 5 5 5 9 10 11 8 8 8 13 14 15 16 2 5 12 0 12 15 16 0 1 12 14 16 0 1 12 14 15
-69.62159066999999
pt-49X2-a
C H N H C H H C H H C H H H Pt Pt O
0 0 0 0 0 1 2 2 2 3 4 4 4 4 5 6 7 7 7 7 8 9 10 10 10 10 11 12 13 14 14 14 15 15 16 16
1 2 14 15 16 0 0 3 4 2 2 5 6 7 4 4 4 8 9 10 7 7 7 11 12 13 10 10 10 0 15 16 0 14 0 14
-85.71208604999998
rh-49X1-a
C H N H C H H H Rh C H C H H H Rh Rh O
0 0 0 0 0 1 2 2 2 3 4 4 4 4 5 6 7 8 8 8 9 9 9 9 10 10 11 11 11 11 12 13 14 15 15 15 16 16 16 16 17 17
1 2 15 16 17 0 0 3 9 2 5 6 7 9 4 4 4 10 15 16 2 4 10 11 8 9 9 12 13 14 11 11 11 0 8 16 0 8 15 17 0 16
-85.80836362000002
cd-49X7-a
N H C H H H C H Cd H C H H H O C Cd
0 0 0 1 2 2 2 2 3 4 5 6 6 6 6 7 8 8 9 9 10 10 10 10 11 12 13 14 14 15 15 15 16 16
1 2 15 0 0 3 4 5 2 2 2 7 9 10 15 6 9 16 6 8 6 11 12 13 10 10 10 15 16 0 6 14 8 14
-85.5136416
ru-49X6-a
C H H H Ru Ru N H C H Ru H C H H Ru H Ru Ru O C Ru
0 0 0 0 0 1 2 3 4 4 4 4 4 5 5 5 5 5 5 5 5 5 6 6 6 6 6 6 7 7 7 8 8 8 8 9 10 10 10 10 10 11 11 12 12 12 12 13 14 15 15 15 15 15 15 16 16 17 17 17 17 17 17 17 17 17 18 18 18 18 18 18 18 18 18 19 19 19 19 20 20 20 20 20 20 21 21 21 21 21
1 2 3 17 20 0 0 0 5 7 15 17 18 4 6 7 10 15 17 18 20 21 5 7 8 17 18 20 4 5 6 6 9 11 12 8 5 11 15 17 18 8 10 8 13 14 16 12 12 4 5 10 16 18 21 12 15 0 4 5 6 10 18 19 20 21 4 5 6 10 15 17 19 20 21 17 18 20 21 0 5 6 17 18 19 5 15 17 18 19
-86.22726913000002
au-25X2-a
Au Au N H H C H H H O C Au
0 0 0 1 1 1 2 2 2 3 3 3 4 5 5 5 5 6 7 8 9 9 10 10 10 11 11 11
1 3 11 0 3 11 3 4 10 0 1 2 2 6 7 8 10 5 5 5 10 11 2 5 9 0 1 9
-52.56050603
zn-13X1-a
C H N H H O Zn
0 0 0 1 2 2 2 3 4 5 5 6
1 2 5 0 0 3 4 2 2 0 6 5
-35.558045469999996
pt-37X2-a
Pt Pt N H H C H H C H H H O C Pt
0 0 0 1 1 1 2 2 2 3 3 3 4 5 5 5 5 6 7 8 8 8 8 9 10 11 12 12 13 13 13 14 14 14
1 3 14 0 3 14 3 4 13 0 1 2 2 6 7 8 13 5 5 5 9 10 11 8 8 8 13 14 2 5 12 0 1 12
-69.50203584000002
cu-49X5-a
Cu C H C H H H C H H C H H Cu H Cu Cu N O
0 0 0 1 1 1 1 1 2 2 3 3 3 3 4 5 6 7 7 7 7 8 9 10 10 10 10 11 12 13 13 13 14 14 15 15 15 15 15 16 16 16 16 17 17 17 18 18
2 15 16 2 15 16 17 18 0 1 4 5 6 17 3 3 3 8 9 10 17 7 7 7 11 12 14 10 10 14 15 16 10 13 0 1 13 16 18 0 1 13 15 1 3 7 1 15
-85.36177939999999
ir-49X2-a
C H N H C H H C H H C H H H Ir Ir O
0 0 0 0 0 1 2 2 2 3 4 4 4 4 5 6 7 7 7 7 8 9 10 10 10 10 11 12 13 14 14 14 15 15 16 16
1 2 14 15 16 0 0 3 4 2 2 5 6 7 4 4 4 8 9 10 7 7 7 11 12 13 10 10 10 0 15 16 0 14 0 14
-85.75729975999997
cd-25X1-a
C H N H C H H H O Cd
0 0 0 1 2 2 2 3 4 4 4 4 5 6 7 8 8 9
1 2 8 0 0 3 4 2 2 5 6 7 4 4 4 0 9 8
-51.982966909999995
pd-49X6-a
C H H H Pd Pd N H C H Pd H C H H Pd H Pd Pd O C Pd
0 0 0 0 0 1 2 3 4 4 4 5 5 5 5 5 5 5 5 6 6 6 6 6 7 7 7 8 8 8 8 9 10 10 10 10 11 11 12 12 12 12 13 14 15 15 15 15 16 16 17 17 17 17 17 17 17 17 18 18 18 18 18 18 19 19 19 19 20 20 20 20 20 20 21 21 21 21
1 2 3 17 20 0 0 0 5 7 17 4 6 7 10 15 17 18 20 5 7 8 17 20 4 5 6 6 9 11 12 8 5 11 15 18 8 10 8 13 14 16 12 12 5 10 16 21 12 15 0 4 5 6 18 19 20 21 5 10 17 19 20 21 17 18 20 21 0 5 6 17 18 19 15 17 18 19
-85.94814283000002
au-49X4-a
N H H C H H C H H C H H H O C Au
0 0 0 1 2 3 3 3 3 4 5 6 6 6 6 7 8 9 9 9 9 10 11 12 13 13 14 14 14 15
1 2 14 0 0 4 5 6 14 3 3 3 7 8 9 6 6 6 10 11 12 9 9 9 14 15 0 3 13 13
-85.85712173000002
ru-37X4-a
C H H Ru H Ru C H Ru H H Ru N H Ru O C
0 0 0 0 0 1 2 3 3 3 3 3 4 4 5 5 5 5 5 6 6 6 6 6 7 7 8 8 8 8 9 9 10 11 11 11 11 11 11 11 11 12 12 12 12 13 13 14 14 14 14 14 14 15 15 16 16 16 16 16
1 2 3 4 16 0 0 0 4 5 11 14 0 3 3 7 8 11 14 7 9 10 11 12 5 6 5 9 11 14 6 8 6 3 5 6 8 12 13 14 16 6 11 13 16 11 12 3 5 8 11 15 16 14 16 0 11 12 14 15
-69.10774387999999
ni-37X4-a
C H H H C H Ni H H Ni N H O C Ni
0 0 0 0 0 1 2 3 4 4 4 4 4 5 6 6 7 7 8 9 9 9 9 9 9 10 10 10 10 11 11 12 13 13 13 13 14 14
1 2 3 13 14 0 0 0 5 7 8 9 10 4 7 9 4 6 4 4 6 10 11 13 14 4 9 11 13 9 10 13 0 9 10 12 0 9
-69.06523069999997
os-49X5-a
Os C H Os C H H H C H Os H C H H Os H Os Os N O
0 0 0 0 0 0 1 1 1 1 1 1 2 2 3 3 3 3 3 4 4 4 4 4 5 5 6 7 8 8 8 8 9 10 10 10 10 10 11 11 12 12 12 12 13 14 15 15 15 15 15 16 16 17 17 17 17 17 17 17 18 18 18 18 18 18 18 18 19 19 19 19 20 20
1 2 3 10 17 18 0 2 17 18 19 20 0 1 0 5 15 17 18 5 6 7 18 19 3 4 4 4 9 11 12 19 8 0 11 15 17 18 8 10 8 13 14 16 12 12 3 10 16 17 18 12 15 0 1 3 10 15 18 20 0 1 3 4 10 15 17 19 1 4 8 18 1 17
-85.79854
ni-49X3-a
Ni Ni N H H C H H H C H C H H H O C Ni
0 0 0 1 1 1 2 2 2 3 3 3 4 5 5 5 5 6 7 8 9 9 9 9 10 11 11 11 11 12 13 14 15 15 16 16 16 17 17 17
1 3 17 0 3 17 3 4 16 0 1 2 2 6 7 8 9 5 5 5 5 10 11 16 9 9 12 13 14 11 11 11 16 17 2 9 15 0 1 15
-86.24749904999999
pd-49X3-a
Pd Pd N H H C H H H C H C H H H O C Pd
0 0 0 1 1 1 2 2 2 3 3 3 4 5 5 5 5 6 7 8 9 9 9 9 10 11 11 11 11 12 13 14 15 15 16 16 16 17 17 17
1 3 17 0 3 17 3 4 16 0 1 2 2 6 7 8 9 5 5 5 5 10 11 16 9 9 12 13 14 11 11 11 16 17 2 9 15 0 1 15
-86.22114890999998
ru-49X8-a
C H Ru H H C H H H C H H Ru H Ru N O C
0 0 0 0 1 2 2 2 3 3 4 5 5 5 5 6 7 8 9 9 9 9 10 11 12 12 12 13 13 14 14 14 14 15 15 15 16 16 17 17 17 17
1 3 4 15 0 3 12 14 0 2 0 6 7 8 15 5 5 5 10 11 13 17 9 9 2 13 14 9 12 2 12 16 17 0 5 17 14 17 9 14 15 16
-85.66264802
cu-37X3-a
Cu C H C H H H C H H H Cu N O
0 0 0 1 1 1 1 1 2 2 3 3 3 3 4 5 6 7 7 7 7 8 9 10 11 11 11 12 12 12 13 13
1 2 11 0 2 11 12 13 0 1 4 5 6 12 3 3 3 8 9 10 12 7 7 7 0 1 13 1 3 7 1 11
-68.70512923999999
zn-37X1-a
C H N H C H H C H H H O Zn
0 0 0 1 2 2 2 3 4 4 4 4 5 6 7 7 7 7 8 9 10 11 11 12
1 2 11 0 0 3 4 2 2 5 6 7 4 4 4 8 9 10 7 7 7 0 12 11
-68.73262978999999
zn-49X2-a
C H N H C H H C H H C H H H O Zn
0 0 0 1 2 2 2 3 4 4 4 4 5 6 7 7 7 7 8 9 10 10 10 10 11 12 13 14 14 15
1 2 14 0 0 3 4 2 2 5 6 7 4 4 4 8 9 10 7 7 7 11 12 13 10 10 10 0 15 14
-85.40542134999998
rh-37X3-a
Rh C H C H H H C H H H Rh N O
0 0 0 1 1 1 1 1 2 2 3 3 3 3 4 5 6 7 7 7 7 8 9 10 11 11 11 12 12 12 13 13
1 2 11 0 2 11 12 13 0 1 4 5 6 12 3 3 3 8 9 10 12 7 7 7 0 1 13 1 3 7 1 11
-68.86918173999999
ru-37X3-a
Ru C H C H H H C H H H Ru N O
0 0 0 1 1 1 1 1 2 2 3 3 3 3 4 5 6 7 7 7 7 8 9 10 11 11 11 12 12 12 13 13
1 2 11 0 2 11 12 13 0 1 4 5 6 12 3 3 3 8 9 10 12 7 7 7 0 1 13 1 3 7 1 11
-68.92705646000002
ir-37X1-a
Ir C H N H C H H C H H H Ir O
0 0 0 1 1 1 1 1 2 2 3 3 3 4 5 5 5 5 6 7 8 8 8 8 9 10 11 12 12 12 13 13
1 2 12 0 2 3 12 13 0 1 1 4 5 3 3 6 7 8 5 5 5 9 10 11 8 8 8 0 1 13 1 12
-69.06306296999998
rh-13X1-a
Rh C H N H H Rh Rh O
0 0 0 0 1 1 1 1 1 1 2 2 3 3 3 3 4 5 6 6 6 6 7 7 7 7 8 8
1 2 6 7 0 2 3 6 7 8 0 1 1 4 5 7 3 3 0 1 7 8 0 1 3 6 1 6
-35.82464386999999
ni-37X2-a
Ni Ni N H H C H H C H H H O C Ni
0 0 0 1 1 1 2 2 2 3 3 3 4 5 5 5 5 6 7 8 8 8 8 9 10 11 12 12 13 13 13 14 14 14
1 3 14 0 3 14 3 4 13 0 1 2 2 6 7 8 13 5 5 5 9 10 11 8 8 8 13 14 2 5 12 0 1 12
-69.54145557999999
ir-37X3-a
Ir C H C H H H C H H H Ir N O
0 0 0 1 1 1 1 1 2 2 3 3 3 3 4 5 6 7 7 7 7 8 9 10 11 11 11 12 12 12 13 13
1 2 11 0 2 11 12 13 0 1 4 5 6 12 3 3 3 8 9 10 12 7 7 7 0 1 13 1 3 7 1 11
-68.87139561999999
cu-37X4-a
C H H H C H Cu H H N H O C Cu Cu
0 0 0 0 0 1 2 3 4 4 4 4 5 6 6 7 7 8 9 9 9 9 10 11 12 12 12 13 13 14 14 14
1 2 3 12 13 0 0 0 5 7 8 9 4 7 14 4 6 4 4 10 12 14 9 12 0 9 11 0 14 6 9 13
-68.93161312000001
pt-49X3-a
Pt Pt N H H C H H H C H C H H H O C Pt
0 0 0 1 1 1 2 2 2 3 3 3 4 5 5 5 5 6 7 8 9 9 9 9 10 11 11 11 11 12 13 14 15 15 16 16 16 17 17 17
1 3 17 0 3 17 3 4 16 0 1 2 2 6 7 8 9 5 5 5 5 10 11 16 9 9 12 13 14 11 11 11 16 17 2 9 15 0 1 15
-86.20384565
cu-49X4-a
N H H C H H C H H C H H H O C Cu Cu
0 0 0 0 1 2 3 3 3 3 4 5 6 6 6 6 7 8 9 9 9 9 10 11 12 13 13 14 14 14 14 15 15 16 16 16
1 2 14 15 0 0 4 5 6 14 3 3 3 7 8 9 6 6 6 10 11 12 9 9 9 14 16 0 3 13 16 0 16 13 14 15
-86.02383214000002
pd-49X4-a
Pd Pd N H H C H Pd H Pd C H H C H H H Pd O C
0 0 0 1 1 1 1 1 2 2 2 2 3 3 3 4 5 5 5 5 6 7 7 7 7 8 8 9 9 9 9 10 10 10 10 11 11 12 13 13 13 13 14 15 16 17 17 17 17 17 17 18 18 18 19 19 19 19
1 3 17 0 2 3 7 17 1 3 4 19 0 1 2 2 6 8 10 19 5 1 8 9 17 5 7 7 11 17 18 5 11 12 13 9 10 10 10 14 15 16 13 13 13 0 1 7 9 18 19 9 17 19 2 5 17 18
-86.15684252000003
ni-49X2-a
C H N H C H H C H H C H H H Ni Ni O
0 0 0 0 0 1 2 2 2 3 4 4 4 4 5 6 7 7 7 7 8 9 10 10 10 10 11 12 13 14 14 14 15 15 16 16
1 2 14 15 16 0 0 3 4 2 2 5 6 7 4 4 4 8 9 10 7 7 7 11 12 13 10 10 10 0 15 16 0 14 0 14
-85.75893153999999
ru-49X7-a
Ru N H Ru C H Ru H H C H Ru H C H H H Ru O C
0 0 0 0 0 0 0 0 1 1 1 1 2 2 3 3 3 3 3 4 4 4 4 4 5 5 6 6 6 6 7 7 8 9 9 9 9 10 11 11 11 11 12 12 13 13 13 13 14 15 16 17 17 17 17 17 17 18 18 19 19 19 19 19
1 2 3 4 6 11 17 19 0 2 4 19 0 1 0 5 6 11 17 0 1 5 7 8 3 4 0 3 7 17 4 6 4 10 12 13 19 9 0 3 12 17 9 11 9 14 15 16 13 13 13 0 3 6 11 18 19 17 19 0 1 9 17 18
-85.78484129000003
ir-13X1-a
Ir Ir C H N H H O Ir
0 0 0 1 1 1 2 2 2 3 3 3 4 4 4 5 6 7 7 8 8 8
1 3 8 0 3 8 3 4 7 0 1 2 2 5 6 4 4 2 8 0 1 7
-35.87703174999996
pt-13X1-a
Pt C H N H H O Pt
0 0 1 1 1 1 2 2 3 3 3 4 5 6 6 7 7 7
2 7 2 3 6 7 0 1 1 4 5 3 3 1 7 0 1 6
-35.77762690000003
os-13X1-a
Os C H N H H O Os
0 0 1 1 1 1 2 2 3 3 3 4 5 6 6 7 7 7
2 7 2 3 6 7 0 1 1 4 5 3 3 1 7 0 1 6
-36.01236575000007
zn-49X7-a
N H C H H H C H H C H H H O C Zn
0 0 0 1 2 2 2 2 3 4 5 6 6 6 6 7 8 9 9 9 9 10 11 12 13 13 14 14 14 15
1 2 14 0 0 3 4 5 2 2 2 7 8 9 14 6 6 6 10 11 12 9 9 9 14 15 0 6 13 13
-85.57698381
au-49X1-a
C H N H C H H H Au C H C H H H O Au
0 0 0 1 2 2 2 3 4 4 4 4 5 6 7 8 8 9 9 9 9 10 10 11 11 11 11 12 13 14 15 15 16 16
1 2 15 0 0 3 9 2 5 6 7 9 4 4 4 10 16 2 4 10 11 8 9 9 12 13 14 11 11 11 0 16 8 15
-85.5165221
ni-25X1-a
Ni C H Ni Ni N H C H H H Ni O
0 0 0 0 1 1 1 1 1 2 2 3 3 3 4 4 4 4 4 4 4 5 5 5 5 6 6 6 7 7 7 7 7 8 9 10 11 11 11 12
2 3 4 11 2 4 5 11 12 0 1 0 4 6 0 1 3 5 6 7 11 1 4 6 7 3 4 5 4 5 8 9 10 7 7 7 0 1 4 1
-52.21736856000001
cd-37X2-a
N H H C H H C H H H O C Cd
0 0 0 1 2 3 3 3 3 4 5 6 6 6 6 7 8 9 10 10 11 11 11 12
1 2 11 0 0 4 5 6 11 3 3 3 7 8 9 6 6 6 11 12 0 3 10 10
-69.09155688999999
rh-49X7-a
Rh N H Rh C H Rh H H C H Rh H C H H Rh H O C
0 0 0 0 0 0 0 0 1 1 1 1 2 2 3 3 3 3 4 4 4 4 4 5 5 6 6 6 6 7 7 8 9 9 9 9 10 11 11 11 11 12 12 13 13 13 13 14 15 16 16 16 16 17 17 18 19 19 19 19
1 2 3 4 6 11 16 19 0 2 4 19 0 1 0 5 6 11 0 1 5 7 8 3 4 0 3 7 16 4 6 4 10 12 13 19 9 0 3 12 16 9 11 9 14 15 17 13 13 0 6 11 17 13 16 19 0 1 9 18
-85.82257256000003
ag-49X2-a
C H N H C H H C H H C H H H Ag O
0 0 0 0 1 2 2 2 3 4 4 4 4 5 6 7 7 7 7 8 9 10 10 10 10 11 12 13 14 14 15 15
1 2 14 15 0 0 3 4 2 2 5 6 7 4 4 4 8 9 10 7 7 7 11 12 13 10 10 10 0 15 0 14
-85.47091887000002
ir-25X1-a
Ir C H Ir Ir N H C H H H Ir O
0 0 0 0 1 1 1 1 1 2 2 3 3 3 3 4 4 4 4 4 4 5 5 5 5 6 6 6 7 7 7 7 8 9 10 11 11 11 11 12
2 3 4 11 2 4 5 11 12 0 1 0 4 6 11 0 1 3 5 6 11 1 4 6 7 3 4 5 5 8 9 10 7 7 7 0 1 3 4 1
-52.31109531999999
pt-25X1-a
Pt C H Pt Pt N H C H H H Pt O
0 0 0 0 1 1 1 1 1 2 2 3 3 3 4 4 4 4 4 4 4 5 5 5 5 6 6 6 7 7 7 7 7 8 9 10 11 11 11 12
2 3 4 11 2 4 5 11 12 0 1 0 4 6 0 1 3 5 6 7 11 1 4 6 7 3 4 5 4 5 8 9 10 7 7 7 0 1 4 1
-52.29701234999999
