ni-36S2-a
C H H H C H H H C Ni S Ni Ni
0 0 0 0 1 2 3 4 4 4 4 5 6 7 8 8 8 8 9 9 9 9 10 10 10 10 11 11 11 12 12 12
1 2 3 8 0 0 0 5 6 7 8 4 4 4 0 4 9 10 8 10 11 12 8 9 11 12 9 10 12 9 10 11
-55.50971973999998
pt-38S1-a
C H H H Pt C H H C H H S H Pt
0 0 0 0 1 2 3 4 4 5 5 5 5 6 6 7 8 8 8 8 9 10 11 11 11 12 13 13
1 2 3 5 0 0 0 6 13 0 6 7 8 4 5 5 5 9 10 11 8 8 8 12 13 11 4 11
-62.35577489000002
ni-4aS4-a
C H H H C H H H C H H H S H C Ni
0 0 0 0 1 2 3 4 4 4 4 5 6 7 8 8 8 8 9 10 11 12 12 12 13 14 14 14 14 15
1 2 3 14 0 0 0 5 6 7 14 4 4 4 9 10 11 14 8 8 8 13 14 15 12 0 4 8 12 12
-78.81019437999998
cu-48S1-a
C H H H C H Cu H C H H C H Cu S Cu Cu
0 0 0 0 1 2 3 4 4 4 4 5 6 6 6 7 7 8 8 8 8 9 10 11 11 11 11 12 13 13 13 13 13 14 14 14 14 15 15 15 15 16 16 16
1 2 3 4 0 0 0 0 5 7 8 4 7 13 15 4 6 4 9 10 11 8 8 8 12 13 14 11 6 11 14 15 16 11 13 15 16 6 13 14 16 13 14 15
-71.04170337
pt-4aS2-a
C H H H C H C H H C H H H S H Pt
0 0 0 0 1 2 3 4 4 4 4 5 6 6 6 6 7 8 9 9 9 9 10 11 12 13 13 13 14 15
1 2 3 4 0 0 0 0 5 6 13 4 4 7 8 9 6 6 6 10 11 12 9 9 9 4 14 15 13 13
-79.06983821
ru-26S2-a
C H H H C H H H S Ru
0 0 0 0 1 2 3 4 4 4 4 5 6 7 8 8 8 9
1 2 3 8 0 0 0 5 6 7 8 4 4 4 0 4 9 8
-45.60892236000001
os-48S1-a
C H H H C H Os H C H H C H Os S Os Os
0 0 0 0 1 2 3 4 4 4 4 5 6 6 6 7 7 8 8 8 8 9 10 11 11 11 11 12 13 13 13 13 13 14 14 14 14 15 15 15 15 16 16 16
1 2 3 4 0 0 0 0 5 7 8 4 7 13 15 4 6 4 9 10 11 8 8 8 12 13 14 11 6 11 14 15 16 11 13 15 16 6 13 14 16 13 14 15
-72.59660329000008
os-36S1-a
C H Os H H C H H C H Os S Os Os
0 0 0 0 1 2 2 2 3 3 4 5 5 5 5 6 7 8 8 8 8 9 10 10 10 10 10 11 11 11 11 12 12 12 12 13 13 13
1 3 4 5 0 3 10 12 0 2 0 0 6 7 8 5 5 5 9 10 11 8 2 8 11 12 13 8 10 12 13 2 10 11 13 10 11 12
-55.88220280000007
ir-26S1-a
C H H H C H H S H Ir
0 0 0 0 1 2 3 4 4 4 4 5 6 7 7 7 8 9
1 2 3 4 0 0 0 0 5 6 7 4 4 4 8 9 7 7
-45.62269254
cu-4aS5-a
C H H H C H H C H H C H H H S Cu
0 0 0 0 1 2 3 4 4 4 4 5 6 7 7 7 7 8 9 10 10 10 10 11 12 13 14 14 14 15
1 2 3 4 0 0 0 0 5 6 14 4 4 8 9 10 14 7 7 7 11 12 13 10 10 10 4 7 15 14
-78.37905096
ni-26S2-a
C H H H C H H H S Ni
0 0 0 0 1 2 3 4 4 4 4 5 6 7 8 8 8 9
1 2 3 8 0 0 0 5 6 7 8 4 4 4 0 4 9 8
-45.48400090999996
rh-4aS1-a
C H H H C H H Rh C H H C H H S H Rh
0 0 0 0 1 2 3 4 4 4 4 5 6 7 7 8 8 8 8 9 9 10 11 11 11 11 12 13 14 14 14 15 16 16
1 2 3 4 0 0 0 0 5 6 8 4 4 9 16 4 9 10 11 7 8 8 8 12 13 14 11 11 11 15 16 14 7 14
-78.94170602000003
au-24S1-a
C H H H C H Au S Au Au
0 0 0 0 1 2 3 4 4 4 4 5 6 6 6 6 7 7 7 7 8 8 8 9 9 9
1 2 3 4 0 0 0 0 5 6 7 4 4 7 8 9 4 6 8 9 6 7 9 6 7 8
-37.26433467000001
cd-38S1-a
C H H H C H H C H H S H Cd
0 0 0 0 1 2 3 4 4 4 4 5 6 7 7 7 7 8 9 10 10 10 11 12
1 2 3 4 0 0 0 0 5 6 7 4 4 4 8 9 10 7 7 7 11 12 10 10
-61.23703036
ag-14S1-a
C H H H S H Ag
0 0 0 0 1 2 3 4 4 4 5 6
1 2 3 4 0 0 0 0 5 6 4 4
-28.174731830000013
ni-38S3-a
C H H H C H H C H H H S Ni
0 0 0 0 1 2 3 4 4 4 4 5 6 7 7 7 7 8 9 10 11 11 11 12
1 2 3 4 0 0 0 0 5 6 11 4 4 8 9 10 11 7 7 7 4 7 12 11
-62.135892799999965
cd-4aS1-a
C H H H C H H C H H C H H S H Cd
0 0 0 0 1 2 3 4 4 4 4 5 6 7 7 7 7 8 9 10 10 10 10 11 12 13 13 13 14 15
1 2 3 4 0 0 0 0 5 6 7 4 4 4 8 9 10 7 7 7 11 12 13 10 10 10 14 15 13 13
-77.88947776
ru-4aS2-a
C H H H C H C H H C H H H S H Ru
0 0 0 0 1 2 3 4 4 4 4 5 6 6 6 6 7 8 9 9 9 9 10 11 12 13 13 13 14 15
1 2 3 4 0 0 0 0 5 6 13 4 4 7 8 9 6 6 6 10 11 12 9 9 9 4 14 15 13 13
-78.83542469000002
ag-4aS3-a
C H H H C H C H H C H H H S H Ag
0 0 0 0 1 2 3 4 4 4 4 5 6 6 6 6 7 8 9 9 9 9 10 11 12 13 13 13 14 15
1 2 3 4 0 0 0 0 5 6 13 4 4 7 8 9 6 6 6 10 11 12 9 9 9 4 14 15 13 13
-78.18661467000001
ag-38S2-a
C H H H C H H H C H S H Ag Ag
0 0 0 0 1 2 3 4 4 4 4 5 6 7 8 8 8 8 9 10 10 10 10 11 12 12 13 13
1 2 3 8 0 0 0 5 6 7 8 4 4 4 0 4 9 10 8 8 11 12 13 10 10 13 10 12
-61.37666444000001
os-4aS3-a
C H H H C H C H H C H H H S H Os
0 0 0 0 1 2 3 4 4 4 4 5 6 6 6 6 7 8 9 9 9 9 10 11 12 13 13 13 14 15
1 2 3 4 0 0 0 0 5 6 13 4 4 7 8 9 6 6 6 10 11 12 9 9 9 4 14 15 13 13
-79.01195468000003
zn-24S1-a
C H H H C H Zn S Zn Zn
0 0 0 0 1 2 3 4 4 4 4 5 6 6 6 7 7 7 8 8 8 9 9 9
1 2 3 4 0 0 0 0 5 6 7 4 4 8 9 4 8 9 6 7 9 6 7 8
-37.134940979999996
rh-24S1-a
C H H H C H Rh S Rh Rh Rh
0 0 0 0 1 2 3 4 4 4 4 5 6 6 6 6 7 7 7 7 7 8 8 8 9 9 9 9 10 10 10 10
1 2 3 4 0 0 0 0 5 6 7 4 4 7 9 10 4 6 8 9 10 7 9 10 6 7 8 10 6 7 8 9
-39.084249890000024
ag-4aS4-a
C H H H C H H H C H H H S H C Ag
0 0 0 0 1 2 3 4 4 4 4 5 6 7 8 8 8 8 9 10 11 12 12 12 13 14 14 14 14 15
1 2 3 14 0 0 0 5 6 7 14 4 4 4 9 10 11 14 8 8 8 13 14 15 12 0 4 8 12 12
-78.21575792000002
pd-4aS1-a
C H H H C H H Pd C H H C H H S H Pd
0 0 0 0 1 2 3 4 4 4 4 5 6 7 7 8 8 8 8 9 9 10 11 11 11 11 12 13 14 14 14 15 16 16
1 2 3 4 0 0 0 0 5 6 8 4 4 9 16 4 9 10 11 7 8 8 8 12 13 14 11 11 11 15 16 14 7 14
-78.97955478000003
au-12S1-a
C H H Au S Au Au
0 0 0 0 1 2 3 3 3 3 4 4 4 4 5 5 5 6 6 6
1 2 3 4 0 0 0 4 5 6 0 3 5 6 3 4 6 3 4 5
-20.56753975000001
pd-24S1-a
C H H H C H Pd S Pd Pd
0 0 0 0 1 2 3 4 4 4 4 5 6 6 6 6 7 7 7 7 8 8 8 9 9 9
1 2 3 4 0 0 0 0 5 6 7 4 4 7 8 9 4 6 8 9 6 7 9 6 7 8
-38.923047620000006
cd-26S2-a
C H H H C H H H S Cd
0 0 0 0 1 2 3 4 4 4 4 5 6 7 8 8 8 9
1 2 3 8 0 0 0 5 6 7 8 4 4 4 0 4 9 8
-44.63821492
au-48S2-a
C H H Au H C H H H C H C H Au S Au Au
0 0 0 0 1 2 3 3 3 4 4 5 5 5 5 6 7 8 9 9 9 9 10 11 11 11 11 12 13 13 13 13 13 14 14 14 14 15 15 15 16 16 16 16
1 2 4 9 0 0 4 13 16 0 3 6 7 8 9 5 5 5 0 5 10 11 9 9 12 13 14 11 3 11 14 15 16 11 13 15 16 13 14 16 3 13 14 15
-70.43804999
cu-26S2-a
C H H H C H H H S Cu
0 0 0 0 1 2 3 4 4 4 4 5 6 7 8 8 8 9
1 2 3 8 0 0 0 5 6 7 8 4 4 4 0 4 9 8
-45.10174458
zn-4aS4-a
C H H H C H H H C H H H S H C Zn
0 0 0 0 1 2 3 4 4 4 4 5 6 7 8 8 8 8 9 10 11 12 12 12 13 14 14 14 14 15
1 2 3 14 0 0 0 5 6 7 14 4 4 4 9 10 11 14 8 8 8 13 14 15 12 0 4 8 12 12
-78.01173929999999
rh-48S1-a
C H H H C H Rh H C H H C H Rh S Rh Rh
0 0 0 0 1 2 3 4 4 4 4 5 6 6 6 7 7 8 8 8 8 9 10 11 11 11 11 12 13 13 13 13 13 14 14 14 14 15 15 15 15 16 16 16
1 2 3 4 0 0 0 0 5 7 8 4 7 13 15 4 6 4 9 10 11 8 8 8 12 13 14 11 6 11 14 15 16 11 13 15 16 6 13 14 16 13 14 15
-72.29946458
pt-38S2-a
C H H H C H H H C H S H Pt Pt Pt
0 0 0 0 1 2 3 4 4 4 4 5 6 7 8 8 8 8 9 10 10 10 10 10 11 12 12 12 13 13 13 14 14 14
1 2 3 8 0 0 0 5 6 7 8 4 4 4 0 4 9 10 8 8 11 12 13 14 10 10 13 14 10 12 14 10 12 13
-62.25506844
cu-48S2-a
C H H Cu H C H H H C H C H Cu S Cu Cu
0 0 0 0 1 2 3 3 3 4 4 5 5 5 5 6 7 8 9 9 9 9 10 11 11 11 11 12 13 13 13 13 13 14 14 14 14 15 15 15 16 16 16 16
1 2 4 9 0 0 4 13 16 0 3 6 7 8 9 5 5 5 0 5 10 11 9 9 12 13 14 11 3 11 14 15 16 11 13 15 16 13 14 16 3 13 14 15
-71.04484984999999
ni-48S2-a
C H H Ni H C H H H C H C H Ni S Ni Ni
0 0 0 0 1 2 3 3 3 4 4 5 5 5 5 6 7 8 9 9 9 9 10 11 11 11 11 12 13 13 13 13 13 14 14 14 14 15 15 15 16 16 16 16
1 2 4 9 0 0 4 13 16 0 3 6 7 8 9 5 5 5 0 5 10 11 9 9 12 13 14 11 3 11 14 15 16 11 13 15 16 13 14 16 3 13 14 15
-72.01563288
zn-26S2-a
C H H H C H H H S Zn
0 0 0 0 1 2 3 4 4 4 4 5 6 7 8 8 8 9
1 2 3 8 0 0 0 5 6 7 8 4 4 4 0 4 9 8
-44.73245222
ni-4aS5-a
C H H H C H H C H H C H H H S Ni
0 0 0 0 1 2 3 4 4 4 4 5 6 7 7 7 7 8 9 10 10 10 10 11 12 13 14 14 14 15
1 2 3 4 0 0 0 0 5 6 14 4 4 8 9 10 14 7 7 7 11 12 13 10 10 10 4 7 15 14
-78.77887936999997
ir-24S1-a
C H H H C H Ir S Ir Ir
0 0 0 0 1 2 3 4 4 4 4 5 6 6 6 6 7 7 7 7 8 8 8 9 9 9
1 2 3 4 0 0 0 0 5 6 7 4 4 7 8 9 4 6 8 9 6 7 9 6 7 8
-39.15379328
cu-38S2-a
C H H H C H H H C H S H Cu Cu Cu Cu
0 0 0 0 1 2 3 4 4 4 4 5 6 7 8 8 8 8 9 10 10 10 10 10 10 11 12 12 12 13 13 13 13 14 14 14 15 15 15 15
1 2 3 8 0 0 0 5 6 7 8 4 4 4 0 4 9 10 8 8 11 12 13 14 15 10 10 13 15 10 12 14 15 10 13 15 10 12 13 14
-61.642129289999986
au-48S1-a
C H H H C H Au H C H H C H Au S Au Au
0 0 0 0 1 2 3 4 4 4 4 5 6 6 6 7 7 8 8 8 8 9 10 11 11 11 11 12 13 13 13 13 13 14 14 14 14 15 15 15 15 16 16 16
1 2 3 4 0 0 0 0 5 7 8 4 7 13 15 4 6 4 9 10 11 8 8 8 12 13 14 11 6 11 14 15 16 11 13 15 16 6 13 14 16 13 14 15
-70.42696223000002
pd-4aS3-a
C H H H Pd C H C H H C H H H S H Pd
0 0 0 0 1 2 3 4 4 5 5 5 5 6 6 7 7 7 7 8 9 10 10 10 10 11 12 13 14 14 14 15 16 16
1 2 3 5 0 0 0 6 16 0 6 7 14 4 5 5 8 9 10 7 7 7 11 12 13 10 10 10 5 15 16 14 4 14
-78.97283113
ru-36S2-a
Ru C H H H C H Ru H H C Ru S Ru Ru
0 0 0 1 1 1 1 2 2 3 4 5 5 5 5 6 7 7 7 8 8 9 10 10 10 10 11 11 11 11 11 11 12 12 12 12 13 13 13 13 14 14 14 14
2 11 14 2 3 4 10 0 1 1 1 6 8 9 10 5 8 11 13 5 7 5 1 5 11 12 0 7 10 12 13 14 10 11 13 14 7 11 12 14 0 11 12 13
-55.75159077000001
ni-24S1-a
C H H H C H Ni S Ni Ni
0 0 0 0 1 2 3 4 4 4 4 5 6 6 6 6 7 7 7 7 8 8 8 9 9 9
1 2 3 4 0 0 0 0 5 6 7 4 4 7 8 9 4 6 8 9 6 7 9 6 7 8
-38.78709592000001
au-38S2-a
C H H H C H H H C H S H Au
0 0 0 0 1 2 3 4 4 4 4 5 6 7 8 8 8 8 9 10 10 10 11 12
1 2 3 8 0 0 0 5 6 7 8 4 4 4 0 4 9 10 8 8 11 12 10 10
-61.62211713000002
ir-36S1-a
C H Ir H H C H H C H Ir S Ir Ir
0 0 0 0 1 2 2 2 3 3 4 5 5 5 5 6 7 8 8 8 8 9 10 10 10 10 10 11 11 11 11 12 12 12 12 13 13 13
1 3 4 5 0 3 10 12 0 2 0 0 6 7 8 5 5 5 9 10 11 8 2 8 11 12 13 8 10 12 13 2 10 11 13 10 11 12
-55.67748075999998
cd-36S2-a
C H H H C H H H C Cd S Cd Cd
0 0 0 0 1 2 3 4 4 4 4 5 6 7 8 8 8 8 9 9 9 9 10 10 10 10 11 11 11 12 12 12
1 2 3 8 0 0 0 5 6 7 8 4 4 4 0 4 9 10 8 10 11 12 8 9 11 12 9 10 12 9 10 11
-53.49863495
ru-4aS6-a
C H H H Ru C H H C H H C H H H S Ru
0 0 0 0 1 2 3 4 4 5 5 5 5 6 6 7 8 8 8 8 9 10 11 11 11 11 12 13 14 15 15 15 16 16
1 2 3 5 0 0 0 6 16 0 6 7 8 4 5 5 5 9 10 15 8 8 12 13 14 15 11 11 11 8 11 16 4 15
-78.92247120000002
ag-38S1-a
C H H H Ag C H H C H H S H Ag
0 0 0 0 1 2 3 4 4 5 5 5 5 6 6 7 8 8 8 8 9 10 11 11 11 12 13 13
1 2 3 5 0 0 0 6 13 0 6 7 8 4 5 5 5 9 10 11 8 8 8 12 13 11 4 11
-61.48992895000001
ir-4aS5-a
C H H Ir H C H H C H H C H H Ir H S Ir
0 0 0 0 1 2 3 3 4 4 5 5 5 5 6 7 8 8 8 8 9 10 11 11 11 11 12 13 14 14 15 15 16 16 16 17 17 17
1 2 4 5 0 0 4 17 0 3 0 6 7 16 5 5 9 10 11 16 8 8 8 12 13 15 11 11 15 17 11 14 5 8 17 3 14 16
-79.01838666999998
au-4aS3-a
C H H H C H C H H C H H H S H Au
0 0 0 0 1 2 3 4 4 4 4 5 6 6 6 6 7 8 9 9 9 9 10 11 12 13 13 13 14 15
1 2 3 4 0 0 0 0 5 6 13 4 4 7 8 9 6 6 6 10 11 12 9 9 9 4 14 15 13 13
-78.28727180000001
ru-4aS3-a
C H H H Ru C H C H H C H H H S H Ru
0 0 0 0 1 2 3 4 4 5 5 5 5 6 6 7 7 7 7 8 9 10 10 10 10 11 12 13 14 14 14 15 16 16
1 2 3 5 0 0 0 6 16 0 6 7 14 4 5 5 8 9 10 7 7 7 11 12 13 10 10 10 5 15 16 14 4 14
-78.83300122000003
ru-48S2-a
C H H Ru H C H H H C H C H Ru S Ru Ru
0 0 0 0 1 2 3 3 3 4 4 5 5 5 5 6 7 8 9 9 9 9 10 11 11 11 11 12 13 13 13 13 13 14 14 14 14 15 15 15 16 16 16 16
1 2 4 9 0 0 4 13 16 0 3 6 7 8 9 5 5 5 0 5 10 11 9 9 12 13 14 11 3 11 14 15 16 11 13 15 16 13 14 16 3 13 14 15
-72.34677439000001
ni-4aS1-a
C H H H C H H Ni C H H C H H S H Ni
0 0 0 0 1 2 3 4 4 4 4 5 6 7 7 8 8 8 8 9 9 10 11 11 11 11 12 13 14 14 14 15 16 16
1 2 3 4 0 0 0 0 5 6 8 4 4 9 16 4 9 10 11 7 8 8 8 12 13 14 11 11 11 15 16 14 7 14
-78.78106631999998
rh-48S2-a
C H H Rh H C H H H C H C H Rh S Rh Rh Rh
0 0 0 0 1 2 3 3 3 4 4 5 5 5 5 6 7 8 9 9 9 9 10 11 11 11 11 12 13 13 13 13 13 14 14 14 14 14 15 15 15 15 16 16 16 16 16 17 17 17
1 2 4 9 0 0 4 13 16 0 3 6 7 8 9 5 5 5 0 5 10 11 9 9 12 13 14 11 3 11 14 15 16 11 13 15 16 17 13 14 16 17 3 13 14 15 17 14 15 16
-72.29471294000001
ag-4aS1-a
C H H H C H H Ag C H H C H H S H Ag
0 0 0 0 1 2 3 4 4 4 4 5 6 7 7 8 8 8 8 9 9 10 11 11 11 11 12 13 14 14 14 15 16 16
1 2 3 4 0 0 0 0 5 6 8 4 4 9 16 4 9 10 11 7 8 8 8 12 13 14 11 11 11 15 16 14 7 14
-78.15386639000002
ir-14S1-a
C H H H S H Ir
0 0 0 0 1 2 3 4 4 4 5 6
1 2 3 4 0 0 0 0 5 6 4 4
-28.96840155999996
os-26S2-a
C H H H C H H H S Os
0 0 0 0 1 2 3 4 4 4 4 5 6 7 8 8 8 9
1 2 3 8 0 0 0 5 6 7 8 4 4 4 0 4 9 8
-45.804483960000084
cu-26S1-a
C H H H C H H S H Cu
0 0 0 0 1 2 3 4 4 4 4 5 6 7 7 7 8 9
1 2 3 4 0 0 0 0 5 6 7 4 4 4 8 9 7 7
-45.018218529999984
ag-38S3-a
C H H H C H H C H H H S Ag
0 0 0 0 1 2 3 4 4 4 4 5 6 7 7 7 7 8 9 10 11 11 11 12
1 2 3 4 0 0 0 0 5 6 11 4 4 8 9 10 11 7 7 7 4 7 12 11
-61.53886492000001
ir-48S2-a
C H H Ir H C H H H C H C H Ir S Ir Ir
0 0 0 0 1 2 3 3 3 4 4 5 5 5 5 6 7 8 9 9 9 9 10 11 11 11 11 12 13 13 13 13 13 14 14 14 14 15 15 15 16 16 16 16
1 2 4 9 0 0 4 13 16 0 3 6 7 8 9 5 5 5 0 5 10 11 9 9 12 13 14 11 3 11 14 15 16 11 13 15 16 13 14 16 3 13 14 15
-72.35318278999995
cu-4aS2-a
C H H H C H C H H C H H H S H Cu
0 0 0 0 1 2 3 4 4 4 4 5 6 6 6 6 7 8 9 9 9 9 10 11 12 13 13 13 14 15
1 2 3 4 0 0 0 0 5 6 13 4 4 7 8 9 6 6 6 10 11 12 9 9 9 4 14 15 13 13
-78.40617939
pt-36S1-a
C H Pt H H C H H C H Pt S Pt Pt
0 0 0 0 1 2 2 2 3 3 4 5 5 5 5 6 7 8 8 8 8 9 10 10 10 10 10 11 11 11 11 12 12 12 12 13 13 13
1 3 4 5 0 3 10 12 0 2 0 0 6 7 8 5 5 5 9 10 11 8 2 8 11 12 13 8 10 12 13 2 10 11 13 10 11 12
-55.506165650000014
au-4aS5-a
C H H H C H H C H H C H H H S Au
0 0 0 0 1 2 3 4 4 4 4 5 6 7 7 7 7 8 9 10 10 10 10 11 12 13 14 14 14 15
1 2 3 4 0 0 0 0 5 6 14 4 4 8 9 10 14 7 7 7 11 12 13 10 10 10 4 7 15 14
-78.28802321
au-4aS2-a
C H H H C H C H H C H H H S H Au
0 0 0 0 1 2 3 4 4 4 4 5 6 6 6 6 7 8 9 9 9 9 10 11 12 13 13 13 14 15
1 2 3 4 0 0 0 0 5 6 13 4 4 7 8 9 6 6 6 10 11 12 9 9 9 4 14 15 13 13
-78.31221257000001
pt-26S1-a
C H H H C H H S H Pt
0 0 0 0 1 2 3 4 4 4 4 5 6 7 7 7 8 9
1 2 3 4 0 0 0 0 5 6 7 4 4 4 8 9 7 7
-45.66461817999999
os-38S3-a
C H Os H H C H H C H H H S Os
0 0 0 0 1 2 2 3 3 4 5 5 5 5 6 7 8 8 8 8 9 10 11 12 12 12 13 13
1 3 4 5 0 3 13 0 2 0 0 6 7 12 5 5 9 10 11 12 8 8 8 5 8 13 2 12
-62.446261270000036
ni-4aS6-a
C H H H Ni C H H C H H C H H H S Ni
0 0 0 0 1 2 3 4 4 5 5 5 5 6 6 7 8 8 8 8 9 10 11 11 11 11 12 13 14 15 15 15 16 16
1 2 3 5 0 0 0 6 16 0 6 7 8 4 5 5 5 9 10 15 8 8 12 13 14 15 11 11 11 8 11 16 4 15
-78.83273445999998
os-24S1-a
C H H H C H Os S Os Os
0 0 0 0 1 2 3 4 4 4 4 5 6 6 6 6 7 7 7 7 8 8 8 9 9 9
1 2 3 4 0 0 0 0 5 6 7 4 4 7 8 9 4 6 8 9 6 7 9 6 7 8
-39.25259871000003
ir-4aS3-a
C H H H C H C H H C H H H S H Ir
0 0 0 0 1 2 3 4 4 4 4 5 6 6 6 6 7 8 9 9 9 9 10 11 12 13 13 13 14 15
1 2 3 4 0 0 0 0 5 6 13 4 4 7 8 9 6 6 6 10 11 12 9 9 9 4 14 15 13 13
-78.99741368999997
cu-48S3-a
C H H H Cu C H H C H H H C Cu S Cu Cu
0 0 0 0 1 2 3 4 4 4 5 5 5 5 6 6 7 8 8 8 8 9 10 11 12 12 12 12 13 13 13 13 13 14 14 14 14 15 15 15 16 16 16 16
1 2 3 5 0 0 0 6 13 16 0 6 7 12 4 5 5 9 10 11 12 8 8 8 5 8 13 14 4 12 14 15 16 12 13 15 16 13 14 16 4 13 14 15
-71.08214658
ir-38S1-a
C H H H Ir C H H C H H S H Ir
0 0 0 0 1 2 3 4 4 5 5 5 5 6 6 7 8 8 8 8 9 10 11 11 11 12 13 13
1 2 3 5 0 0 0 6 13 0 6 7 8 4 5 5 5 9 10 11 8 8 8 12 13 11 4 11
-62.316365289999965
cd-4aS2-a
C H H H C H C H H C H H H S H Cd
0 0 0 0 1 2 3 4 4 4 4 5 6 6 6 6 7 8 9 9 9 9 10 11 12 13 13 13 14 15
1 2 3 4 0 0 0 0 5 6 13 4 4 7 8 9 6 6 6 10 11 12 9 9 9 4 14 15 13 13
-77.95340827999999
ir-38S3-a
C H H H C H H C H H H S Ir
0 0 0 0 1 2 3 4 4 4 4 5 6 7 7 7 7 8 9 10 11 11 11 12
1 2 3 4 0 0 0 0 5 6 11 4 4 8 9 10 11 7 7 7 4 7 12 11
-62.39818895999997
ru-14S1-a
C H H H S H Ru
0 0 0 0 1 2 3 4 4 4 5 6
1 2 3 4 0 0 0 0 5 6 4 4
-28.837101200000006
pd-4aS5-a
C H H Pd H C H H C H H C H H Pd H S Pd
0 0 0 0 1 2 3 3 4 4 5 5 5 5 6 7 8 8 8 8 9 10 11 11 11 11 12 13 14 14 15 15 16 16 16 17 17 17
1 2 4 5 0 0 4 17 0 3 0 6 7 16 5 5 9 10 11 16 8 8 8 12 13 15 11 11 15 17 11 14 5 8 17 3 14 16
-79.00650290000002
pt-36S2-a
C H H H C H H H C Pt S Pt Pt
0 0 0 0 1 2 3 4 4 4 4 5 6 7 8 8 8 8 9 9 9 9 10 10 10 10 11 11 11 12 12 12
1 2 3 8 0 0 0 5 6 7 8 4 4 4 0 4 9 10 8 10 11 12 8 9 11 12 9 10 12 9 10 11
-55.75253500000002
os-38S1-a
C H H H Os C H H C H H S H Os
0 0 0 0 1 2 3 4 4 5 5 5 5 6 6 7 8 8 8 8 9 10 11 11 11 12 13 13
1 2 3 5 0 0 0 6 13 0 6 7 8 4 5 5 5 9 10 11 8 8 8 12 13 11 4 11
-62.3558887800001
ru-24S1-a
C H H H C H Ru S Ru Ru
0 0 0 0 1 2 3 4 4 4 4 5 6 6 6 6 7 7 7 7 8 8 8 9 9 9
1 2 3 4 0 0 0 0 5 6 7 4 4 7 8 9 4 6 8 9 6 7 9 6 7 8
-39.03804475999999
ag-48S3-a
C H H H Ag C H H C H H H C Ag S Ag Ag
0 0 0 0 1 2 3 4 4 4 5 5 5 5 6 6 7 8 8 8 8 9 10 11 12 12 12 12 13 13 13 13 13 14 14 14 14 15 15 15 16 16 16 16
1 2 3 5 0 0 0 6 13 16 0 6 7 12 4 5 5 9 10 11 12 8 8 8 5 8 13 14 4 12 14 15 16 12 13 15 16 13 14 16 4 13 14 15
-70.32134797
cd-36S1-a
C H H H C H H C H Cd S Cd Cd
0 0 0 0 1 2 3 4 4 4 4 5 6 7 7 7 7 8 9 9 9 10 10 10 11 11 11 12 12 12
1 2 3 4 0 0 0 0 5 6 7 4 4 4 8 9 10 7 7 11 12 7 11 12 9 10 12 9 10 11
-53.45356236
pt-24S1-a
C H H H C H Pt S Pt Pt
0 0 0 0 1 2 3 4 4 4 4 5 6 6 6 6 7 7 7 7 8 8 8 9 9 9
1 2 3 4 0 0 0 0 5 6 7 4 4 7 8 9 4 6 8 9 6 7 9 6 7 8
-39.03750738000002
pd-38S2-a
C H H H C H H H C H S H Pd Pd Pd Pd
0 0 0 0 1 2 3 4 4 4 4 5 6 7 8 8 8 8 9 10 10 10 10 10 10 11 12 12 12 13 13 13 13 14 14 14 15 15 15 15
1 2 3 8 0 0 0 5 6 7 8 4 4 4 0 4 9 10 8 8 11 12 13 14 15 10 10 13 15 10 12 14 15 10 13 15 10 12 13 14
-62.37262673000001
ru-4aS1-a
C H H H C H H Ru C H H C H H S H Ru
0 0 0 0 1 2 3 4 4 4 4 5 6 7 7 8 8 8 8 9 9 10 11 11 11 11 12 13 14 14 14 15 16 16
1 2 3 4 0 0 0 0 5 6 8 4 4 9 16 4 9 10 11 7 8 8 8 12 13 14 11 11 11 15 16 14 7 14
-78.84551435000003
pt-48S1-a
C H H H C H Pt H C H H C H Pt S Pt Pt
0 0 0 0 1 2 3 4 4 4 4 5 6 6 6 7 7 8 8 8 8 9 10 11 11 11 11 12 13 13 13 13 13 14 14 14 14 15 15 15 15 16 16 16
1 2 3 4 0 0 0 0 5 7 8 4 7 13 15 4 6 4 9 10 11 8 8 8 12 13 14 11 6 11 14 15 16 11 13 15 16 6 13 14 16 13 14 15
-72.17381898000002
cu-4aS6-a
C H H H Cu C H H C H H C H H H S Cu
0 0 0 0 1 2 3 4 4 5 5 5 5 6 6 7 8 8 8 8 9 10 11 11 11 11 12 13 14 15 15 15 16 16
1 2 3 5 0 0 0 6 16 0 6 7 8 4 5 5 5 9 10 15 8 8 12 13 14 15 11 11 11 8 11 16 4 15
-78.42593746
rh-4aS5-a
C H H Rh H C H H C H H C H H Rh H S Rh
0 0 0 0 1 2 3 3 4 4 5 5 5 5 6 7 8 8 8 8 9 10 11 11 11 11 12 13 14 14 15 15 16 16 16 17 17 17
1 2 4 5 0 0 4 17 0 3 0 6 7 16 5 5 9 10 11 16 8 8 8 12 13 15 11 11 15 17 11 14 5 8 17 3 14 16
-78.95184501
ru-38S3-a
C H H H C H H C H H H S Ru
0 0 0 0 1 2 3 4 4 4 4 5 6 7 7 7 7 8 9 10 11 11 11 12
1 2 3 4 0 0 0 0 5 6 11 4 4 8 9 10 11 7 7 7 4 7 12 11
-62.22004224
rh-48S3-a
C H H H Rh C H H C H H H C Rh S Rh Rh Rh
0 0 0 0 1 2 3 4 4 4 5 5 5 5 6 6 7 8 8 8 8 9 10 11 12 12 12 12 13 13 13 13 13 14 14 14 14 14 15 15 15 15 16 16 16 16 16 17 17 17
1 2 3 5 0 0 0 6 13 16 0 6 7 12 4 5 5 9 10 11 12 8 8 8 5 8 13 14 4 12 14 15 16 12 13 15 16 17 13 14 16 17 4 13 14 15 17 14 15 16
-72.37851913000003
pt-4aS3-a
C H H H C H C H H C H H H S H Pt
0 0 0 0 1 2 3 4 4 4 4 5 6 6 6 6 7 8 9 9 9 9 10 11 12 13 13 13 14 15
1 2 3 4 0 0 0 0 5 6 13 4 4 7 8 9 6 6 6 10 11 12 9 9 9 4 14 15 13 13
-79.05435786999999
pd-38S3-a
C H H H C H H C H H H S Pd
0 0 0 0 1 2 3 4 4 4 4 5 6 7 7 7 7 8 9 10 11 11 11 12
1 2 3 4 0 0 0 0 5 6 11 4 4 8 9 10 11 7 7 7 4 7 12 11
-62.35272917
rh-4aS2-a
C H H H C H C H H C H H H S H Rh
0 0 0 0 1 2 3 4 4 4 4 5 6 6 6 6 7 8 9 9 9 9 10 11 12 13 13 13 14 15
1 2 3 4 0 0 0 0 5 6 13 4 4 7 8 9 6 6 6 10 11 12 9 9 9 4 14 15 13 13
-78.93410699999998
ir-4aS4-a
C H H H C H H H C H H H S H C Ir
0 0 0 0 1 2 3 4 4 4 4 5 6 7 8 8 8 8 9 10 11 12 12 12 13 14 14 14 14 15
1 2 3 14 0 0 0 5 6 7 14 4 4 4 9 10 11 14 8 8 8 13 14 15 12 0 4 8 12 12
-79.00157858999995
pt-38S3-a
C H H H C H H C H H H S Pt
0 0 0 0 1 2 3 4 4 4 4 5 6 7 7 7 7 8 9 10 11 11 11 12
1 2 3 4 0 0 0 0 5 6 11 4 4 8 9 10 11 7 7 7 4 7 12 11
-62.45537626999999
os-14S1-a
C H H H S H Os
0 0 0 0 1 2 3 4 4 4 5 6
1 2 3 4 0 0 0 0 5 6 4 4
-29.00273474000005
rh-14S1-a
C H H H S H Rh
0 0 0 0 1 2 3 4 4 4 5 6
1 2 3 4 0 0 0 0 5 6 4 4
-28.898032790000002
cd-38S2-a
C H H H C H H H C H S H
0 0 0 0 1 2 3 4 4 4 4 5 6 7 8 8 8 8 9 10 10 11
1 2 3 8 0 0 0 5 6 7 8 4 4 4 0 4 9 10 8 8 11 10
-61.188663010000006
rh-26S1-a
C H H H C H H S H Rh
0 0 0 0 1 2 3 4 4 4 4 5 6 7 7 7 8 9
1 2 3 4 0 0 0 0 5 6 7 4 4 4 8 9 7 7
-45.56569241
cu-38S1-a
C H H H Cu C H H C H H S H Cu
0 0 0 0 1 2 3 4 4 5 5 5 5 6 6 7 8 8 8 8 9 10 11 11 11 12 13 13
1 2 3 5 0 0 0 6 13 0 6 7 8 4 5 5 5 9 10 11 8 8 8 12 13 11 4 11
-61.694639980000005
pd-38S1-a
C H H H Pd C H H C H H S H Pd
0 0 0 0 1 2 3 4 4 5 5 5 5 6 6 7 8 8 8 8 9 10 11 11 11 12 13 13
1 2 3 5 0 0 0 6 13 0 6 7 8 4 5 5 5 9 10 11 8 8 8 12 13 11 4 11
-62.27789998
zn-36S1-a
C H H H C H H C H Zn S Zn Zn
0 0 0 0 1 2 3 4 4 4 4 5 6 7 7 7 7 8 9 9 9 10 10 10 11 11 11 12 12 12
1 2 3 4 0 0 0 0 5 6 7 4 4 4 8 9 10 7 7 11 12 7 11 12 9 10 12 9 10 11
-53.66798942999999
au-4aS4-a
C H H H C H H H C H H H S H C Au
0 0 0 0 1 2 3 4 4 4 4 5 6 7 8 8 8 8 9 10 11 12 12 12 13 14 14 14 14 15
1 2 3 14 0 0 0 5 6 7 14 4 4 4 9 10 11 14 8 8 8 13 14 15 12 0 4 8 12 12
-78.30048346000001
au-4aS1-a
C H H H C H H C H H C H H S H Au
0 0 0 0 1 2 3 4 4 4 4 5 6 7 7 7 7 8 9 10 10 10 10 11 12 13 13 13 14 15
1 2 3 4 0 0 0 0 5 6 7 4 4 4 8 9 10 7 7 7 11 12 13 10 10 10 14 15 13 13
-78.26355949
ag-4aS2-a
C H H H C H C H H C H H H S H Ag
0 0 0 0 1 2 3 4 4 4 4 5 6 6 6 6 7 8 9 9 9 9 10 11 12 13 13 13 14 15
1 2 3 4 0 0 0 0 5 6 13 4 4 7 8 9 6 6 6 10 11 12 9 9 9 4 14 15 13 13
-78.21391541
cd-38S3-a
C H H H C H H C H H H S Cd
0 0 0 0 1 2 3 4 4 4 4 5 6 7 7 7 7 8 9 10 11 11 11 12
1 2 3 4 0 0 0 0 5 6 11 4 4 8 9 10 11 7 7 7 4 7 12 11
-61.28761615
pt-14S1-a
C H H H S H Pt
0 0 0 0 1 2 3 4 4 4 5 6
1 2 3 4 0 0 0 0 5 6 4 4
-28.992868680000015
pd-4aS4-a
C H Pd H H C H H H Pd C H H H S H C Pd
0 0 0 0 1 2 2 2 3 3 4 5 5 5 5 6 7 8 9 9 9 10 10 10 10 11 11 12 13 14 14 14 15 16 16 16 16 17 17 17
1 3 4 16 0 3 9 17 0 2 0 6 7 8 16 5 5 5 2 11 17 11 12 13 16 9 10 10 10 15 16 17 14 0 5 10 14 2 9 14
-79.0291096
rh-36S1-a
C H Rh H H C H H C H Rh S Rh Rh Rh
0 0 0 0 1 2 2 2 3 3 4 5 5 5 5 6 7 8 8 8 8 9 10 10 10 10 10 11 11 11 11 11 12 12 12 13 13 13 13 13 14 14 14 14
1 3 4 5 0 3 10 13 0 2 0 0 6 7 8 5 5 5 9 10 11 8 2 8 11 13 14 8 10 12 13 14 11 13 14 2 10 11 12 14 10 11 12 13
-55.624513579999984
os-4aS4-a
C H Os H H C H H H C H H H S H C Os
0 0 0 0 1 2 2 3 3 4 5 5 5 5 6 7 8 9 9 9 9 10 11 12 13 13 13 14 15 15 15 15 16 16
1 3 4 15 0 3 16 0 2 0 6 7 8 15 5 5 5 10 11 12 15 9 9 9 14 15 16 13 0 5 9 13 2 13
-79.03358197
ag-26S1-a
C H H H C H H S H Ag
0 0 0 0 1 2 3 4 4 4 4 5 6 7 7 7 8 9
1 2 3 4 0 0 0 0 5 6 7 4 4 4 8 9 7 7
-44.82277690000001
ni-12S1-a
C H H Ni S Ni Ni
0 0 0 0 1 2 3 3 3 3 4 4 4 4 5 5 5 6 6 6
1 2 3 4 0 0 0 4 5 6 0 3 5 6 3 4 6 3 4 5
-22.061845790000007
ag-48S2-a
C H H Ag H C H H H C H C H Ag S Ag Ag
0 0 0 0 1 2 3 3 3 4 4 5 5 5 5 6 7 8 9 9 9 9 10 11 11 11 11 12 13 13 13 13 13 14 14 14 14 15 15 15 16 16 16 16
1 2 4 9 0 0 4 13 16 0 3 6 7 8 9 5 5 5 0 5 10 11 9 9 12 13 14 11 3 11 14 15 16 11 13 15 16 13 14 16 3 13 14 15
-70.30488321000001
os-38S2-a
C H H H C H H H C H S H Os Os Os Os
0 0 0 0 1 2 3 4 4 4 4 5 6 7 8 8 8 8 9 10 10 10 10 10 10 11 12 12 12 13 13 13 13 14 14 14 15 15 15 15
1 2 3 8 0 0 0 5 6 7 8 4 4 4 0 4 9 10 8 8 11 12 13 14 15 10 10 13 15 10 12 14 15 10 13 15 10 12 13 14
-62.57775322000009
zn-48S1-a
C H H H C H H C H H C H Zn S Zn Zn
0 0 0 0 1 2 3 4 4 4 4 5 6 7 7 7 7 8 9 10 10 10 10 11 12 12 12 13 13 13 14 14 14 15 15 15
1 2 3 4 0 0 0 0 5 6 7 4 4 4 8 9 10 7 7 7 11 12 13 10 10 14 15 10 14 15 12 13 15 12 13 14
-70.30346386
zn-38S3-a
C H H H C H H C H H H S Zn
0 0 0 0 1 2 3 4 4 4 4 5 6 7 7 7 7 8 9 10 11 11 11 12
1 2 3 4 0 0 0 0 5 6 11 4 4 8 9 10 11 7 7 7 4 7 12 11
-61.37803835
zn-4aS2-a
C H H H C H C H H C H H H S H Zn
0 0 0 0 1 2 3 4 4 4 4 5 6 6 6 6 7 8 9 9 9 9 10 11 12 13 13 13 14 15
1 2 3 4 0 0 0 0 5 6 13 4 4 7 8 9 6 6 6 10 11 12 9 9 9 4 14 15 13 13
-78.02890681
zn-4aS1-a
C H H H C H H C H H C H H S H Zn
0 0 0 0 1 2 3 4 4 4 4 5 6 7 7 7 7 8 9 10 10 10 10 11 12 13 13 13 14 15
1 2 3 4 0 0 0 0 5 6 7 4 4 4 8 9 10 7 7 7 11 12 13 10 10 10 14 15 13 13
-77.97172907000001
cu-38S3-a
C H H H C H H C H H H S Cu
0 0 0 0 1 2 3 4 4 4 4 5 6 7 7 7 7 8 9 10 11 11 11 12
1 2 3 4 0 0 0 0 5 6 11 4 4 8 9 10 11 7 7 7 4 7 12 11
-61.749983060000005
zn-4aS3-a
C H H H C H C H H C H H H S H Zn
0 0 0 0 1 2 3 4 4 4 4 5 6 6 6 6 7 8 9 9 9 9 10 11 12 13 13 13 14 15
1 2 3 4 0 0 0 0 5 6 13 4 4 7 8 9 6 6 6 10 11 12 9 9 9 4 14 15 13 13
-78.00098933000001
rh-38S1-a
C H H H Rh C H H C H H S H Rh
0 0 0 0 1 2 3 4 4 5 5 5 5 6 6 7 8 8 8 8 9 10 11 11 11 12 13 13
1 2 3 5 0 0 0 6 13 0 6 7 8 4 5 5 5 9 10 11 8 8 8 12 13 11 4 11
-62.25031863999999
ag-36S2-a
C H H H C H H H C Ag S Ag Ag
0 0 0 0 1 2 3 4 4 4 4 5 6 7 8 8 8 8 9 9 9 9 10 10 10 10 11 11 11 12 12 12
1 2 3 8 0 0 0 5 6 7 8 4 4 4 0 4 9 10 8 10 11 12 8 9 11 12 9 10 12 9 10 11
-53.71744093000001
cd-4aS4-a
C H H H C H H H C H H H S H C Cd
0 0 0 0 1 2 3 4 4 4 4 5 6 7 8 8 8 8 9 10 11 12 12 12 13 14 14 14 14 15
1 2 3 14 0 0 0 5 6 7 14 4 4 4 9 10 11 14 8 8 8 13 14 15 12 0 4 8 12 12
-77.87106263000001
pt-48S3-a
C H H H Pt C H H C H H H C Pt S Pt Pt
0 0 0 0 1 2 3 4 4 4 5 5 5 5 6 6 7 8 8 8 8 9 10 11 12 12 12 12 13 13 13 13 13 14 14 14 14 15 15 15 16 16 16 16
1 2 3 5 0 0 0 6 13 16 0 6 7 12 4 5 5 9 10 11 12 8 8 8 5 8 13 14 4 12 14 15 16 12 13 15 16 13 14 16 4 13 14 15
-72.26580100000001
ag-24S1-a
C H H H C H Ag S Ag Ag
0 0 0 0 1 2 3 4 4 4 4 5 6 6 6 6 7 7 7 7 8 8 8 9 9 9
1 2 3 4 0 0 0 0 5 6 7 4 4 7 8 9 4 6 8 9 6 7 9 6 7 8
-37.05142341999999
au-26S1-a
C H H H C H H S H Au
0 0 0 0 1 2 3 4 4 4 4 5 6 7 7 7 8 9
1 2 3 4 0 0 0 0 5 6 7 4 4 4 8 9 7 7
-44.906971450000015
zn-26S1-a
C H H H C H H S H Zn
0 0 0 0 1 2 3 4 4 4 4 5 6 7 7 7 8 9
1 2 3 4 0 0 0 0 5 6 7 4 4 4 8 9 7 7
-44.63636251
zn-48S2-a
C H H H C H H H C H C H Zn S Zn Zn
0 0 0 0 1 2 3 4 4 4 4 5 6 7 8 8 8 8 9 10 10 10 10 11 12 12 12 13 13 13 14 14 14 15 15 15
1 2 3 8 0 0 0 5 6 7 8 4 4 4 0 4 9 10 8 8 11 12 13 10 10 14 15 10 14 15 12 13 15 12 13 14
-70.33598413
ag-4aS6-a
C H H H Ag C H H C H H C H H H S Ag
0 0 0 0 1 2 3 4 4 5 5 5 5 6 6 7 8 8 8 8 9 10 11 11 11 11 12 13 14 15 15 15 16 16
1 2 3 5 0 0 0 6 16 0 6 7 8 4 5 5 5 9 10 15 8 8 12 13 14 15 11 11 11 8 11 16 4 15
-78.19783508
ag-4aS5-a
C H H H C H H C H H C H H H S Ag
0 0 0 0 1 2 3 4 4 4 4 5 6 7 7 7 7 8 9 10 10 10 10 11 12 13 14 14 14 15
1 2 3 4 0 0 0 0 5 6 14 4 4 8 9 10 14 7 7 7 11 12 13 10 10 10 4 7 15 14
-78.15883463
ni-4aS2-a
C H H H C H C H H C H H H S H Ni
0 0 0 0 1 2 3 4 4 4 4 5 6 6 6 6 7 8 9 9 9 9 10 11 12 13 13 13 14 15
1 2 3 4 0 0 0 0 5 6 13 4 4 7 8 9 6 6 6 10 11 12 9 9 9 4 14 15 13 13
-78.77614541999998
os-48S3-a
C H H H Os C H H C H H H C Os S Os Os
0 0 0 0 1 2 3 4 4 4 5 5 5 5 6 6 7 8 8 8 8 9 10 11 12 12 12 12 13 13 13 13 13 14 14 14 14 15 15 15 16 16 16 16
1 2 3 5 0 0 0 6 13 16 0 6 7 12 4 5 5 9 10 11 12 8 8 8 5 8 13 14 4 12 14 15 16 12 13 15 16 13 14 16 4 13 14 15
-72.64227864000009
ir-4aS2-a
C H H H C H C H H C H H H S H Ir
0 0 0 0 1 2 3 4 4 4 4 5 6 6 6 6 7 8 9 9 9 9 10 11 12 13 13 13 14 15
1 2 3 4 0 0 0 0 5 6 13 4 4 7 8 9 6 6 6 10 11 12 9 9 9 4 14 15 13 13
-79.00455534999998
pt-26S2-a
C H H H C H H H S Pt
0 0 0 0 1 2 3 4 4 4 4 5 6 7 8 8 8 9
1 2 3 8 0 0 0 5 6 7 8 4 4 4 0 4 9 8
-45.80905223000002
ir-38S2-a
C H H H C H H H C H S H Ir Ir Ir Ir
0 0 0 0 1 2 3 4 4 4 4 5 6 7 8 8 8 8 9 10 10 10 10 10 10 11 12 12 12 13 13 13 13 14 14 14 15 15 15 15
1 2 3 8 0 0 0 5 6 7 8 4 4 4 0 4 9 10 8 8 11 12 13 14 15 10 10 13 15 10 12 14 15 10 13 15 10 12 13 14
-62.25805380999998
au-14S1-a
C H H H S H Au
0 0 0 0 1 2 3 4 4 4 5 6
1 2 3 4 0 0 0 0 5 6 4 4
-28.249769549999996
ru-38S1-a
C H H H Ru C H H C H H S H Ru
0 0 0 0 1 2 3 4 4 5 5 5 5 6 6 7 8 8 8 8 9 10 11 11 11 12 13 13
1 2 3 5 0 0 0 6 13 0 6 7 8 4 5 5 5 9 10 11 8 8 8 12 13 11 4 11
-62.17117840000003
cu-14S1-a
C H H H S H Cu
0 0 0 0 1 2 3 4 4 4 5 6
1 2 3 4 0 0 0 0 5 6 4 4
-28.361322970000003
pd-12S1-a
C H H Pd S Pd Pd
0 0 0 0 1 2 3 3 3 3 4 4 4 4 5 5 5 6 6 6
1 2 3 4 0 0 0 4 5 6 0 3 5 6 3 4 6 3 4 5
-22.163634510000037
au-4aS6-a
C H H H C H H C H H C H H H S Au
0 0 0 0 1 2 3 4 4 4 4 5 6 7 7 7 7 8 9 10 10 10 10 11 12 13 14 14 14 15
1 2 3 4 0 0 0 0 5 6 7 4 4 4 8 9 14 7 7 11 12 13 14 10 10 10 7 10 15 14
-78.33445528000001
ni-14S1-a
C H H H S H Ni
0 0 0 0 1 2 3 4 4 4 5 6
1 2 3 4 0 0 0 0 5 6 4 4
-28.72400203000001
pd-14S1-a
C H H H S H Pd
0 0 0 0 1 2 3 4 4 4 5 6
1 2 3 4 0 0 0 0 5 6 4 4
-28.892604369999987
cu-4aS4-a
C H H H C H H H C H H H S H C Cu
0 0 0 0 1 2 3 4 4 4 4 5 6 7 8 8 8 8 9 10 11 12 12 12 13 14 14 14 14 15
1 2 3 14 0 0 0 5 6 7 14 4 4 4 9 10 11 14 8 8 8 13 14 15 12 0 4 8 12 12
-78.40607173999999
ni-48S3-a
C H H H Ni C H H C H H H C Ni S Ni Ni
0 0 0 0 1 2 3 4 4 4 5 5 5 5 6 6 7 8 8 8 8 9 10 11 12 12 12 12 13 13 13 13 13 14 14 14 14 15 15 15 16 16 16 16
1 2 3 5 0 0 0 6 13 16 0 6 7 12 4 5 5 9 10 11 12 8 8 8 5 8 13 14 4 12 14 15 16 12 13 15 16 13 14 16 4 13 14 15
-72.08398616
cd-4aS3-a
C H H H C H C H H C H H H S H Cd
0 0 0 0 1 2 3 4 4 4 4 5 6 6 6 6 7 8 9 9 9 9 10 11 12 13 13 13 14 15
1 2 3 4 0 0 0 0 5 6 13 4 4 7 8 9 6 6 6 10 11 12 9 9 9 4 14 15 13 13
-77.92426857000001
pd-4aS2-a
C H H H C H C H H C H H H S H Pd
0 0 0 0 1 2 3 4 4 4 4 5 6 6 6 6 7 8 9 9 9 9 10 11 12 13 13 13 14 15
1 2 3 4 0 0 0 0 5 6 13 4 4 7 8 9 6 6 6 10 11 12 9 9 9 4 14 15 13 13
-78.98785046999998
ru-4aS5-a
C H H Ru H C H H C H H C H H Ru H S Ru
0 0 0 0 1 2 3 3 4 4 5 5 5 5 6 7 8 8 8 8 9 10 11 11 11 11 12 13 14 14 15 15 16 16 16 17 17 17
1 2 4 5 0 0 4 17 0 3 0 6 7 16 5 5 9 10 11 16 8 8 8 12 13 15 11 11 15 17 11 14 5 8 17 3 14 16
-78.83461016000001
cd-24S1-a
C H H H C H Cd S Cd Cd
0 0 0 0 1 2 3 4 4 4 4 5 6 6 6 6 7 7 7 7 8 8 8 9 9 9
1 2 3 4 0 0 0 0 5 6 7 4 4 7 8 9 4 6 8 9 6 7 9 6 7 8
-36.83643465000001
zn-36S2-a
C H H H C H H H C Zn S Zn Zn
0 0 0 0 1 2 3 4 4 4 4 5 6 7 8 8 8 8 9 9 9 9 10 10 10 10 11 11 11 12 12 12
1 2 3 8 0 0 0 5 6 7 8 4 4 4 0 4 9 10 8 10 11 12 8 9 11 12 9 10 12 9 10 11
-53.82050414999999
pd-48S1-a
C H H H C H Pd H C H H C H Pd S Pd Pd
0 0 0 0 1 2 3 4 4 4 4 5 6 6 6 7 7 8 8 8 8 9 10 11 11 11 11 12 13 13 13 13 13 14 14 14 14 15 15 15 15 16 16 16
1 2 3 4 0 0 0 0 5 7 8 4 7 13 15 4 6 4 9 10 11 8 8 8 12 13 14 11 6 11 14 15 16 11 13 15 16 6 13 14 16 13 14 15
-72.12404638000001
pd-36S1-a
C H Pd H H C H H C H Pd S Pd Pd
0 0 0 0 1 2 2 2 3 3 4 5 5 5 5 6 7 8 8 8 8 9 10 10 10 10 10 11 11 11 11 12 12 12 12 13 13 13
1 3 4 5 0 3 10 12 0 2 0 0 6 7 8 5 5 5 9 10 11 8 2 8 11 12 13 8 10 12 13 2 10 11 13 10 11 12
-55.46277124000002
pt-4aS5-a
C H H Pt H C H H C H H C H H H S Pt
0 0 0 0 1 2 3 3 4 4 5 5 5 5 6 7 8 8 8 8 9 10 11 11 11 11 12 13 14 15 15 15 16 16
1 2 4 5 0 0 4 16 0 3 0 6 7 15 5 5 9 10 11 15 8 8 8 12 13 14 11 11 11 5 8 16 3 15
-79.09295702000003
rh-38S2-a
C H H H C H H H C H S H Rh Rh Rh Rh
0 0 0 0 1 2 3 4 4 4 4 5 6 7 8 8 8 8 9 10 10 10 10 10 10 11 12 12 12 13 13 13 13 14 14 14 15 15 15 15
1 2 3 8 0 0 0 5 6 7 8 4 4 4 0 4 9 10 8 8 11 12 13 14 15 10 10 13 15 10 12 14 15 10 13 15 10 12 13 14
-62.408920920000014
ir-48S3-a
C H H H Ir C H H C H H H C Ir S Ir Ir
0 0 0 0 1 2 3 4 4 4 5 5 5 5 6 6 7 8 8 8 8 9 10 11 12 12 12 12 13 13 13 13 13 14 14 14 14 15 15 15 16 16 16 16
1 2 3 5 0 0 0 6 13 16 0 6 7 12 4 5 5 9 10 11 12 8 8 8 5 8 13 14 4 12 14 15 16 12 13 15 16 13 14 16 4 13 14 15
-72.44112568999998
ni-48S1-a
C H H H C H Ni H C H H C H Ni S Ni Ni
0 0 0 0 1 2 3 4 4 4 4 5 6 6 6 7 7 8 8 8 8 9 10 11 11 11 11 12 13 13 13 13 13 14 14 14 14 15 15 15 15 16 16 16
1 2 3 4 0 0 0 0 5 7 8 4 7 13 15 4 6 4 9 10 11 8 8 8 12 13 14 11 6 11 14 15 16 11 13 15 16 6 13 14 16 13 14 15
-72.01586241000001
os-4aS2-a
C H H H C H C H H C H H H S H Os
0 0 0 0 1 2 3 4 4 4 4 5 6 6 6 6 7 8 9 9 9 9 10 11 12 13 13 13 14 15
1 2 3 4 0 0 0 0 5 6 13 4 4 7 8 9 6 6 6 10 11 12 9 9 9 4 14 15 13 13
-79.0110140600001
ru-48S1-a
C H H H C H Ru H C H H C H Ru S Ru Ru
0 0 0 0 1 2 3 4 4 4 4 5 6 6 6 7 7 8 8 8 8 9 10 11 11 11 11 12 13 13 13 13 13 14 14 14 14 15 15 15 15 16 16 16
1 2 3 4 0 0 0 0 5 7 8 4 7 13 15 4 6 4 9 10 11 8 8 8 12 13 14 11 6 11 14 15 16 11 13 15 16 6 13 14 16 13 14 15
-72.36295795000001
ir-4aS1-a
C H H H C H H Ir C H H C H H S H Ir
0 0 0 0 1 2 3 4 4 4 4 5 6 7 7 8 8 8 8 9 9 10 11 11 11 11 12 13 14 14 14 15 16 16
1 2 3 4 0 0 0 0 5 6 8 4 4 9 16 4 9 10 11 7 8 8 8 12 13 14 11 11 11 15 16 14 7 14
-79.00574544
ni-26S1-a
C H H H C H H S H Ni
0 0 0 0 1 2 3 4 4 4 4 5 6 7 7 7 8 9
1 2 3 4 0 0 0 0 5 6 7 4 4 4 8 9 7 7
-45.397055569999964
pt-4aS1-a
C H H H C H H Pt C H H C H H S H Pt
0 0 0 0 1 2 3 4 4 4 4 5 6 7 7 8 8 8 8 9 9 10 11 11 11 11 12 13 14 14 14 15 16 16
1 2 3 4 0 0 0 0 5 6 8 4 4 9 16 4 9 10 11 7 8 8 8 12 13 14 11 11 11 15 16 14 7 14
-79.05165043
pd-26S2-a
C H H H C H H H S Pd
0 0 0 0 1 2 3 4 4 4 4 5 6 7 8 8 8 9
1 2 3 8 0 0 0 5 6 7 8 4 4 4 0 4 9 8
-45.67721242000002
pt-48S2-a
C H H Pt H C H H H C H C H Pt S Pt Pt
0 0 0 0 1 2 3 3 3 4 4 5 5 5 5 6 7 8 9 9 9 9 10 11 11 11 11 12 13 13 13 13 13 14 14 14 14 15 15 15 16 16 16 16
1 2 4 9 0 0 4 13 16 0 3 6 7 8 9 5 5 5 0 5 10 11 9 9 12 13 14 11 3 11 14 15 16 11 13 15 16 13 14 16 3 13 14 15
-72.18055112000002
ag-26S2-a
C H H H C H H H S Ag
0 0 0 0 1 2 3 4 4 4 4 5 6 7 8 8 8 9
1 2 3 8 0 0 0 5 6 7 8 4 4 4 0 4 9 8
-44.890619189999995
os-4aS6-a
C H H H Os C H H C H H C H H H S Os
0 0 0 0 1 2 3 4 4 5 5 5 5 6 6 7 8 8 8 8 9 10 11 11 11 11 12 13 14 15 15 15 16 16
1 2 3 5 0 0 0 6 16 0 6 7 8 4 5 5 5 9 10 15 8 8 12 13 14 15 11 11 11 8 11 16 4 15
-79.13785394000001
os-48S2-a
C H H Os H C H H H C H C H Os S Os Os
0 0 0 0 1 2 3 3 3 4 4 5 5 5 5 6 7 8 9 9 9 9 10 11 11 11 11 12 13 13 13 13 13 14 14 14 14 15 15 15 16 16 16 16
1 2 4 9 0 0 4 13 16 0 3 6 7 8 9 5 5 5 0 5 10 11 9 9 12 13 14 11 3 11 14 15 16 11 13 15 16 13 14 16 3 13 14 15
-72.5503679300001
ni-38S1-a
C H H H C H H C H H S H Ni
0 0 0 0 1 2 3 4 4 4 4 5 6 7 7 7 7 8 9 10 10 10 11 12
1 2 3 4 0 0 0 0 5 6 7 4 4 4 8 9 10 7 7 7 11 12 10 10
-62.082008169999995
pt-12S1-a
C H H Pt S Pt Pt
0 0 0 0 1 2 3 3 3 3 4 4 4 4 5 5 5 6 6 6
1 2 3 4 0 0 0 4 5 6 0 3 5 6 3 4 6 3 4 5
-22.288111609999987
zn-38S1-a
C H H H C H H C H H S H Zn
0 0 0 0 1 2 3 4 4 4 4 5 6 7 7 7 7 8 9 10 10 10 11 12
1 2 3 4 0 0 0 0 5 6 7 4 4 4 8 9 10 7 7 7 11 12 10 10
-61.30847136999999
cu-4aS3-a
C H H H C H C H H C H H H S H Cu
0 0 0 0 1 2 3 4 4 4 4 5 6 6 6 6 7 8 9 9 9 9 10 11 12 13 13 13 14 15
1 2 3 4 0 0 0 0 5 6 13 4 4 7 8 9 6 6 6 10 11 12 9 9 9 4 14 15 13 13
-78.38374764
ag-36S1-a
C H Ag H H C H H C H Ag S Ag Ag
0 0 0 0 1 2 2 2 3 3 4 5 5 5 5 6 7 8 8 8 8 9 10 10 10 10 10 11 11 11 11 12 12 12 12 13 13 13
1 3 4 5 0 3 10 12 0 2 0 0 6 7 8 5 5 5 9 10 11 8 2 8 11 12 13 8 10 12 13 2 10 11 13 10 11 12
-53.64931437000001
ru-26S1-a
C H H H C H H S H Ru
0 0 0 0 1 2 3 4 4 4 4 5 6 7 7 7 8 9
1 2 3 4 0 0 0 0 5 6 7 4 4 4 8 9 7 7
-45.48464326999999
ir-36S2-a
C H H H C H H H C Ir S Ir Ir
0 0 0 0 1 2 3 4 4 4 4 5 6 7 8 8 8 8 9 9 9 9 10 10 10 10 11 11 11 12 12 12
1 2 3 8 0 0 0 5 6 7 8 4 4 4 0 4 9 10 8 10 11 12 8 9 11 12 9 10 12 9 10 11
-55.85560404
cd-48S1-a
C H H H C H H C H H C H Cd S Cd Cd
0 0 0 0 1 2 3 4 4 4 4 5 6 7 7 7 7 8 9 10 10 10 10 11 12 12 12 13 13 13 14 14 14 15 15 15
1 2 3 4 0 0 0 0 5 6 7 4 4 4 8 9 10 7 7 7 11 12 13 10 10 14 15 10 14 15 12 13 15 12 13 14
-70.08505840000001
au-48S3-a
C H H H C H H C H H H C Au S Au Au
0 0 0 0 1 2 3 4 4 4 4 5 6 7 7 7 7 8 9 10 11 11 11 11 12 12 12 12 13 13 13 13 14 14 14 15 15 15
1 2 3 4 0 0 0 0 5 6 11 4 4 8 9 10 11 7 7 7 4 7 12 13 11 13 14 15 11 12 14 15 12 13 15 12 13 14
-70.47762838
pd-48S2-a
C H H Pd H C H H H C H C H Pd S Pd Pd
0 0 0 0 1 2 3 3 3 4 4 5 5 5 5 6 7 8 9 9 9 9 10 11 11 11 11 12 13 13 13 13 13 14 14 14 14 15 15 15 16 16 16 16
1 2 4 9 0 0 4 13 16 0 3 6 7 8 9 5 5 5 0 5 10 11 9 9 12 13 14 11 3 11 14 15 16 11 13 15 16 13 14 16 3 13 14 15
-72.13539709
os-36S2-a
C H H H C H Os H H C Os S Os Os
0 0 0 0 1 2 3 4 4 4 4 5 6 6 6 7 7 8 9 9 9 9 10 10 10 10 10 11 11 11 11 12 12 12 12 13 13 13
1 2 3 9 0 0 0 5 7 8 9 4 7 10 12 4 6 4 0 4 10 11 6 9 11 12 13 9 10 12 13 6 10 11 13 10 11 12
-55.98197799000002
au-36S2-a
C H H H C H H H C Au S Au Au
0 0 0 0 1 2 3 4 4 4 4 5 6 7 8 8 8 8 9 9 9 9 10 10 10 10 11 11 11 12 12 12
1 2 3 8 0 0 0 5 6 7 8 4 4 4 0 4 9 10 8 10 11 12 8 9 11 12 9 10 12 9 10 11
-53.93524635
rh-4aS3-a
C H H H Rh C H C H H C H H H S H Rh
0 0 0 0 1 2 3 4 4 5 5 5 5 6 6 7 7 7 7 8 9 10 10 10 10 11 12 13 14 14 14 15 16 16
1 2 3 5 0 0 0 6 16 0 6 7 14 4 5 5 8 9 10 7 7 7 11 12 13 10 10 10 5 15 16 14 4 14
-78.92663419000002
ag-48S1-a
C H H H C H Ag H C H H C H Ag S Ag Ag
0 0 0 0 1 2 3 4 4 4 4 5 6 6 6 7 7 8 8 8 8 9 10 11 11 11 11 12 13 13 13 13 13 14 14 14 14 15 15 15 15 16 16 16
1 2 3 4 0 0 0 0 5 7 8 4 7 13 15 4 6 4 9 10 11 8 8 8 12 13 14 11 6 11 14 15 16 11 13 15 16 6 13 14 16 13 14 15
-70.29843260000001
ni-36S1-a
C H Ni H H C H H C H Ni S Ni Ni
0 0 0 0 1 2 2 2 3 3 4 5 5 5 5 6 7 8 8 8 8 9 10 10 10 10 10 11 11 11 11 12 12 12 12 13 13 13
1 3 4 5 0 3 10 12 0 2 0 0 6 7 8 5 5 5 9 10 11 8 2 8 11 12 13 8 10 12 13 2 10 11 13 10 11 12
-55.34221188999999
zn-48S3-a
C H H H C H H C H H H C Zn S Zn Zn
0 0 0 0 1 2 3 4 4 4 4 5 6 7 7 7 7 8 9 10 11 11 11 11 12 12 12 13 13 13 14 14 14 15 15 15
1 2 3 4 0 0 0 0 5 6 11 4 4 8 9 10 11 7 7 7 4 7 12 13 11 14 15 11 14 15 12 13 15 12 13 14
-70.37641666
os-12S1-a
C H H Os S Os Os
0 0 0 0 1 2 3 3 3 3 4 4 4 4 5 5 5 6 6 6
1 2 3 4 0 0 0 4 5 6 0 3 5 6 3 4 6 3 4 5
-22.519837480000092
pd-36S2-a
C H H H C H Pd H H C Pd S Pd Pd
0 0 0 0 1 2 3 4 4 4 4 5 6 6 6 7 7 8 9 9 9 9 10 10 10 10 10 11 11 11 11 12 12 12 12 13 13 13
1 2 3 9 0 0 0 5 7 8 9 4 7 10 12 4 6 4 0 4 10 11 6 9 11 12 13 9 10 12 13 6 10 11 13 10 11 12
-55.66707658999999
pd-26S1-a
C H H Pd H C H H S H Pd
0 0 0 0 1 2 3 3 4 4 5 5 5 5 6 7 8 8 8 9 10 10
1 2 4 5 0 0 4 10 0 3 0 6 7 8 5 5 5 9 10 8 3 8
-45.588035640000015
rh-36S2-a
C H H H C H Rh H H C Rh S Rh Rh
0 0 0 0 1 2 3 4 4 4 4 5 6 6 6 7 7 8 9 9 9 9 10 10 10 10 10 11 11 11 11 12 12 12 12 13 13 13
1 2 3 9 0 0 0 5 7 8 9 4 7 10 12 4 6 4 0 4 10 11 6 9 11 12 13 9 10 12 13 6 10 11 13 10 11 12
-55.80705476000003
cu-36S1-a
C H Cu H H C H H C H Cu S Cu Cu
0 0 0 0 1 2 2 2 3 3 4 5 5 5 5 6 7 8 8 8 8 9 10 10 10 10 10 11 11 11 11 12 12 12 12 13 13 13
1 3 4 5 0 3 10 12 0 2 0 0 6 7 8 5 5 5 9 10 11 8 2 8 11 12 13 8 10 12 13 2 10 11 13 10 11 12
-54.37936109999998
rh-26S2-a
C H H H C H H H S Rh
0 0 0 0 1 2 3 4 4 4 4 5 6 7 8 8 8 9
1 2 3 8 0 0 0 5 6 7 8 4 4 4 0 4 9 8
-45.683044069999994
ru-4aS4-a
C H Ru H H C H H H C H H H S H C Ru
0 0 0 0 1 2 2 3 3 4 5 5 5 5 6 7 8 9 9 9 9 10 11 12 13 13 13 14 15 15 15 15 16 16
1 3 4 15 0 3 16 0 2 0 6 7 8 15 5 5 5 10 11 12 15 9 9 9 14 15 16 13 0 5 9 13 2 13
-78.86937429
au-38S1-a
C H H H C H H C H H S H Au
0 0 0 0 1 2 3 4 4 4 4 5 6 7 7 7 7 8 9 10 10 10 11 12
1 2 3 4 0 0 0 0 5 6 7 4 4 4 8 9 10 7 7 7 11 12 10 10
-61.58410269000001
au-26S2-a
C H H H C H H H S Au
0 0 0 0 1 2 3 4 4 4 4 5 6 7 8 8 8 9
1 2 3 8 0 0 0 5 6 7 8 4 4 4 0 4 9 8
-45.00481706000002
rh-38S3-a
C H H H C H H C H H H S Rh
0 0 0 0 1 2 3 4 4 4 4 5 6 7 7 7 7 8 9 10 11 11 11 12
1 2 3 4 0 0 0 0 5 6 11 4 4 8 9 10 11 7 7 7 4 7 12 11
-62.322540730000014
zn-14S1-a
C H H H S H Zn
0 0 0 0 1 2 3 4 4 4 5 6
1 2 3 4 0 0 0 0 5 6 4 4
-27.998256760000004
cu-24S1-a
C H H H C H Cu S Cu Cu
0 0 0 0 1 2 3 4 4 4 4 5 6 6 6 6 7 7 7 7 8 8 8 9 9 9
1 2 3 4 0 0 0 0 5 6 7 4 4 7 8 9 4 6 8 9 6 7 9 6 7 8
-37.78590667
zn-12S1-a
C H H Zn S Zn Zn
0 0 0 0 1 2 3 3 3 4 4 4 5 5 5 6 6 6
1 2 3 4 0 0 0 5 6 0 5 6 3 4 6 3 4 5
-20.48793386
cu-12S1-a
C H H Cu S Cu Cu
0 0 0 0 1 2 3 3 3 3 4 4 4 4 5 5 5 6 6 6
1 2 3 4 0 0 0 4 5 6 0 3 5 6 3 4 6 3 4 5
-21.109238129999994
ru-38S2-a
C H H H C H H H C H S H Ru Ru Ru Ru
0 0 0 0 1 2 3 4 4 4 4 5 6 7 8 8 8 8 9 10 10 10 10 10 10 11 12 12 12 13 13 13 13 14 14 14 15 15 15 15
1 2 3 8 0 0 0 5 6 7 8 4 4 4 0 4 9 10 8 8 11 12 13 14 15 10 10 13 15 10 12 14 15 10 13 15 10 12 13 14
-62.48177376000001
au-36S1-a
C H Au H H C H H C H Au S Au Au
0 0 0 0 1 2 2 2 3 3 4 5 5 5 5 6 7 8 8 8 8 9 10 10 10 10 10 11 11 11 11 12 12 12 12 13 13 13
1 3 4 5 0 3 10 12 0 2 0 0 6 7 8 5 5 5 9 10 11 8 2 8 11 12 13 8 10 12 13 2 10 11 13 10 11 12
-53.77045909
au-38S3-a
C H H H C H H C H H H S Au
0 0 0 0 1 2 3 4 4 4 4 5 6 7 7 7 7 8 9 10 11 11 11 12
1 2 3 4 0 0 0 0 5 6 11 4 4 8 9 10 11 7 7 7 4 7 12 11
-61.66093183000001
cu-36S2-a
C H H H C H H H C Cu S Cu Cu
0 0 0 0 1 2 3 4 4 4 4 5 6 7 8 8 8 8 9 9 9 9 10 10 10 10 11 11 11 12 12 12
1 2 3 8 0 0 0 5 6 7 8 4 4 4 0 4 9 10 8 10 11 12 8 9 11 12 9 10 12 9 10 11
-54.47699159999999
ag-12S1-a
C H H Ag S Ag Ag
0 0 0 0 1 2 3 3 3 3 4 4 4 4 5 5 5 6 6 6
1 2 3 4 0 0 0 4 5 6 0 3 5 6 3 4 6 3 4 5
-20.386104750000015
pd-48S3-a
C H H H Pd C H H C H H H C Pd S Pd Pd
0 0 0 0 1 2 3 4 4 4 5 5 5 5 6 6 7 8 8 8 8 9 10 11 12 12 12 12 13 13 13 13 13 14 14 14 14 15 15 15 16 16 16 16
1 2 3 5 0 0 0 6 13 16 0 6 7 12 4 5 5 9 10 11 12 8 8 8 5 8 13 14 4 12 14 15 16 12 13 15 16 13 14 16 4 13 14 15
-72.22637458
zn-38S2-a
C H H H C H H H C H S H Zn
0 0 0 0 1 2 3 4 4 4 4 5 6 7 8 8 8 8 9 10 10 10 11 12
1 2 3 8 0 0 0 5 6 7 8 4 4 4 0 4 9 10 8 8 11 12 10 10
-61.32676565
ir-26S2-a
C H H H C H H H S Ir
0 0 0 0 1 2 3 4 4 4 4 5 6 7 8 8 8 9
1 2 3 8 0 0 0 5 6 7 8 4 4 4 0 4 9 8
-45.777981839999995
cd-4aS5-a
C H H H C H H C H H C H H H S Cd
0 0 0 0 1 2 3 4 4 4 4 5 6 7 7 7 7 8 9 10 10 10 10 11 12 13 14 14 14 15
1 2 3 4 0 0 0 0 5 6 14 4 4 8 9 10 14 7 7 7 11 12 13 10 10 10 4 7 15 14
-77.93262719
pd-4aS6-a
C H H H Pd C H H C H H C H H H S Pd
0 0 0 0 1 2 3 4 4 5 5 5 5 6 6 7 8 8 8 8 9 10 11 11 11 11 12 13 14 15 15 15 16 16
1 2 3 5 0 0 0 6 16 0 6 7 8 4 5 5 5 9 10 15 8 8 12 13 14 15 11 11 11 8 11 16 4 15
-79.04919515000003
ru-36S1-a
C H Ru H H C H H C H Ru S Ru Ru
0 0 0 0 1 2 2 2 3 3 4 5 5 5 5 6 7 8 8 8 8 9 10 10 10 10 10 11 11 11 11 12 12 12 12 13 13 13
1 3 4 5 0 3 10 12 0 2 0 0 6 7 8 5 5 5 9 10 11 8 2 8 11 12 13 8 10 12 13 2 10 11 13 10 11 12
-55.665393559999984
rh-4aS4-a
C H Rh H H C H H H Rh C H H H S H C Rh
0 0 0 0 1 2 2 2 3 3 4 5 5 5 5 6 7 8 9 9 9 10 10 10 10 11 11 12 13 14 14 14 15 16 16 16 16 17 17 17
1 3 4 16 0 3 9 17 0 2 0 6 7 8 16 5 5 5 2 11 17 11 12 13 16 9 10 10 10 15 16 17 14 0 5 10 14 2 9 14
-78.97017526000002
cu-4aS1-a
C H H H C H H Cu C H H C H H S H Cu
0 0 0 0 1 2 3 4 4 4 4 5 6 7 7 8 8 8 8 9 9 10 11 11 11 11 12 13 14 14 14 15 16 16
1 2 3 4 0 0 0 0 5 6 8 4 4 9 16 4 9 10 11 7 8 8 8 12 13 14 11 11 11 15 16 14 7 14
-78.36597574999999
os-4aS5-a
C H H Os H C H H C H H C H H Os H S Os
0 0 0 0 1 2 3 3 4 4 5 5 5 5 6 7 8 8 8 8 9 10 11 11 11 11 12 13 14 14 15 15 16 16 16 17 17 17
1 2 4 5 0 0 4 17 0 3 0 6 7 16 5 5 9 10 11 16 8 8 8 12 13 15 11 11 15 17 11 14 5 8 17 3 14 16
-79.03254403000005
cd-12S1-a
C H H Cd S Cd Cd
0 0 0 0 1 2 3 3 3 4 4 4 5 5 5 6 6 6
1 2 3 4 0 0 0 5 6 0 5 6 3 4 6 3 4 5
-20.223719799999998
ir-4aS6-a
C H H H Ir C H H C H H C H H H S Ir
0 0 0 0 1 2 3 4 4 5 5 5 5 6 6 7 8 8 8 8 9 10 11 11 11 11 12 13 14 15 15 15 16 16
1 2 3 5 0 0 0 6 16 0 6 7 8 4 5 5 5 9 10 15 8 8 12 13 14 15 11 11 11 8 11 16 4 15
-79.10810977
rh-4aS6-a
C H H H Rh C H H C H H C H H H S Rh
0 0 0 0 1 2 3 4 4 5 5 5 5 6 6 7 8 8 8 8 9 10 11 11 11 11 12 13 14 15 15 15 16 16
1 2 3 5 0 0 0 6 16 0 6 7 8 4 5 5 5 9 10 15 8 8 12 13 14 15 11 11 11 8 11 16 4 15
-79.02047713000002
ir-12S1-a
C H H Ir S Ir Ir
0 0 0 0 1 2 3 3 3 3 4 4 4 4 5 5 5 6 6 6
1 2 3 4 0 0 0 4 5 6 0 3 5 6 3 4 6 3 4 5
-22.42320221
cd-48S2-a
C H H H C H H H C H C H Cd S Cd Cd
0 0 0 0 1 2 3 4 4 4 4 5 6 7 8 8 8 8 9 10 10 10 10 11 12 12 12 13 13 13 14 14 14 15 15 15
1 2 3 8 0 0 0 5 6 7 8 4 4 4 0 4 9 10 8 8 11 12 13 10 10 14 15 10 14 15 12 13 15 12 13 14
-70.11431451000001
zn-4aS5-a
C H H H C H H C H H C H H H S Zn
0 0 0 0 1 2 3 4 4 4 4 5 6 7 7 7 7 8 9 10 10 10 10 11 12 13 14 14 14 15
1 2 3 4 0 0 0 0 5 6 14 4 4 8 9 10 14 7 7 7 11 12 13 10 10 10 4 7 15 14
-78.03832101999998
ir-48S1-a
C H H H C H Ir H C H H C H Ir S Ir Ir
0 0 0 0 1 2 3 4 4 4 4 5 6 6 6 7 7 8 8 8 8 9 10 11 11 11 11 12 13 13 13 13 13 14 14 14 14 15 15 15 15 16 16 16
1 2 3 4 0 0 0 0 5 7 8 4 7 13 15 4 6 4 9 10 11 8 8 8 12 13 14 11 6 11 14 15 16 11 13 15 16 6 13 14 16 13 14 15
-72.36896277
cd-26S1-a
C H H H C H H S H Cd
0 0 0 0 1 2 3 4 4 4 4 5 6 7 7 7 8 9
1 2 3 4 0 0 0 0 5 6 7 4 4 4 8 9 7 7
-44.57110136000001
cd-48S3-a
C H H H C H H C H H H C Cd S Cd Cd
0 0 0 0 1 2 3 4 4 4 4 5 6 7 7 7 7 8 9 10 11 11 11 11 12 12 12 13 13 13 14 14 14 15 15 15
1 2 3 4 0 0 0 0 5 6 11 4 4 8 9 10 11 7 7 7 4 7 12 13 11 14 15 11 14 15 12 13 15 12 13 14
-70.11159709
cd-14S1-a
C H H H S H Cd
0 0 0 0 1 2 3 4 4 4 5 6
1 2 3 4 0 0 0 0 5 6 4 4
-27.938173060000004
pt-4aS6-a
C H H H Pt C H H C H H C H H H S Pt
0 0 0 0 1 2 3 4 4 5 5 5 5 6 6 7 8 8 8 8 9 10 11 11 11 11 12 13 14 15 15 15 16 16
1 2 3 5 0 0 0 6 16 0 6 7 8 4 5 5 5 9 10 15 8 8 12 13 14 15 11 11 11 8 11 16 4 15
-79.15698595000003
zn-4aS6-a
C H H H C H H C H H C H H H S Zn
0 0 0 0 1 2 3 4 4 4 4 5 6 7 7 7 7 8 9 10 10 10 10 11 12 13 14 14 14 15
1 2 3 4 0 0 0 0 5 6 7 4 4 4 8 9 14 7 7 11 12 13 14 10 10 10 7 10 15 14
-78.04994106000001
rh-12S1-a
C H H Rh S Rh Rh Rh
0 0 0 0 1 2 3 3 3 3 4 4 4 4 4 5 5 5 5 6 6 6 7 7 7 7
1 2 3 4 0 0 0 4 5 7 0 3 5 6 7 3 4 6 7 4 5 7 3 4 5 6
-22.353244860000018
os-4aS1-a
C H H H C H H Os C H H C H H S H Os
0 0 0 0 1 2 3 4 4 4 4 5 6 7 7 8 8 8 8 9 9 10 11 11 11 11 12 13 14 14 14 15 16 16
1 2 3 4 0 0 0 0 5 6 8 4 4 9 16 4 9 10 11 7 8 8 8 12 13 14 11 11 11 15 16 14 7 14
-79.02363874000002
ni-4aS3-a
C H H H C H C H H C H H H S H Ni
0 0 0 0 1 2 3 4 4 4 4 5 6 6 6 6 7 8 9 9 9 9 10 11 12 13 13 13 14 15
1 2 3 4 0 0 0 0 5 6 13 4 4 7 8 9 6 6 6 10 11 12 9 9 9 4 14 15 13 13
-78.77031188000001
ru-12S1-a
C H H Ru S Ru Ru
0 0 0 0 1 2 3 3 3 3 4 4 4 4 5 5 5 6 6 6
1 2 3 4 0 0 0 4 5 6 0 3 5 6 3 4 6 3 4 5
-22.324551190000022
os-26S1-a
C H H H C H H S H Os
0 0 0 0 1 2 3 4 4 4 4 5 6 7 7 7 8 9
1 2 3 4 0 0 0 0 5 6 7 4 4 4 8 9 7 7
-45.65602562000004
ru-48S3-a
C H H H Ru C H H C H H H C Ru S Ru Ru
0 0 0 0 1 2 3 4 4 4 5 5 5 5 6 6 7 8 8 8 8 9 10 11 12 12 12 12 13 13 13 13 13 14 14 14 14 15 15 15 16 16 16 16
1 2 3 5 0 0 0 6 13 16 0 6 7 12 4 5 5 9 10 11 12 8 8 8 5 8 13 14 4 12 14 15 16 12 13 15 16 13 14 16 4 13 14 15
-72.45544237000001
ni-38S2-a
C H H H C H H H C H S H Ni Ni Ni Ni
0 0 0 0 1 2 3 4 4 4 4 5 6 7 8 8 8 8 9 10 10 10 10 10 10 11 12 12 12 13 13 13 13 14 14 14 15 15 15 15
1 2 3 8 0 0 0 5 6 7 8 4 4 4 0 4 9 10 8 8 11 12 13 14 15 10 10 13 15 10 12 14 15 10 13 15 10 12 13 14
-62.265153870000006
cd-4aS6-a
C H H H C H H C H H C H H H S Cd
0 0 0 0 1 2 3 4 4 4 4 5 6 7 7 7 7 8 9 10 10 10 10 11 12 13 14 14 14 15
1 2 3 4 0 0 0 0 5 6 7 4 4 4 8 9 14 7 7 11 12 13 14 10 10 10 7 10 15 14
-77.94254097999999
pt-4aS4-a
C H H H C H H H C H H H S H C Pt
0 0 0 0 1 2 3 4 4 4 4 5 6 7 8 8 8 8 9 10 11 12 12 12 13 14 14 14 14 15
1 2 3 14 0 0 0 5 6 7 14 4 4 4 9 10 11 14 8 8 8 13 14 15 12 0 4 8 12 12
-79.08098695000001
