ni-36S2-a
Ni C H H Ni H C H Ni H Ni H Ni C S Ni Ni Ni
0 1 1 1 1 1 1 2 2 3 4 4 4 5 5 6 6 6 6 6 6 7 8 9 9 10 10 10 11 11 12 12 12 12 13 13 13 13 13 13 14 14 14 14 14 15 16 17
2 2 3 4 5 12 13 0 1 1 1 5 13 1 4 7 9 10 11 12 13 6 9 6 8 6 11 13 6 10 1 6 13 14 1 4 6 10 12 14 12 13 15 16 17 14 14 14
-55.50971973999998
pt-38S1-a
C H H H Pt C H H C H Pt H Pt S H Pt Pt Pt
0 0 0 0 1 2 3 4 5 5 5 5 6 6 7 8 8 8 8 9 10 10 11 11 12 12 13 13 13 13 13 13 13 14 14 15 16 17
1 2 3 5 0 0 0 6 0 6 7 8 4 5 5 5 9 11 13 8 11 13 8 10 13 14 8 10 12 14 15 16 17 12 13 13 13 13
-62.35577489000002
ni-4aS4-a
C H Ni H H C H H H Ni C H H H Ni Ni S H C Ni Ni
0 0 0 0 1 2 3 3 4 5 5 5 5 6 7 8 9 9 10 10 10 10 11 11 12 13 14 14 15 15 16 16 16 16 16 16 16 17 17 17 18 18 18 18 19 20
1 3 4 18 0 3 0 2 0 6 7 8 18 5 5 5 11 16 11 12 13 18 9 10 10 10 16 17 16 17 9 14 15 17 18 19 20 14 15 16 0 5 10 16 16 16
-78.81019437999998
cu-48S1-a
C H H H C H Cu Cu Cu H C H H Cu Cu C H Cu Cu Cu S Cu
0 0 0 0 1 2 3 4 4 4 4 5 6 6 7 8 8 9 9 9 9 10 10 10 10 11 12 13 14 14 14 15 15 15 15 15 15 15 15 15 16 16 16 17 18 18 19 19 20 20 20 20 20 21
1 2 3 4 0 0 0 0 5 9 10 4 9 15 9 9 15 4 6 7 8 4 11 12 15 10 10 16 15 16 20 6 8 10 14 16 17 18 19 20 13 14 15 15 15 20 15 20 14 15 18 19 21 20
-71.04170337
pt-4aS2-a
C H Pt H H Pt Pt C H C H H C H H H Pt Pt S H Pt Pt
0 0 0 0 1 2 2 3 3 4 5 5 6 7 7 7 7 8 8 8 9 9 9 9 10 11 12 12 12 12 13 13 14 15 16 17 17 18 18 18 18 18 18 19 19 19 20 21
1 3 4 7 0 3 18 0 2 0 8 13 8 0 8 9 18 5 6 7 7 10 11 12 9 9 9 13 14 15 5 12 12 12 19 18 19 2 7 17 19 20 21 16 17 18 18 18
-79.06983821
ru-26S2-a
C H Ru H Ru H Ru Ru C H H H Ru S Ru Ru
0 0 0 0 0 0 1 2 2 2 3 3 4 4 5 5 5 6 6 6 7 7 8 8 8 8 8 8 9 9 9 10 11 11 12 12 12 13 13 13 13 13 13 13 14 15
1 2 3 5 12 13 0 0 3 5 0 2 5 13 0 2 4 8 9 11 9 13 6 9 10 11 12 13 6 7 8 8 6 8 0 8 13 0 4 7 8 12 14 15 13 13
-45.60892236000001
os-48S1-a
C H H H Os C H Os Os H C H H Os Os C H Os Os Os S Os
0 0 0 0 1 2 3 4 4 5 5 5 5 6 6 7 8 9 9 9 9 10 10 10 10 11 12 13 14 14 14 15 15 15 15 15 15 15 16 16 16 17 18 18 19 19 20 20 20 20 20 21
1 2 3 5 0 0 0 6 9 0 6 9 10 4 5 9 9 4 5 7 8 5 11 12 15 10 10 16 15 16 20 10 14 16 17 18 19 20 13 14 15 15 15 20 15 20 14 15 18 19 21 20
-72.59660329000008
os-36S1-a
C H Os Os Os H H C H H Os Os C H Os Os Os S Os
0 0 0 0 1 2 3 4 4 4 5 5 5 5 6 6 7 7 7 7 8 9 10 11 11 11 12 12 12 12 12 12 12 12 13 13 13 14 15 15 16 16 17 17 17 17 17 18
1 5 6 7 0 5 5 5 6 12 0 2 3 4 0 4 0 8 9 12 7 7 13 12 13 17 4 7 11 13 14 15 16 17 10 11 12 12 12 17 12 17 11 12 15 16 18 17
-55.88220280000007
ir-26S1-a
C H H Ir H C H Ir H Ir Ir S H Ir Ir Ir
0 0 0 0 1 2 3 4 4 5 5 5 5 6 7 8 8 9 10 10 11 11 11 11 11 11 12 12 12 13 14 15
1 2 4 5 0 0 4 0 3 0 6 8 11 5 8 5 7 12 11 12 5 10 12 13 14 15 9 10 11 11 11 11
-45.62269254
cu-4aS5-a
C H H Cu Cu H C H Cu H C H Cu H C H H Cu Cu H S Cu Cu Cu
0 0 0 0 1 2 3 3 3 4 5 5 5 6 6 6 6 6 7 8 9 9 10 10 10 10 11 12 13 13 14 14 14 14 15 16 17 18 18 19 19 19 20 20 20 20 20 20 20 21 22 23
1 2 5 6 0 0 5 6 20 5 0 3 4 0 3 7 9 20 6 9 6 8 11 13 14 20 10 13 10 12 10 15 16 19 14 14 19 19 20 14 17 18 3 6 10 18 21 22 23 20 20 20
-78.37905096
ni-26S2-a
C H Ni H Ni H C H H Ni H Ni S Ni Ni Ni
0 0 0 0 0 0 1 2 2 2 3 3 4 4 5 5 6 6 6 6 6 6 7 8 9 9 10 10 11 11 11 12 12 12 12 12 12 12 12 13 14 15
1 2 3 5 11 12 0 0 3 12 0 2 5 12 0 4 7 8 9 10 11 12 6 6 6 10 6 9 0 6 12 0 2 4 6 11 13 14 15 12 12 12
-45.48400090999996
rh-4aS1-a
C H Rh H H C H Rh H Rh C H H C H Rh H Rh S H Rh Rh Rh
0 0 0 0 1 2 3 3 4 5 5 5 5 6 7 8 8 9 10 10 10 10 11 11 12 13 13 13 13 14 15 16 16 17 17 18 18 18 18 18 18 19 19 20 21 22
1 3 4 5 0 3 0 2 0 0 6 8 10 5 8 5 7 11 5 11 12 13 9 10 10 10 14 16 18 13 16 13 15 18 19 13 17 19 20 21 22 17 18 18 18 18
-78.94170602000003
au-24S1-a
C H Au H H Au C H Au Au S Au
0 0 0 0 0 1 2 3 3 4 5 5 5 5 6 6 6 6 6 6 7 7 8 8 9 9 10 10 10 10 10 11
1 3 4 5 6 0 3 0 2 0 0 6 7 10 0 5 7 8 9 10 5 6 6 10 6 10 5 6 8 9 11 10
-37.26433467000001
cd-38S1-a
C H H H Cd C H H C H Cd H S H Cd
0 0 0 0 1 2 3 4 5 5 5 5 6 6 7 8 8 8 8 9 10 11 11 12 12 12 13 14
1 2 3 5 0 0 0 6 0 6 7 8 4 5 5 5 9 11 12 8 11 8 10 8 13 14 12 12
-61.23703036
ag-14S1-a
C H Ag Ag H H Ag Ag S H Ag Ag
0 0 0 0 0 1 2 2 3 4 4 4 5 5 6 7 7 7 8 8 8 8 8 9 9 9 10 11
1 4 5 7 8 0 4 5 4 0 2 3 0 2 9 0 8 9 0 7 9 10 11 6 7 8 8 8
-28.174731830000013
ni-38S3-a
C H Ni Ni Ni H H C H Ni H Ni C H H Ni H S Ni Ni
0 0 0 0 1 2 2 3 4 4 5 5 5 5 6 7 7 7 7 8 9 9 10 10 11 11 12 12 12 12 12 12 13 13 14 15 15 16 16 17 17 17 17 17 17 17 17 18 18 19
1 5 6 7 0 5 17 5 5 17 0 2 3 4 0 0 8 10 17 7 10 17 7 9 13 17 13 14 15 16 17 18 11 12 12 12 16 12 15 2 4 7 9 11 12 18 19 12 17 17
-62.135892799999965
cd-4aS1-a
C H Cd H H C H H Cd C H H C H Cd H S H Cd
0 0 0 0 1 2 3 3 4 5 5 5 5 6 7 8 9 9 9 9 10 10 11 12 12 12 12 13 14 15 15 16 16 16 17 18
1 3 4 5 0 3 0 2 0 0 6 7 9 5 5 10 5 10 11 12 8 9 9 9 13 15 16 12 15 12 14 12 17 18 16 16
-77.88947776
ru-4aS2-a
C H Ru H H Ru Ru C H C H H C H H H Ru Ru S H Ru Ru
0 0 0 0 1 2 2 3 3 4 5 5 6 6 7 7 7 7 8 8 8 9 9 9 9 10 11 12 12 12 12 13 14 15 16 17 17 18 18 18 18 18 18 18 18 19 19 19 20 21
1 3 4 7 0 3 18 0 2 0 8 18 8 18 0 8 9 18 5 6 7 7 10 11 12 9 9 9 13 14 15 12 12 12 19 18 19 2 5 6 7 17 19 20 21 16 17 18 18 18
-78.83542469000002
ag-4aS3-a
C H H Ag H Ag Ag C H C H H C H H Ag H Ag S H Ag
0 0 0 0 1 2 3 4 4 5 6 6 6 7 7 7 7 8 8 8 9 9 9 9 10 11 12 12 12 12 13 14 15 16 16 17 18 18 18 18 19 19 19 20
1 2 4 7 0 0 4 0 3 8 8 18 19 0 8 9 18 5 6 7 7 10 11 12 9 9 9 13 14 16 12 12 16 12 15 19 6 7 19 20 6 17 18 18
-78.18661467000001
ag-38S2-a
C H H H C H H H Ag C H S H Ag Ag Ag
0 0 0 0 1 2 3 4 4 4 4 5 6 7 8 8 9 9 9 9 10 10 11 11 11 11 11 11 12 13 14 15
1 2 3 9 0 0 0 5 6 7 9 4 4 4 10 11 0 4 10 11 8 9 8 9 12 13 14 15 11 11 11 11
-61.37666444000001
os-4aS3-a
C H H Os H Os C H C H H C H H H Os Os S H Os Os Os
0 0 0 0 1 2 3 3 4 4 5 6 6 6 6 7 7 8 8 8 8 9 10 11 11 11 11 12 13 14 15 16 16 17 17 17 17 17 17 17 18 18 18 19 20 21
1 2 4 6 0 0 4 17 0 3 7 0 7 8 17 5 6 6 9 10 11 8 8 8 12 13 14 11 11 11 18 17 18 3 6 16 18 19 20 21 15 16 17 17 17 17
-79.01195468000003
zn-24S1-a
C H Zn H H Zn C H Zn Zn S Zn
0 0 0 0 0 1 2 3 3 4 5 5 5 5 6 6 6 6 6 6 7 7 8 8 9 9 10 10 10 10 10 11
1 3 4 5 6 0 3 0 2 0 0 6 7 10 0 5 7 8 9 10 5 6 6 10 6 10 5 6 8 9 11 10
-37.134940979999996
rh-24S1-a
Rh C H Rh H H Rh Rh C H Rh Rh Rh S Rh
0 1 1 1 1 1 2 2 3 3 4 4 5 6 6 6 6 7 7 8 8 8 8 8 8 8 9 9 9 10 11 11 12 12 13 13 13 13 13 13 13 14
2 2 4 5 6 8 0 1 4 13 1 3 1 1 8 9 13 9 13 1 6 9 10 11 12 13 6 7 8 8 8 13 8 13 3 6 7 8 11 12 14 13
-39.084249890000024
ag-4aS4-a
C H Ag H H C H H H Ag C H H H Ag Ag S H C Ag Ag
0 0 0 0 1 2 3 3 4 5 5 5 5 6 7 8 9 10 10 10 10 11 11 12 13 14 14 15 16 16 16 16 16 17 17 17 18 18 18 18 19 20
1 3 4 18 0 3 0 2 0 6 7 8 18 5 5 5 11 11 12 13 18 9 10 10 10 16 17 17 14 17 18 19 20 14 15 16 0 5 10 16 16 16
-78.21575792000002
pd-4aS1-a
C H Pd H H C H Pd H Pd C H H C H Pd H Pd S H Pd Pd Pd
0 0 0 0 1 2 3 3 4 5 5 5 5 6 7 8 8 9 10 10 10 10 11 11 12 13 13 13 13 14 15 16 16 17 17 18 18 18 18 18 18 19 19 20 21 22
1 3 4 5 0 3 0 2 0 0 6 8 10 5 8 5 7 11 5 11 12 13 9 10 10 10 14 16 18 13 16 13 15 18 19 13 17 19 20 21 22 17 18 18 18 18
-78.97955478000003
au-12S1-a
Au C H H Au Au S Au
0 0 0 0 1 1 1 1 1 1 2 2 3 3 4 4 5 5 6 6 6 6 6 7
1 2 3 6 0 2 3 4 5 6 0 1 0 1 1 6 1 6 0 1 4 5 7 6
-20.56753975000001
pd-24S1-a
Pd C H Pd H H Pd Pd C H Pd Pd S Pd
0 1 1 1 1 1 2 2 3 4 4 5 6 6 6 6 7 8 8 8 8 8 8 9 9 9 10 10 11 11 12 12 12 12 12 13
2 2 4 5 6 8 0 1 4 1 3 1 1 8 9 12 9 1 6 9 10 11 12 6 7 8 8 12 8 12 6 8 10 11 13 12
-38.923047620000006
cd-26S2-a
C H H H C H H Cd H Cd S
0 0 0 0 0 1 2 3 4 4 4 4 4 5 6 7 8 8 9 9 9 10 10 10
1 2 3 9 10 0 0 0 5 6 8 9 10 4 4 8 4 7 0 4 10 0 4 9
-44.63821492
au-48S2-a
C H H Au H C H H H C H Au Au C H Au Au S Au
0 0 0 0 1 2 3 4 4 5 5 5 5 6 7 8 9 9 9 9 10 11 12 12 12 13 13 13 13 13 13 14 14 14 15 15 16 16 17 17 17 17 17 18
1 2 4 9 0 0 4 0 3 6 7 8 9 5 5 5 0 5 10 13 9 14 13 14 17 9 12 14 15 16 17 11 12 13 13 17 13 17 12 13 15 16 18 17
-70.43804999
cu-26S2-a
C H Cu H Cu H Cu C H H Cu H Cu S Cu Cu
0 0 0 0 0 0 1 2 2 3 3 4 4 5 5 6 6 7 7 7 7 7 7 8 8 9 10 10 11 11 12 12 12 13 13 13 13 13 13 13 14 15
1 2 3 5 12 13 0 0 3 0 2 5 13 0 4 8 13 8 9 10 11 12 13 6 7 7 7 11 7 10 0 7 13 0 4 6 7 12 14 15 13 13
-45.10174458
zn-4aS4-a
C H Zn H H C H H H Zn C H H H S H C Zn
0 0 0 0 1 2 3 3 4 5 5 5 5 6 7 8 9 10 10 10 10 11 11 12 13 14 14 14 15 16 16 16 16 17
1 3 4 16 0 3 0 2 0 6 7 8 16 5 5 5 11 11 12 13 16 9 10 10 10 15 16 17 14 0 5 10 14 14
-78.01173929999999
rh-48S1-a
C H H H C H Rh Rh Rh H C H H Rh Rh Rh C H Rh Rh S Rh
0 0 0 0 1 2 3 4 4 4 4 5 6 7 8 9 9 9 9 10 10 10 10 11 12 13 14 14 14 15 15 15 16 16 16 16 16 16 16 17 17 17 17 18 19 19 20 20 20 20 20 21
1 2 3 4 0 0 0 0 5 9 10 4 9 9 9 4 6 7 8 4 11 12 16 10 10 17 16 17 20 16 17 20 10 14 15 17 18 19 20 13 14 15 16 16 16 20 14 15 16 19 21 20
-72.29946458
pt-38S2-a
C H H H C H H H Pt C H Pt Pt Pt S H
0 0 0 0 1 2 3 4 4 4 4 5 6 7 8 8 9 9 9 9 10 10 11 11 12 12 13 13 14 14 14 14 14 14 15 15 15 15
1 2 3 9 0 0 0 5 6 7 9 4 4 4 10 14 0 4 10 14 8 9 14 15 14 15 14 15 8 9 11 12 13 15 11 12 13 14
-62.25506844
cu-48S2-a
C H H Cu Cu Cu H C H H H C H Cu Cu C H Cu Cu Cu S Cu
0 0 0 0 1 2 3 4 4 4 5 5 6 6 6 6 7 7 7 7 8 9 10 11 11 11 11 12 13 14 14 14 15 15 15 15 15 15 15 15 15 16 16 16 17 17 18 18 19 20 20 20 20 20 20 21
1 2 6 11 0 0 6 6 15 20 6 15 0 3 4 5 8 9 10 11 7 7 7 0 7 12 15 11 16 15 16 20 4 5 11 14 16 17 18 19 20 13 14 15 15 20 15 20 15 4 14 15 17 18 21 20
-71.04484984999999
ni-48S2-a
C H H Ni Ni Ni H C H H H C H Ni Ni C H Ni Ni Ni S Ni
0 0 0 0 1 2 3 4 4 4 5 5 6 6 6 6 7 7 7 7 8 9 10 11 11 11 11 12 13 14 14 14 15 15 15 15 15 15 15 15 15 16 16 16 17 17 18 18 19 20 20 20 20 20 20 21
1 2 6 11 0 0 6 6 15 20 6 15 0 3 4 5 8 9 10 11 7 7 7 0 7 12 15 11 16 15 16 20 4 5 11 14 16 17 18 19 20 13 14 15 15 20 15 20 15 4 14 15 17 18 21 20
-72.01563288
zn-26S2-a
C H H H C H H H S Zn
0 0 0 0 1 2 3 4 4 4 4 5 6 7 8 8 8 9
1 2 3 8 0 0 0 5 6 7 8 4 4 4 0 4 9 8
-44.73245222
ni-4aS5-a
C H H Ni Ni H C H Ni H C H Ni H C H H Ni Ni H S Ni Ni Ni
0 0 0 0 1 2 3 3 4 5 5 5 6 6 6 6 7 8 9 9 10 10 10 10 11 12 13 13 14 14 14 14 15 16 17 18 18 19 19 19 20 20 20 20 20 20 20 21 22 23
1 2 5 6 0 0 5 20 5 0 3 4 0 7 9 20 6 9 6 8 11 13 14 20 10 13 10 12 10 15 16 19 14 14 19 19 20 14 17 18 3 6 10 18 21 22 23 20 20 20
-78.77887936999997
ir-24S1-a
Ir C H Ir H H Ir Ir C H Ir Ir S Ir
0 1 1 1 1 1 2 2 3 4 4 5 6 6 6 6 7 8 8 8 8 8 8 9 9 9 10 10 11 11 12 12 12 12 12 13
2 2 4 5 6 8 0 1 4 1 3 1 1 8 9 12 9 1 6 9 10 11 12 6 7 8 8 12 8 12 6 8 10 11 13 12
-39.15379328
cu-38S2-a
C H H H C H H H Cu C H Cu S H Cu Cu
0 0 0 0 1 2 3 4 4 4 4 5 6 7 8 8 9 9 9 9 10 10 11 11 12 12 12 12 12 12 13 13 14 15
1 2 3 9 0 0 0 5 6 7 9 4 4 4 10 12 0 4 10 12 8 9 12 13 8 9 11 13 14 15 11 12 12 12
-61.642129289999986
au-48S1-a
C H H H C H Au H C H H Au Au C H Au Au S Au
0 0 0 0 1 2 3 4 4 4 4 5 6 7 7 8 8 8 8 9 10 11 12 12 12 13 13 13 13 13 13 14 14 14 15 15 16 16 17 17 17 17 17 18
1 2 3 4 0 0 0 0 5 7 8 4 7 4 6 4 9 10 13 8 8 14 13 14 17 8 12 14 15 16 17 11 12 13 13 17 13 17 12 13 15 16 18 17
-70.42696223000002
pd-4aS3-a
C H H Pd H Pd Pd C H C H H C H H Pd H Pd S H Pd Pd
0 0 0 0 1 2 3 3 4 4 5 6 6 6 7 7 7 7 8 8 8 9 9 9 9 10 11 12 12 12 12 13 14 15 15 16 16 17 18 18 18 18 18 18 18 19 19 19 20 21
1 2 4 7 0 0 4 18 0 3 8 8 18 19 0 8 9 18 5 6 7 7 10 11 12 9 9 9 13 14 16 12 12 16 18 12 15 19 3 6 7 15 19 20 21 6 17 18 18 18
-78.97283113
ru-36S2-a
Ru Ru C H H Ru H C H Ru H Ru H C Ru Ru S Ru
0 1 1 1 1 1 1 2 2 2 2 2 2 3 3 3 4 5 5 5 6 6 7 7 7 7 7 7 8 9 9 10 10 10 11 11 11 12 12 13 13 13 13 13 13 13 13 14 14 15 15 16 16 16 16 16 16 17
3 2 3 7 10 13 16 1 3 4 5 6 13 0 1 2 2 2 6 13 2 5 1 8 10 11 12 13 7 10 16 1 7 9 7 12 13 7 11 1 2 5 7 11 14 15 16 13 16 13 16 1 9 13 14 15 17 16
-55.75159077000001
ni-24S1-a
Ni C H Ni H H Ni Ni C H Ni Ni S Ni Ni
0 0 0 1 1 1 1 1 2 2 3 3 3 4 4 5 6 6 6 7 7 8 8 8 8 8 8 8 8 9 9 9 10 11 11 12 12 12 12 12 12 12 13 14
1 2 8 0 2 4 5 8 0 1 4 8 12 1 3 1 8 9 12 9 12 0 1 3 6 9 10 11 12 6 7 8 8 8 12 3 6 7 8 11 13 14 12 12
-38.78709592000001
au-38S2-a
C H H H C H H H Au C H Au Au S H Au
0 0 0 0 1 2 3 4 4 4 4 5 6 7 8 9 9 9 9 10 10 11 11 12 12 13 13 13 13 13 14 14 14 15
1 2 3 9 0 0 0 5 6 7 9 4 4 4 10 0 4 10 13 8 9 13 14 13 14 9 11 12 14 15 11 12 13 13
-61.62211713000002
ir-36S1-a
C H Ir H H C H H Ir Ir C H Ir Ir S Ir
0 0 0 0 1 2 2 3 3 4 5 5 5 5 6 7 8 9 9 9 10 10 10 10 10 10 10 11 11 11 12 12 13 13 14 14 14 14 14 15
1 3 4 5 0 3 10 0 2 0 0 6 7 10 5 5 11 10 11 14 2 5 9 11 12 13 14 8 9 10 10 14 10 14 9 10 12 13 15 14
-55.67748075999998
cd-36S2-a
Cd C H H H C H Cd H H Cd C Cd Cd S Cd
0 1 1 1 1 1 2 2 3 4 5 5 5 5 5 6 7 8 8 9 10 10 10 10 11 11 11 11 11 11 12 12 13 13 14 14 14 14 14 15
2 2 3 4 10 11 0 1 1 1 6 8 9 10 11 5 8 5 7 5 1 5 11 14 1 5 10 12 13 14 11 14 11 14 10 11 12 13 15 14
-53.49863495
ru-4aS6-a
C H H H Ru Ru C H H C H Ru H Ru C H H Ru H S Ru Ru Ru
0 0 0 0 1 2 3 4 5 6 6 6 6 7 7 7 8 9 9 9 9 10 11 12 12 13 13 14 14 14 14 14 15 15 16 17 18 18 19 19 19 19 19 19 20 20 21 22
1 2 3 6 0 0 0 7 7 0 7 8 9 4 5 6 6 6 10 12 19 9 12 9 11 15 19 15 16 18 19 20 13 14 14 18 14 17 9 13 14 20 21 22 14 19 19 19
-78.92247120000002
ag-38S1-a
C H H H Ag C H H C H Ag H Ag S H Ag Ag Ag
0 0 0 0 1 2 3 4 5 5 5 5 6 6 7 8 8 8 8 9 10 11 11 12 12 13 13 13 13 13 13 14 14 15 16 17
1 2 3 5 0 0 0 6 0 6 7 8 4 5 5 5 9 11 13 8 11 8 10 13 14 8 12 14 15 16 17 12 13 13 13 13
-61.48992895000001
ir-4aS5-a
C H H Ir H C H Ir H C H Ir H C H H Ir H S Ir Ir Ir
0 0 0 0 1 2 3 3 4 4 5 5 5 5 6 7 8 8 9 9 9 9 10 11 12 12 13 13 13 13 14 15 16 16 17 17 18 18 18 18 18 18 18 19 20 21
1 2 4 5 0 0 4 18 0 3 0 6 8 18 5 8 5 7 10 12 13 18 9 12 9 11 9 14 15 17 13 13 17 18 13 16 3 5 9 16 19 20 21 18 18 18
-79.01838666999998
au-4aS3-a
C H H Au H Au C H C H H C H H Au H Au S H
0 0 0 0 1 2 3 4 4 5 6 6 6 6 7 7 8 8 8 8 9 10 11 11 11 11 12 13 14 15 15 16 16 17 17 17 18 18
1 2 4 6 0 0 4 0 3 7 0 7 8 17 5 6 6 9 10 11 8 8 8 12 13 15 11 11 15 11 14 17 18 6 16 18 16 17
-78.28727180000001
ru-4aS3-a
C H H Ru H Ru Ru Ru C H C H H C H H H Ru S H Ru Ru
0 0 0 0 1 2 3 3 4 4 5 6 6 6 7 7 7 8 8 8 8 9 9 9 9 10 10 10 10 11 12 13 13 13 13 14 15 16 16 17 18 18 18 18 18 18 18 19 19 19 20 21
1 2 4 8 0 0 4 18 0 3 9 9 16 18 9 18 19 0 9 10 18 5 6 7 8 8 11 12 13 10 10 10 14 15 16 13 13 6 13 19 3 6 7 8 19 20 21 7 17 18 18 18
-78.83300122000003
ru-48S2-a
Ru Ru C H H Ru Ru H C H H H C H Ru Ru C H Ru S Ru Ru
0 0 0 0 1 1 2 2 2 2 3 3 3 4 5 6 6 7 7 7 7 8 8 8 8 9 10 11 12 12 12 12 13 14 15 15 15 16 16 16 16 16 16 16 17 17 17 18 19 19 19 19 19 19 20 21
3 7 16 19 3 19 3 4 7 12 0 1 2 2 7 7 16 0 2 5 6 9 10 11 12 8 8 8 2 8 13 16 12 17 16 17 19 0 6 12 15 17 18 19 14 15 16 16 0 1 15 16 20 21 19 19
-72.34677439000001
ni-4aS1-a
C H Ni H H C H H Ni C H H C H Ni H Ni S H Ni Ni Ni
0 0 0 0 1 2 3 3 4 5 5 5 5 6 7 8 9 9 9 9 10 10 11 12 12 12 12 13 14 14 15 15 16 16 17 17 17 17 17 17 17 18 18 19 20 21
1 3 4 5 0 3 0 2 0 0 6 7 9 5 5 10 5 10 11 12 8 9 9 9 13 15 17 12 15 17 12 14 17 18 12 14 16 18 19 20 21 16 17 17 17 17
-78.78106631999998
rh-48S2-a
Rh C H H Rh Rh H C H H H C H Rh Rh C H Rh Rh Rh S Rh
0 0 0 1 1 1 1 2 2 3 4 5 6 6 6 6 7 7 7 7 8 9 10 11 11 11 11 12 13 14 14 14 15 15 15 15 15 15 15 15 16 16 16 17 17 18 18 19 20 20 20 20 20 21
2 6 15 2 3 6 11 0 1 1 6 6 0 1 4 5 8 9 10 11 7 7 7 1 7 12 15 11 16 15 16 20 0 11 14 16 17 18 19 20 13 14 15 15 20 15 20 15 14 15 17 18 21 20
-72.29471294000001
ag-4aS1-a
C H Ag H H C H Ag H Ag C H H C H Ag H Ag S H Ag Ag Ag
0 0 0 0 1 2 3 3 4 5 5 5 5 6 7 8 8 9 10 10 10 10 11 11 12 13 13 13 13 14 15 16 16 17 17 18 18 18 18 18 18 19 19 20 21 22
1 3 4 5 0 3 0 2 0 0 6 8 10 5 8 5 7 11 5 11 12 13 9 10 10 10 14 16 18 13 16 13 15 18 19 13 17 19 20 21 22 17 18 18 18 18
-78.15386639000002
ir-14S1-a
C H Ir Ir H H Ir Ir S H Ir Ir Ir
0 0 0 0 0 0 1 2 2 2 3 3 4 4 4 5 5 6 7 7 7 8 8 8 8 8 8 8 9 9 9 10 11 12
1 2 4 5 7 8 0 0 4 5 4 8 0 2 3 0 2 9 0 8 9 0 3 7 9 10 11 12 6 7 8 8 8 8
-28.96840155999996
os-26S2-a
C H Os H Os H Os C H H Os H Os S Os Os
0 0 0 0 0 1 2 3 3 4 5 5 6 6 7 7 7 7 7 8 8 9 10 11 11 12 12 12 13 13 13 13 13 13 14 15
1 3 5 12 13 0 3 0 2 5 0 4 8 13 8 9 11 12 13 6 7 7 11 7 10 0 7 13 0 6 7 12 14 15 13 13
-45.804483960000084
cu-26S1-a
C H H Cu H C H Cu H Cu Cu S H Cu Cu Cu
0 0 0 0 1 2 3 4 4 5 5 5 5 6 7 8 8 9 10 10 11 11 11 11 11 11 12 12 12 13 14 15
1 2 4 5 0 0 4 0 3 0 6 8 11 5 8 5 7 12 11 12 5 10 12 13 14 15 9 10 11 11 11 11
-45.018218529999984
ag-38S3-a
C H Ag Ag H H C H Ag H Ag Ag C H H H S Ag Ag
0 0 0 0 1 2 2 3 4 4 4 5 6 6 6 6 7 8 9 9 10 10 11 11 12 12 12 12 12 13 13 13 14 15 15 16 16 16 16 16 16 17 17 18
1 4 5 6 0 4 16 4 0 2 3 0 0 7 9 16 6 9 6 8 13 16 13 15 13 14 15 16 17 10 11 12 12 11 12 2 6 10 12 17 18 12 16 16
-61.53886492000001
ir-48S2-a
C H H Ir H C H H H C H Ir Ir C H Ir Ir S Ir
0 0 0 0 1 2 3 3 4 4 5 5 5 5 6 7 8 9 9 9 9 10 11 12 12 12 13 13 13 13 13 13 13 14 14 14 15 15 16 16 17 17 17 17 17 18
1 2 4 9 0 0 4 13 0 3 6 7 8 9 5 5 5 0 5 10 13 9 14 13 14 17 3 9 12 14 15 16 17 11 12 13 13 17 13 17 12 13 15 16 18 17
-72.35318278999995
cu-4aS2-a
C H Cu H H Cu Cu C H C H H C H H H Cu Cu S H Cu Cu
0 0 0 0 1 2 2 3 3 4 5 5 6 7 7 7 7 8 8 8 9 9 9 9 10 11 12 12 12 12 13 14 15 16 17 17 18 18 18 18 18 18 18 19 19 19 20 21
1 3 4 7 0 3 18 0 2 0 8 18 8 0 8 9 18 5 6 7 7 10 11 12 9 9 9 13 14 15 12 12 12 19 18 19 2 5 7 17 19 20 21 16 17 18 18 18
-78.40617939
pt-36S1-a
C H Pt H H C H H Pt Pt C H Pt Pt S Pt
0 0 0 0 1 2 3 3 4 5 5 5 5 6 7 8 9 9 9 10 10 10 10 10 10 11 11 11 12 12 13 13 14 14 14 14 14 15
1 3 4 5 0 3 0 2 0 0 6 7 10 5 5 11 10 11 14 5 9 11 12 13 14 8 9 10 10 14 10 14 9 10 12 13 15 14
-55.506165650000014
au-4aS5-a
C H H Au H C H Au H C H Au H C H H Au H S Au
0 0 0 0 1 2 3 4 4 5 5 5 5 6 7 8 8 9 9 9 9 10 11 12 12 13 13 13 13 14 15 16 17 17 18 18 18 19
1 2 4 5 0 0 4 0 3 0 6 8 18 5 8 5 7 10 12 13 18 9 12 9 11 9 14 15 17 13 13 17 13 16 5 9 19 18
-78.28802321
au-4aS2-a
C H H H Au Au C H C H H C H H H Au Au S H Au
0 0 0 0 1 2 3 4 5 6 6 6 6 7 7 7 8 8 8 8 9 10 11 11 11 11 12 13 14 15 15 16 16 17 17 17 17 17 18 18 18 19
1 2 3 6 0 0 0 7 7 0 7 8 17 4 5 6 6 9 10 11 8 8 8 12 13 14 11 11 11 17 18 17 18 6 15 16 18 19 15 16 17 17
-78.31221257000001
pt-26S1-a
C H H Pt H C H Pt H Pt Pt S H Pt Pt Pt
0 0 0 0 1 2 3 4 4 5 5 5 5 6 7 8 8 9 10 10 11 11 11 11 11 11 12 12 12 13 14 15
1 2 4 5 0 0 4 0 3 0 6 8 11 5 8 5 7 12 11 12 5 10 12 13 14 15 9 10 11 11 11 11
-45.66461817999999
os-38S3-a
C H Os H H C H Os H Os C H H Os H S Os Os Os
0 0 0 0 1 2 3 3 4 5 5 5 5 6 7 8 8 9 9 10 10 10 10 10 11 11 12 13 14 14 15 15 15 15 15 15 16 16 17 18
1 3 4 5 0 3 0 2 0 0 6 8 15 5 8 5 7 11 15 11 12 14 15 16 9 10 10 14 10 13 5 9 10 16 17 18 10 15 15 15
-62.446261270000036
ni-4aS6-a
C H H H Ni Ni C H H C H Ni H Ni C H H Ni H S Ni Ni Ni
0 0 0 0 1 2 3 4 5 6 6 6 6 7 7 7 8 9 9 9 9 10 11 12 12 13 13 14 14 14 14 14 14 15 15 16 17 17 18 18 19 19 19 19 19 19 20 20 21 22
1 2 3 6 0 0 0 7 7 0 7 8 9 4 5 6 6 6 10 12 19 9 12 9 11 15 19 15 16 17 18 19 20 13 14 14 14 18 14 17 9 13 14 20 21 22 14 19 19 19
-78.83273445999998
os-24S1-a
Os C H Os H H Os Os C H Os Os Os S Os
0 0 1 1 1 1 1 2 2 3 3 4 4 5 6 6 6 6 7 7 8 8 8 8 8 8 8 8 9 9 9 10 11 11 12 12 13 13 13 13 13 13 13 14
2 8 2 4 5 6 8 0 1 4 13 1 3 1 1 8 9 13 9 13 0 1 6 9 10 11 12 13 6 7 8 8 8 13 8 13 3 6 7 8 11 12 14 13
-39.25259871000003
ir-4aS3-a
C H H Ir H Ir C H C H H C H H Ir H Ir Ir S H Ir Ir
0 0 0 0 1 2 3 3 4 4 5 6 6 6 6 7 7 8 8 8 8 9 10 11 11 11 11 12 13 14 14 15 15 16 17 17 18 18 18 18 18 18 18 19 19 19 20 21
1 2 4 6 0 0 4 18 0 3 7 0 7 8 18 5 6 6 9 10 11 8 8 8 12 13 15 11 11 15 18 11 14 19 18 19 3 6 14 17 19 20 21 16 17 18 18 18
-78.99741368999997
cu-48S3-a
C H H H Cu Cu C H Cu H C H Cu H Cu H C S Cu Cu Cu
0 0 0 0 1 2 3 4 5 5 5 5 6 6 6 6 6 7 7 7 8 8 8 9 9 10 10 10 10 10 10 11 12 13 13 14 14 14 15 15 16 16 16 16 16 16 17 17 17 17 17 18 19 20
1 2 3 6 0 0 0 7 7 10 16 17 0 7 8 9 16 4 5 6 6 9 16 6 8 5 11 13 14 15 16 10 13 10 12 10 15 16 10 14 5 6 8 10 14 17 5 16 18 19 20 17 17 17
-71.08214658
ir-38S1-a
C H H H Ir C H H C H Ir H Ir S H Ir Ir Ir
0 0 0 0 1 2 3 4 5 5 5 5 6 6 7 8 8 8 8 9 10 11 11 12 12 13 13 13 13 13 13 14 14 15 16 17
1 2 3 5 0 0 0 6 0 6 7 8 4 5 5 5 9 11 13 8 11 8 10 13 14 8 12 14 15 16 17 12 13 13 13 13
-62.316365289999965
cd-4aS2-a
C H H H Cd Cd C H C H H C H H H Cd S H
0 0 0 0 1 2 3 4 5 6 6 6 6 7 7 7 8 8 8 8 9 10 11 11 11 11 12 13 14 15 15 16 16 16 17 17
1 2 3 6 0 0 0 7 7 0 7 8 16 4 5 6 6 9 10 11 8 8 8 12 13 14 11 11 11 16 17 6 15 17 15 16
-77.95340827999999
ir-38S3-a
C H Ir Ir Ir H H C H Ir H Ir Ir C H H H S Ir Ir
0 0 0 0 1 2 2 3 4 4 5 5 5 5 6 7 7 7 7 8 9 10 10 10 11 11 12 12 12 13 13 13 13 13 13 14 14 14 15 16 16 17 17 17 17 17 17 18 18 19
1 5 6 7 0 5 17 5 5 10 0 2 3 4 0 0 8 10 17 7 10 4 7 9 14 17 13 14 16 12 14 15 16 17 18 11 12 13 13 12 13 2 7 11 13 18 19 13 17 17
-62.39818895999997
ru-14S1-a
C H Ru Ru H H Ru Ru S H Ru Ru Ru
0 0 0 0 0 0 1 2 2 2 2 3 3 4 4 4 5 5 6 7 7 7 8 8 8 8 8 8 8 8 9 9 9 10 11 12
1 2 4 5 7 8 0 0 4 5 8 4 8 0 2 3 0 2 9 0 8 9 0 2 3 7 9 10 11 12 6 7 8 8 8 8
-28.837101200000006
pd-4aS5-a
C H H Pd H C H Pd H C H Pd H C H H Pd H S Pd Pd Pd
0 0 0 0 1 2 3 4 4 5 5 5 5 6 7 8 8 9 9 9 9 10 11 12 12 13 13 13 13 14 15 16 17 17 18 18 18 18 18 19 20 21
1 2 4 5 0 0 4 0 3 0 6 8 18 5 8 5 7 10 12 13 18 9 12 9 11 9 14 15 17 13 13 17 13 16 5 9 19 20 21 18 18 18
-79.00650290000002
pt-36S2-a
Pt C H H H C H Pt H H Pt C Pt Pt S Pt
0 1 1 1 1 1 2 2 3 4 5 5 5 5 5 6 7 8 8 9 10 10 10 10 11 11 11 11 11 11 12 12 13 13 14 14 14 14 14 15
2 2 3 4 10 11 0 1 1 1 6 8 9 10 11 5 8 5 7 5 1 5 11 14 1 5 10 12 13 14 11 14 11 14 10 11 12 13 15 14
-55.75253500000002
os-38S1-a
C H H H Os C H H C H Os H Os S H Os Os Os
0 0 0 0 1 2 3 4 5 5 5 5 6 6 7 8 8 8 8 9 10 11 11 12 12 13 13 13 13 13 13 14 14 15 16 17
1 2 3 5 0 0 0 6 0 6 7 8 4 5 5 5 9 11 13 8 11 8 10 13 14 8 12 14 15 16 17 12 13 13 13 13
-62.3558887800001
ru-24S1-a
Ru C H Ru Ru H H Ru C H Ru Ru Ru S Ru
0 0 0 1 1 1 1 1 1 2 2 3 3 3 4 4 4 4 4 5 5 5 6 7 7 8 8 8 8 8 8 8 8 8 9 9 9 10 11 11 12 12 13 13 13 13 13 13 13 14
1 2 8 0 2 4 5 6 8 0 1 5 8 13 1 5 8 9 13 1 3 4 1 9 13 0 1 3 4 9 10 11 12 13 4 7 8 8 8 13 8 13 3 4 7 8 11 12 14 13
-39.03804475999999
ag-48S3-a
C H H H Ag Ag C H Ag H C H Ag H H C Ag Ag S Ag
0 0 0 0 1 2 3 4 5 5 5 5 5 5 6 6 6 6 6 7 7 7 8 9 9 10 10 10 10 10 11 12 13 13 13 14 15 15 15 15 15 15 16 16 17 17 18 18 18 18 18 19
1 2 3 6 0 0 0 7 6 7 10 13 15 18 0 5 7 9 15 4 5 6 9 6 8 5 11 13 14 15 10 13 5 10 12 10 5 6 10 16 17 18 15 18 15 18 5 15 16 17 19 18
-70.32134797
cd-36S1-a
C H Cd Cd H H C H H C H Cd Cd S Cd
0 0 0 0 1 2 3 3 3 3 4 4 4 5 6 6 6 6 7 8 9 9 9 9 9 9 10 10 11 11 12 12 13 13 13 13 13 14
1 4 5 6 0 4 4 9 10 13 0 2 3 0 0 7 8 9 6 6 3 6 10 11 12 13 3 9 9 13 9 13 3 9 11 12 14 13
-53.45356236
pt-24S1-a
C H Pt H H Pt Pt C H Pt Pt S Pt
0 0 0 0 0 1 2 3 3 4 5 5 5 5 6 7 7 7 7 7 7 8 8 8 9 9 10 10 11 11 11 11 11 12
1 3 4 5 7 0 3 0 2 0 0 7 8 11 8 0 5 8 9 10 11 5 6 7 7 11 7 11 5 7 9 10 12 11
-39.03750738000002
pd-38S2-a
C H H H C H H H Pd C H Pd Pd Pd S H
0 0 0 0 1 2 3 4 4 4 4 5 6 7 8 8 9 9 9 9 10 10 11 11 12 12 13 13 14 14 14 14 14 14 15 15 15 15
1 2 3 9 0 0 0 5 6 7 9 4 4 4 10 14 0 4 10 14 8 9 14 15 14 15 14 15 8 9 11 12 13 15 11 12 13 14
-62.37262673000001
ru-4aS1-a
C H Ru H H C H Ru H Ru C H H C H Ru H Ru S H Ru Ru Ru
0 0 0 0 1 2 3 3 4 5 5 5 5 6 7 8 8 9 10 10 10 10 11 11 12 13 13 13 13 14 15 15 16 16 17 17 18 18 18 18 18 18 18 19 19 20 21 22
1 3 4 5 0 3 0 2 0 0 6 8 10 5 8 5 7 11 5 11 12 13 9 10 10 10 14 16 18 13 16 18 13 15 18 19 13 15 17 19 20 21 22 17 18 18 18 18
-78.84551435000003
pt-48S1-a
C H H H C H Pt H C H H Pt Pt C H Pt Pt S Pt
0 0 0 0 1 2 3 4 4 4 4 5 6 7 7 8 8 8 8 9 10 11 12 12 12 13 13 13 13 13 13 14 14 14 15 15 16 16 17 17 17 17 17 18
1 2 3 4 0 0 0 0 5 7 8 4 7 4 6 4 9 10 13 8 8 14 13 14 17 8 12 14 15 16 17 11 12 13 13 17 13 17 12 13 15 16 18 17
-72.17381898000002
cu-4aS6-a
C H H H Cu Cu C H H C H Cu H Cu C H H Cu H S Cu Cu Cu
0 0 0 0 1 2 3 4 5 6 6 6 6 7 7 7 8 9 9 9 9 10 11 12 12 13 13 14 14 14 14 14 15 15 16 17 18 18 19 19 19 19 19 19 20 20 21 22
1 2 3 6 0 0 0 7 7 0 7 8 9 4 5 6 6 6 10 12 19 9 12 9 11 15 19 15 16 18 19 20 13 14 14 18 14 17 9 13 14 20 21 22 14 19 19 19
-78.42593746
rh-4aS5-a
C H H Rh Rh H C H Rh H C H Rh H C H H Rh Rh H S Rh Rh Rh
0 0 0 0 1 2 3 3 4 5 5 5 6 6 6 6 7 8 9 9 10 10 10 10 11 12 13 13 14 14 14 14 15 16 17 18 18 19 19 19 20 20 20 20 20 20 20 21 22 23
1 2 5 6 0 0 5 20 5 0 3 4 0 7 9 20 6 9 6 8 11 13 14 20 10 13 10 12 10 15 16 19 14 14 19 19 20 14 17 18 3 6 10 18 21 22 23 20 20 20
-78.95184501
ru-38S3-a
C H Ru Ru Ru H H C H Ru H Ru Ru C H H H S Ru Ru
0 0 0 0 1 2 2 3 4 4 4 5 5 5 5 6 7 7 7 7 8 9 9 10 10 10 11 11 12 12 12 13 13 13 13 13 13 14 14 14 15 16 16 17 17 17 17 17 17 17 17 18 18 19
1 5 6 7 0 5 17 5 5 10 17 0 2 3 4 0 0 8 10 17 7 10 17 4 7 9 14 17 13 14 16 12 14 15 16 17 18 11 12 13 13 12 13 2 4 7 9 11 13 18 19 13 17 17
-62.22004224
rh-48S3-a
C H H H Rh Rh Rh C H Rh H C H Rh H Rh H C Rh S Rh
0 0 0 0 1 2 3 4 5 5 5 5 5 5 6 6 6 7 7 7 7 7 8 8 8 8 9 10 10 11 11 11 11 11 12 13 14 14 14 15 16 16 17 17 17 17 17 17 18 18 19 19 19 19 19 20
1 2 3 7 0 0 0 8 7 8 11 14 17 19 8 17 19 0 5 8 10 17 4 5 6 7 10 7 9 5 12 14 16 17 11 14 5 11 13 16 11 15 5 6 7 11 18 19 17 19 5 6 17 18 20 19
-72.37851913000003
pt-4aS3-a
C H H Pt H Pt Pt C H C H H C H H Pt H Pt S H Pt Pt
0 0 0 0 1 2 3 3 4 4 5 6 6 6 7 7 7 7 8 8 8 9 9 9 9 10 11 12 12 12 12 13 14 15 15 16 16 17 18 18 18 18 18 18 18 19 19 19 20 21
1 2 4 7 0 0 4 18 0 3 8 8 18 19 0 8 9 18 5 6 7 7 10 11 12 9 9 9 13 14 16 12 12 16 18 12 15 19 3 6 7 15 19 20 21 6 17 18 18 18
-79.05435786999999
pd-38S3-a
C H Pd Pd Pd H H C H Pd H Pd Pd C H H H S Pd Pd
0 0 0 0 1 2 2 3 4 4 5 5 5 5 6 7 7 7 7 8 9 10 10 10 11 11 12 12 12 13 13 13 13 13 13 14 14 14 15 16 16 17 17 17 17 17 17 18 18 19
1 5 6 7 0 5 17 5 5 10 0 2 3 4 0 0 8 10 17 7 10 4 7 9 14 17 13 14 16 12 14 15 16 17 18 11 12 13 13 12 13 2 7 11 13 18 19 13 17 17
-62.35272917
rh-4aS2-a
C H Rh H H Rh Rh Rh C H C H H C H H H Rh S H Rh Rh
0 0 0 0 1 2 2 3 3 4 5 5 5 6 7 7 7 8 8 8 8 9 9 9 9 10 10 10 10 11 12 13 13 13 13 14 14 15 16 17 18 18 18 18 18 18 18 19 19 19 20 21
1 3 4 8 0 3 18 0 2 0 9 14 18 9 9 18 19 0 9 10 18 5 6 7 8 8 11 12 13 10 10 10 14 15 16 5 13 13 13 19 2 5 7 8 19 20 21 7 17 18 18 18
-78.93410699999998
ir-4aS4-a
C H Ir H H C H H H Ir C H H H Ir Ir S H C Ir Ir
0 0 0 0 1 2 3 3 4 5 5 5 5 6 7 8 9 9 10 10 10 10 11 11 12 13 14 14 15 15 16 16 16 16 16 16 16 17 17 17 18 18 18 18 19 20
1 3 4 18 0 3 0 2 0 6 7 8 18 5 5 5 11 16 11 12 13 18 9 10 10 10 16 17 16 17 9 14 15 17 18 19 20 14 15 16 0 5 10 16 16 16
-79.00157858999995
pt-38S3-a
C H Pt Pt Pt H H C H Pt H Pt C H H Pt H S Pt Pt
0 0 0 0 1 2 2 3 4 5 5 5 5 6 7 7 7 7 8 9 10 10 11 11 12 12 12 12 12 13 13 14 15 16 16 17 17 17 17 17 17 18 18 19
1 5 6 7 0 5 17 5 5 0 2 3 4 0 0 8 10 17 7 10 7 9 13 17 13 14 16 17 18 11 12 12 16 12 15 2 7 11 12 18 19 12 17 17
-62.45537626999999
os-14S1-a
C H Os H Os H Os Os S H Os Os Os
0 0 0 0 0 1 2 2 3 3 4 5 5 6 7 7 7 8 8 8 8 8 8 8 9 9 9 10 11 12
1 3 5 7 8 0 3 8 0 2 5 0 4 9 0 8 9 0 2 7 9 10 11 12 6 7 8 8 8 8
-29.00273474000005
rh-14S1-a
C H Rh Rh H H Rh Rh S H Rh Rh Rh
0 0 0 0 0 0 1 2 2 2 3 3 4 4 4 5 5 6 7 7 7 8 8 8 8 8 8 8 9 9 9 10 11 12
1 2 4 5 7 8 0 0 4 5 4 8 0 2 3 0 2 9 0 8 9 0 3 7 9 10 11 12 6 7 8 8 8 8
-28.898032790000002
cd-38S2-a
C H H H C H H H Cd C H S H Cd Cd Cd
0 0 0 0 1 2 3 4 4 4 4 5 6 7 8 9 9 9 9 10 10 11 11 11 11 11 12 13 14 15
1 2 3 9 0 0 0 5 6 7 9 4 4 4 10 0 4 10 11 8 9 9 12 13 14 15 11 11 11 11
-61.188663010000006
rh-26S1-a
C H H Rh Rh Rh H C H H Rh Rh S H Rh Rh Rh
0 0 0 0 1 2 3 4 5 5 6 6 6 6 7 7 7 7 8 9 9 10 11 11 12 12 12 12 12 12 13 13 13 14 15 16
1 2 6 7 0 0 6 6 6 9 0 3 4 5 0 8 9 12 7 5 7 13 12 13 7 11 13 14 15 16 10 11 12 12 12 12
-45.56569241
cu-38S1-a
C H H H Cu Cu C H H C H Cu H Cu S H Cu Cu Cu
0 0 0 0 1 2 3 4 5 6 6 6 6 7 7 7 8 9 9 9 9 10 11 11 12 12 13 13 14 14 14 14 14 14 14 15 15 16 17 18
1 2 3 6 0 0 0 7 7 0 7 8 9 4 5 6 6 6 10 12 14 9 12 14 9 11 14 15 9 11 13 15 16 17 18 13 14 14 14 14
-61.694639980000005
pd-38S1-a
C H H H Pd Pd C H H C H Pd H Pd S H Pd Pd Pd
0 0 0 0 1 2 3 4 5 6 6 6 6 7 7 7 8 9 9 9 9 10 11 11 12 12 13 13 14 14 14 14 14 14 14 15 15 16 17 18
1 2 3 6 0 0 0 7 7 0 7 8 9 4 5 6 6 6 10 12 14 9 12 14 9 11 14 15 9 11 13 15 16 17 18 13 14 14 14 14
-62.27789998
zn-36S1-a
C H Zn H H C H H Zn C H Zn Zn S Zn
0 0 0 0 1 2 3 3 4 5 5 5 5 5 6 7 8 8 8 8 9 9 9 9 9 9 10 10 11 11 12 12 13 13 13 13 13 14
1 3 4 5 0 3 0 2 0 0 6 7 8 9 5 5 5 9 10 13 5 8 10 11 12 13 8 9 9 13 9 13 8 9 11 12 14 13
-53.66798942999999
au-4aS4-a
C H Au H H C H H H Au C H H H Au S H C Au Au
0 0 0 0 1 2 3 3 4 5 5 5 5 6 7 8 9 10 10 10 10 11 11 12 13 14 14 15 15 15 15 15 16 16 17 17 17 17 18 19
1 3 4 17 0 3 0 2 0 6 7 8 17 5 5 5 11 11 12 13 17 9 10 10 10 15 16 14 16 17 18 19 14 15 0 5 10 15 15 15
-78.30048346000001
au-4aS1-a
C H Au H H C H H Au C H H C H Au H Au S H Au
0 0 0 0 1 2 3 3 4 5 5 5 5 6 7 8 9 9 9 9 10 10 11 12 12 12 12 13 14 15 15 16 16 17 17 17 17 18 18 19
1 3 4 5 0 3 0 2 0 0 6 7 9 5 5 10 5 10 11 12 8 9 9 9 13 15 17 12 15 12 14 17 18 12 16 18 19 16 17 17
-78.26355949
ag-4aS2-a
C H H H Ag Ag C H C H H C H H H Ag Ag S H Ag
0 0 0 0 1 2 3 4 4 5 6 6 6 6 7 7 7 8 8 8 8 9 10 11 11 11 11 12 12 13 14 15 16 16 17 17 17 17 18 18 18 19
1 2 3 6 0 0 0 7 12 7 0 7 8 17 4 5 6 6 9 10 11 8 8 8 12 13 14 4 11 11 11 18 17 18 6 16 18 19 15 16 17 17
-78.21391541
cd-38S3-a
C H Cd H H C H H C H H Cd H S Cd
0 0 0 0 1 2 3 3 4 5 5 5 5 6 7 8 8 8 8 8 9 10 11 12 12 13 13 13 14 14
1 3 4 5 0 3 0 2 0 0 6 7 13 5 5 9 10 12 13 14 8 8 12 8 11 5 8 14 8 13
-61.28761615
pt-14S1-a
C H Pt H Pt H Pt Pt S H Pt Pt Pt
0 0 0 0 0 1 2 3 3 4 5 5 6 7 7 7 8 8 8 8 8 8 9 9 9 10 11 12
1 3 5 7 8 0 3 0 2 5 0 4 9 0 8 9 0 7 9 10 11 12 6 7 8 8 8 8
-28.992868680000015
pd-4aS4-a
C H Pd Pd H H C H H H Pd C H H H Pd Pd S H C Pd Pd
0 0 0 0 1 2 2 3 4 4 4 5 6 6 6 6 7 8 9 10 10 11 11 11 11 12 12 12 13 14 15 15 16 16 17 17 17 17 17 17 17 18 18 18 19 19 19 19 20 21
1 4 5 19 0 4 12 4 0 2 3 0 7 8 9 19 6 6 6 12 17 12 13 14 19 2 10 11 11 11 17 18 17 18 10 15 16 18 19 20 21 15 16 17 0 6 11 17 17 17
-79.0291096
rh-36S1-a
C H Rh H H C H H Rh Rh C H Rh Rh Rh S Rh
0 0 0 0 1 2 2 3 3 4 5 5 5 5 6 7 8 9 9 9 10 10 10 10 10 10 10 10 11 11 11 12 13 13 14 14 15 15 15 15 15 16
1 3 4 5 0 3 10 0 2 0 0 6 7 10 5 5 11 10 11 15 2 5 9 11 12 13 14 15 8 9 10 10 10 15 10 15 9 10 13 14 16 15
-55.624513579999984
os-4aS4-a
C H Os H H C H H H Os C H H H Os Os S H C Os Os
0 0 0 0 1 2 3 3 4 5 5 5 5 6 7 8 9 9 10 10 10 10 11 11 12 13 14 14 15 15 16 16 16 16 16 16 16 17 17 17 18 18 18 18 19 20
1 3 4 18 0 3 0 2 0 6 7 8 18 5 5 5 11 16 11 12 13 18 9 10 10 10 16 17 16 17 9 14 15 17 18 19 20 14 15 16 0 5 10 16 16 16
-79.03358197
ag-26S1-a
C H H Ag H C H Ag H Ag S H Ag Ag Ag
0 0 0 0 1 2 3 4 4 5 5 5 5 6 7 8 8 9 9 10 10 10 10 10 10 11 11 12 13 14
1 2 4 5 0 0 4 0 3 0 6 8 10 5 8 5 7 10 11 5 9 11 12 13 14 9 10 10 10 10
-44.82277690000001
ni-12S1-a
Ni C H H Ni Ni Ni Ni Ni Ni S Ni
0 0 0 0 1 1 1 1 1 1 1 1 1 1 2 2 3 3 4 5 5 6 6 7 8 8 9 9 10 10 10 10 10 10 10 11
1 2 3 10 0 2 3 4 5 6 7 8 9 10 0 1 0 1 1 1 10 1 10 1 1 10 1 10 0 1 5 6 8 9 11 10
-22.061845790000007
ag-48S2-a
C H H Ag H C H H H C H Ag Ag C H Ag Ag S Ag
0 0 0 0 1 2 3 4 4 5 5 5 5 6 7 8 9 9 9 9 10 11 12 12 12 13 13 13 13 13 13 14 14 14 15 15 16 16 17 17 17 17 17 18
1 2 4 9 0 0 4 0 3 6 7 8 9 5 5 5 0 5 10 13 9 14 13 14 17 9 12 14 15 16 17 11 12 13 13 17 13 17 12 13 15 16 18 17
-70.30488321000001
os-38S2-a
C H H H C H H H Os C H Os Os Os S H
0 0 0 0 1 2 3 4 4 4 4 5 6 7 8 8 9 9 9 9 10 10 11 11 12 12 13 13 14 14 14 14 14 14 15 15 15 15
1 2 3 9 0 0 0 5 6 7 9 4 4 4 10 14 0 4 10 14 8 9 14 15 14 15 14 15 8 9 11 12 13 15 11 12 13 14
-62.57775322000009
zn-48S1-a
C H H H C H Zn H C H H Zn C H Zn Zn S Zn
0 0 0 0 1 2 3 4 4 4 4 5 6 7 7 8 8 8 8 8 9 10 11 11 11 11 12 12 12 12 12 12 13 13 14 14 15 15 16 16 16 16 16 17
1 2 3 4 0 0 0 0 5 7 8 4 7 4 6 4 9 10 11 12 8 8 8 12 13 16 8 11 13 14 15 16 11 12 12 16 12 16 11 12 14 15 17 16
-70.30346386
zn-38S3-a
C H H H C H H C H H H S Zn
0 0 0 0 1 2 3 4 4 4 4 5 6 7 7 7 7 8 9 10 11 11 11 12
1 2 3 4 0 0 0 0 5 6 11 4 4 8 9 10 11 7 7 7 4 7 12 11
-61.37803835
zn-4aS2-a
C H H H Zn C H C H H C H H H Zn S H
0 0 0 0 1 2 3 4 5 5 5 5 6 6 7 7 7 7 8 9 10 10 10 10 11 12 13 14 14 15 15 15 16 16
1 2 3 5 0 0 0 6 0 6 7 15 4 5 5 8 9 10 7 7 7 11 12 13 10 10 10 15 16 5 14 16 14 15
-78.02890681
zn-4aS1-a
C H Zn H H C H H Zn C H H C H H S H Zn
0 0 0 0 1 2 3 3 4 5 5 5 5 6 7 8 9 9 9 9 10 10 11 12 12 12 12 13 14 15 15 15 16 17
1 3 4 5 0 3 0 2 0 0 6 7 9 5 5 10 5 10 11 12 8 9 9 9 13 14 15 12 12 12 16 17 15 15
-77.97172907000001
cu-38S3-a
C H Cu Cu Cu H H C H Cu H Cu Cu C H H H S Cu Cu
0 0 0 0 1 2 2 3 4 5 5 5 5 6 7 7 7 7 8 9 10 10 11 11 12 12 12 13 13 13 13 13 13 14 14 14 15 16 16 17 17 17 17 17 17 18 18 19
1 5 6 7 0 5 17 5 5 0 2 3 4 0 0 8 10 17 7 10 7 9 14 17 13 14 16 12 14 15 16 17 18 11 12 13 13 12 13 2 7 11 13 18 19 13 17 17
-61.749983060000005
zn-4aS3-a
C H H H Zn C H C H H C H H H S H Zn
0 0 0 0 1 2 3 4 5 5 5 5 6 6 7 7 7 7 8 9 10 10 10 10 11 12 13 14 14 14 15 16
1 2 3 5 0 0 0 6 0 6 7 14 4 5 5 8 9 10 7 7 7 11 12 13 10 10 10 5 15 16 14 14
-78.00098933000001
rh-38S1-a
C H H H Rh Rh Rh C H H C H Rh H Rh S H Rh Rh Rh
0 0 0 0 1 2 3 4 5 6 7 7 7 7 8 8 8 8 9 10 10 10 10 11 12 12 13 13 14 14 15 15 15 15 15 15 15 16 16 17 18 19
1 2 3 7 0 0 0 8 8 8 0 8 9 10 4 5 6 7 7 7 11 13 15 10 13 15 10 12 15 16 10 12 14 16 17 18 19 14 15 15 15 15
-62.25031863999999
ag-36S2-a
Ag Ag C H H Ag H C H Ag H Ag H C Ag Ag S Ag
0 1 1 1 1 1 2 2 2 2 2 3 3 3 4 5 6 6 7 7 7 7 7 8 9 10 10 11 12 12 13 13 13 13 13 13 14 14 15 15 16 16 16 16 16 17
3 2 3 7 13 16 1 3 4 6 13 0 1 2 2 6 2 5 1 8 10 12 13 7 10 7 9 12 7 11 1 2 7 14 15 16 13 16 13 16 1 13 14 15 17 16
-53.71744093000001
cd-4aS4-a
C H Cd H H C H H H Cd C H H H S H C Cd
0 0 0 0 1 2 3 3 4 5 5 5 5 6 7 8 9 10 10 10 10 11 11 12 13 14 14 14 15 16 16 16 16 17
1 3 4 16 0 3 0 2 0 6 7 8 16 5 5 5 11 11 12 13 16 9 10 10 10 15 16 17 14 0 5 10 14 14
-77.87106263000001
pt-48S3-a
C H H H Pt Pt Pt C H H C H Pt H H C Pt S Pt
0 0 0 0 1 2 3 4 5 5 5 5 5 6 6 6 7 7 7 7 7 8 8 8 8 9 10 10 10 10 10 11 12 13 13 14 15 15 15 15 15 15 16 16 17 17 17 17 17 18
1 2 3 7 0 0 0 8 7 8 10 15 17 8 15 17 0 5 8 9 15 4 5 6 7 7 5 11 13 14 15 10 13 10 12 10 5 6 7 10 16 17 15 17 5 6 15 16 18 17
-72.26580100000001
ag-24S1-a
Ag C H Ag H H Ag Ag C H Ag Ag S Ag
0 1 1 1 1 1 2 2 3 4 4 5 6 6 6 6 7 8 8 8 8 8 8 9 9 9 10 10 11 11 12 12 12 12 12 13
2 2 4 5 6 8 0 1 4 1 3 1 1 8 9 12 9 1 6 9 10 11 12 6 7 8 8 12 8 12 6 8 10 11 13 12
-37.05142341999999
au-26S1-a
C H H Au H C H Au H Au S H Au Au
0 0 0 0 1 2 3 4 4 5 5 5 5 6 7 8 8 9 9 10 10 10 10 10 11 11 12 13
1 2 4 5 0 0 4 0 3 0 6 8 10 5 8 5 7 10 11 5 9 11 12 13 9 10 10 10
-44.906971450000015
zn-26S1-a
C H H Zn H C H H S H Zn
0 0 0 0 1 2 3 4 4 5 5 5 5 6 7 8 8 8 9 10
1 2 4 5 0 0 4 0 3 0 6 7 8 5 5 5 9 10 8 8
-44.63636251
zn-48S2-a
C H H Zn H C H H H C H Zn C H Zn Zn S Zn
0 0 0 0 1 2 3 4 4 5 5 5 5 6 7 8 9 9 9 9 10 11 11 11 12 12 12 12 12 12 13 13 14 14 15 15 16 16 16 16 16 17
1 2 4 9 0 0 4 0 3 6 7 8 9 5 5 5 0 5 10 12 9 12 13 16 9 11 13 14 15 16 11 12 12 16 12 16 11 12 14 15 17 16
-70.33598413
ag-4aS6-a
C H H H Ag C H H C H Ag H Ag C H H Ag H S Ag Ag Ag
0 0 0 0 1 2 3 4 5 5 5 5 6 6 7 8 8 8 8 9 10 11 11 12 12 13 13 13 13 13 14 14 15 16 17 17 18 18 18 18 18 18 19 19 20 21
1 2 3 5 0 0 0 6 0 6 7 8 4 5 5 5 9 11 18 8 11 8 10 14 18 14 15 17 18 19 12 13 13 17 13 16 8 12 13 19 20 21 13 18 18 18
-78.19783508
ag-4aS5-a
C H H Ag H C H Ag H C H Ag H C H H Ag H S Ag Ag Ag
0 0 0 0 1 2 3 4 4 5 5 5 5 6 7 8 8 9 9 9 9 10 11 12 12 13 13 13 13 14 15 16 17 17 18 18 18 18 18 19 20 21
1 2 4 5 0 0 4 0 3 0 6 8 18 5 8 5 7 10 12 13 18 9 12 9 11 9 14 15 17 13 13 17 13 16 5 9 19 20 21 18 18 18
-78.15883463
ni-4aS2-a
C H H H Ni Ni C H C H H C H H H Ni Ni S H Ni Ni Ni
0 0 0 0 1 2 3 4 4 5 5 6 6 6 6 7 7 7 8 8 8 8 9 10 11 11 11 11 12 13 14 15 16 16 17 17 17 17 17 17 17 17 18 18 18 19 20 21
1 2 3 6 0 0 0 7 17 7 17 0 7 8 17 4 5 6 6 9 10 11 8 8 8 12 13 14 11 11 11 18 17 18 4 5 6 16 18 19 20 21 15 16 17 17 17 17
-78.77614541999998
os-48S3-a
C H H H Os Os C H Os H C H Os H Os H C S Os Os Os
0 0 0 0 1 2 3 4 5 5 5 5 5 6 6 6 6 7 7 7 8 8 9 9 10 10 10 10 10 11 12 13 13 13 14 14 15 15 16 16 16 16 16 16 17 17 17 17 17 18 19 20
1 2 3 6 0 0 0 7 7 10 13 16 17 0 7 9 16 4 5 6 9 16 6 8 5 11 13 15 16 10 13 5 10 12 15 16 10 14 5 6 8 10 14 17 5 16 18 19 20 17 17 17
-72.64227864000009
ir-4aS2-a
C H Ir H H Ir Ir C H C H H C H H H Ir Ir S H Ir Ir
0 0 0 0 1 2 2 3 3 4 5 5 6 7 7 7 7 8 8 8 9 9 9 9 10 11 12 12 12 12 13 14 15 16 17 17 18 18 18 18 18 18 18 19 19 19 20 21
1 3 4 7 0 3 18 0 2 0 8 18 8 0 8 9 18 5 6 7 7 10 11 12 9 9 9 13 14 15 12 12 12 19 18 19 2 5 7 17 19 20 21 16 17 18 18 18
-79.00455534999998
pt-26S2-a
C H Pt H Pt H Pt C H H Pt H Pt S Pt Pt
0 0 0 0 0 1 2 3 3 4 5 5 6 6 7 7 7 7 7 8 8 9 10 11 11 12 12 12 13 13 13 13 13 13 14 15
1 3 5 12 13 0 3 0 2 5 0 4 8 13 8 9 11 12 13 6 7 7 11 7 10 0 7 13 0 6 7 12 14 15 13 13
-45.80905223000002
ir-38S2-a
C H H H C H H H Ir C H Ir Ir Ir S H
0 0 0 0 1 2 3 4 4 4 4 5 6 7 8 8 9 9 9 9 10 10 11 11 12 12 13 13 14 14 14 14 14 14 15 15 15 15
1 2 3 9 0 0 0 5 6 7 9 4 4 4 10 14 0 4 10 14 8 9 14 15 14 15 14 15 8 9 11 12 13 15 11 12 13 14
-62.25805380999998
au-14S1-a
C H Au H Au H Au S H
0 0 0 0 0 1 2 3 3 4 5 5 6 6 6 7 7 7 8 8
1 3 5 6 7 0 3 0 2 5 0 4 0 7 8 0 6 8 6 7
-28.249769549999996
ru-38S1-a
C H H H Ru Ru Ru C H H C H Ru H Ru S H Ru Ru Ru
0 0 0 0 1 2 3 4 5 6 7 7 7 7 8 8 8 8 9 10 10 10 10 11 12 12 13 13 14 14 15 15 15 15 15 15 15 16 16 17 18 19
1 2 3 7 0 0 0 8 8 8 0 8 9 10 4 5 6 7 7 7 11 13 15 10 13 15 10 12 15 16 10 12 14 16 17 18 19 14 15 15 15 15
-62.17117840000003
cu-14S1-a
C H Cu H Cu H Cu Cu S H Cu Cu Cu
0 0 0 0 0 0 1 2 2 3 3 4 4 5 5 6 7 7 7 8 8 8 8 8 8 8 9 9 9 10 11 12
1 3 4 5 7 8 0 3 8 0 2 0 5 0 4 9 0 8 9 0 2 7 9 10 11 12 6 7 8 8 8 8
-28.361322970000003
pd-12S1-a
Pd Pd C H Pd H Pd Pd S Pd
0 1 1 1 1 2 2 2 2 2 2 3 3 3 4 5 5 5 6 6 7 7 8 8 8 8 8 9
3 2 3 5 8 1 3 5 6 7 8 0 1 2 5 1 2 4 2 8 2 8 1 2 6 7 9 8
-22.163634510000037
au-4aS6-a
C H H H Au C H H C H Au H Au C H H Au H S Au
0 0 0 0 1 2 3 4 5 5 5 5 6 6 7 8 8 8 8 9 10 11 11 12 13 13 13 13 13 14 14 15 16 17 17 18 18 18 19 19
1 2 3 5 0 0 0 6 0 6 7 8 4 5 5 5 9 11 18 8 11 8 10 14 14 15 17 18 19 12 13 13 17 13 16 8 13 19 13 18
-78.33445528000001
ni-14S1-a
C H Ni H H Ni Ni S H Ni Ni Ni Ni
0 0 0 0 0 0 1 2 2 3 3 4 5 6 6 6 7 7 7 7 7 7 7 7 8 8 8 9 9 10 11 12
1 3 4 6 7 9 0 3 7 0 2 0 8 0 7 8 0 2 6 8 9 10 11 12 5 6 7 0 7 7 7 7
-28.72400203000001
pd-14S1-a
C H Pd Pd H H Pd Pd S H Pd Pd Pd
0 0 0 0 0 1 2 2 3 4 4 4 5 5 6 7 7 7 8 8 8 8 8 8 9 9 9 10 11 12
1 4 5 7 8 0 4 5 4 0 2 3 0 2 9 0 8 9 0 7 9 10 11 12 6 7 8 8 8 8
-28.892604369999987
cu-4aS4-a
C H Cu H H C H H H Cu C H H H Cu Cu S H C Cu Cu
0 0 0 0 1 2 3 3 4 5 5 5 5 6 7 8 9 9 10 10 10 10 11 11 12 13 14 14 15 15 16 16 16 16 16 16 16 17 17 17 18 18 18 18 19 20
1 3 4 18 0 3 0 2 0 6 7 8 18 5 5 5 11 16 11 12 13 18 9 10 10 10 16 17 16 17 9 14 15 17 18 19 20 14 15 16 0 5 10 16 16 16
-78.40607173999999
ni-48S3-a
C H H H Ni C H Ni H C H Ni H Ni H C Ni S Ni Ni Ni
0 0 0 0 1 2 3 4 5 5 5 5 5 6 6 7 7 7 8 8 9 9 9 9 9 9 10 11 12 12 13 13 13 14 14 15 15 15 15 15 15 16 16 16 17 17 17 17 17 18 19 20
1 2 3 5 0 0 0 6 0 6 7 8 15 4 5 5 8 15 5 7 10 12 13 14 15 16 9 12 9 11 9 14 15 9 13 5 7 9 13 16 17 9 15 17 15 16 18 19 20 17 17 17
-72.08398616
cd-4aS3-a
C H H H Cd C H C H H C H H Cd H Cd S H
0 0 0 0 1 2 3 4 5 5 5 5 6 6 7 7 7 7 8 9 10 10 10 10 11 12 13 14 14 15 15 16 16 16 17 17
1 2 3 5 0 0 0 6 0 6 7 16 4 5 5 8 9 10 7 7 7 11 12 14 10 10 14 10 13 16 17 5 15 17 15 16
-77.92426857000001
pd-4aS2-a
C H Pd H H Pd Pd Pd C H C H H C H H H Pd S H Pd Pd
0 0 0 0 1 2 2 3 3 4 5 5 6 7 7 7 8 8 8 8 9 9 9 9 10 10 10 10 11 12 13 13 13 13 14 14 15 16 17 18 18 18 18 18 18 19 19 19 20 21
1 3 4 8 0 3 18 0 2 0 9 14 9 9 18 19 0 9 10 18 5 6 7 8 8 11 12 13 10 10 10 14 15 16 5 13 13 13 19 2 7 8 19 20 21 7 17 18 18 18
-78.98785046999998
ru-4aS5-a
C H H Ru Ru H C H Ru H C H Ru H C H H Ru Ru H S Ru Ru Ru
0 0 0 0 1 2 3 3 4 5 5 5 6 6 6 6 7 8 9 9 10 10 10 10 11 12 13 13 14 14 14 14 15 16 17 18 18 19 19 19 20 20 20 20 20 20 20 21 22 23
1 2 5 6 0 0 5 20 5 0 3 4 0 7 9 20 6 9 6 8 11 13 14 20 10 13 10 12 10 15 16 19 14 14 19 19 20 14 17 18 3 6 10 18 21 22 23 20 20 20
-78.83461016000001
cd-24S1-a
C H Cd H H Cd C H Cd Cd S Cd
0 0 0 0 0 1 2 3 3 4 5 5 5 5 6 6 6 6 6 6 7 7 8 8 9 9 10 10 10 10 10 11
1 3 4 5 6 0 3 0 2 0 0 6 7 10 0 5 7 8 9 10 5 6 6 10 6 10 5 6 8 9 11 10
-36.83643465000001
zn-36S2-a
Zn C H H H C H Zn H H Zn C Zn Zn S Zn
0 1 1 1 1 1 2 2 3 4 5 5 5 5 5 6 7 8 8 9 10 10 10 10 11 11 11 11 11 11 12 12 13 13 14 14 14 14 14 15
2 2 3 4 10 11 0 1 1 1 6 8 9 10 11 5 8 5 7 5 1 5 11 14 1 5 10 12 13 14 11 14 11 14 10 11 12 13 15 14
-53.82050414999999
pd-48S1-a
C H H H C H Pd Pd H C H H Pd Pd C H Pd Pd S Pd
0 0 0 0 1 2 3 4 4 4 4 5 6 7 8 8 8 9 9 9 9 9 10 11 12 13 13 13 13 14 14 14 14 14 14 15 15 15 16 16 17 17 18 18 18 18 18 19
1 2 3 4 0 0 0 0 5 8 9 4 8 8 4 6 7 4 10 11 13 14 9 9 15 9 14 15 18 9 13 15 16 17 18 12 13 14 14 18 14 18 13 14 16 17 19 18
-72.12404638000001
pd-36S1-a
C H Pd H H C H H Pd Pd C H Pd Pd S Pd
0 0 0 0 1 2 3 3 4 5 5 5 5 5 6 7 8 9 9 9 9 10 10 10 10 10 10 11 11 11 12 12 13 13 14 14 14 14 14 15
1 3 4 5 0 3 0 2 0 0 6 7 9 10 5 5 11 5 10 11 14 5 9 11 12 13 14 8 9 10 10 14 10 14 9 10 12 13 15 14
-55.46277124000002
pt-4aS5-a
C H H Pt H C H Pt H C H Pt H C H H Pt H S Pt Pt Pt
0 0 0 0 1 2 3 4 4 5 5 5 5 6 7 8 8 9 9 9 9 10 11 12 12 13 13 13 13 14 15 16 17 17 18 18 18 18 18 19 20 21
1 2 4 5 0 0 4 0 3 0 6 8 18 5 8 5 7 10 12 13 18 9 12 9 11 9 14 15 17 13 13 17 13 16 5 9 19 20 21 18 18 18
-79.09295702000003
rh-38S2-a
C H H H C H H H Rh C H Rh Rh Rh S H
0 0 0 0 1 2 3 4 4 4 4 5 6 7 8 8 9 9 9 9 10 10 11 11 12 12 13 13 14 14 14 14 14 14 15 15 15 15
1 2 3 9 0 0 0 5 6 7 9 4 4 4 10 14 0 4 10 14 8 9 14 15 14 15 14 15 8 9 11 12 13 15 11 12 13 14
-62.408920920000014
ir-48S3-a
C H H H Ir Ir Ir C H Ir H C H Ir H H C Ir S Ir
0 0 0 0 1 2 3 4 5 5 5 5 5 6 6 6 7 7 7 7 8 8 8 8 9 10 10 11 11 11 11 11 12 13 14 14 14 15 16 16 16 16 16 16 17 17 18 18 18 18 18 19
1 2 3 7 0 0 0 8 8 11 14 16 18 8 16 18 0 8 10 16 4 5 6 7 10 7 9 5 12 14 15 16 11 14 5 11 13 11 5 6 7 11 17 18 16 18 5 6 16 17 19 18
-72.44112568999998
ni-48S1-a
C H H H C H Ni Ni Ni H C H H Ni Ni C H Ni Ni Ni S Ni
0 0 0 0 1 2 3 4 4 4 4 5 6 6 7 8 8 8 9 9 9 9 10 10 10 10 11 12 13 14 14 14 15 15 15 15 15 15 15 15 15 16 16 16 17 18 18 19 19 20 20 20 20 20 20 21
1 2 3 4 0 0 0 0 5 9 10 4 9 15 9 9 15 20 4 6 7 8 4 11 12 15 10 10 16 15 16 20 6 8 10 14 16 17 18 19 20 13 14 15 15 15 20 15 20 8 14 15 18 19 21 20
-72.01586241000001
os-4aS2-a
C H Os H H Os Os C H C H H C H H H Os Os S H Os Os
0 0 0 0 1 2 2 3 3 4 5 5 6 7 7 7 7 8 8 8 9 9 9 9 10 11 12 12 12 12 13 14 15 16 17 17 18 18 18 18 18 18 18 19 19 19 20 21
1 3 4 7 0 3 18 0 2 0 8 18 8 0 8 9 18 5 6 7 7 10 11 12 9 9 9 13 14 15 12 12 12 19 18 19 2 5 7 17 19 20 21 16 17 18 18 18
-79.0110140600001
ru-48S1-a
C H H H Ru Ru C H Ru Ru Ru H C H H Ru C H Ru S Ru Ru
0 0 0 0 1 2 3 4 4 4 4 5 5 6 6 6 6 7 7 7 8 8 9 10 10 10 10 11 11 11 11 11 12 12 12 12 13 14 15 16 16 16 16 16 16 16 17 17 17 18 19 19 19 19 19 19 20 21
1 2 3 6 0 0 0 7 11 16 19 7 19 0 7 11 12 4 5 6 11 16 11 11 16 17 19 4 6 8 9 10 6 13 14 16 12 12 17 4 8 10 12 17 18 19 10 15 16 16 4 5 10 16 20 21 19 19
-72.36295795000001
ir-4aS1-a
C H Ir H H C H Ir H Ir C H H C H Ir H Ir S H Ir Ir Ir
0 0 0 0 1 2 3 3 4 5 5 5 5 6 7 8 8 9 10 10 10 10 11 11 12 13 13 13 13 14 15 16 16 17 17 18 18 18 18 18 18 19 19 20 21 22
1 3 4 5 0 3 0 2 0 0 6 8 10 5 8 5 7 11 5 11 12 13 9 10 10 10 14 16 18 13 16 13 15 18 19 13 17 19 20 21 22 17 18 18 18 18
-79.00574544
ni-26S1-a
C H H Ni Ni H C H Ni H Ni S H Ni Ni Ni
0 0 0 0 1 2 3 3 4 5 5 5 6 6 6 6 7 8 9 9 10 10 11 11 11 11 11 11 11 12 12 13 14 15
1 2 5 6 0 0 5 11 5 0 3 4 0 7 9 11 6 9 6 8 11 12 3 6 10 12 13 14 15 10 11 11 11 11
-45.397055569999964
pt-4aS1-a
C H Pt H H C H H Pt C H H C H Pt H Pt S H Pt Pt Pt
0 0 0 0 1 2 3 3 4 5 5 5 5 6 7 8 9 9 9 9 10 10 11 12 12 12 12 13 14 15 15 16 16 17 17 17 17 17 17 18 18 19 20 21
1 3 4 5 0 3 0 2 0 0 6 7 9 5 5 10 5 10 11 12 8 9 9 9 13 15 17 12 15 12 14 17 18 12 16 18 19 20 21 16 17 17 17 17
-79.05165043
pd-26S2-a
C H Pd H Pd H Pd Pd C H H H Pd S Pd Pd
0 0 0 0 0 1 2 2 3 3 4 5 5 5 6 6 6 7 7 8 8 8 8 8 8 9 9 9 10 11 11 12 12 12 13 13 13 13 13 13 14 15
1 3 5 12 13 0 3 5 0 2 5 0 2 4 8 9 11 9 13 6 9 10 11 12 13 6 7 8 8 6 8 0 8 13 0 7 8 12 14 15 13 13
-45.67721242000002
pt-48S2-a
C H H Pt H C H H H C H Pt Pt C H Pt Pt S Pt
0 0 0 0 1 2 3 4 4 5 5 5 5 6 7 8 9 9 9 9 10 11 12 12 12 13 13 13 13 13 13 14 14 14 15 15 16 16 17 17 17 17 17 18
1 2 4 9 0 0 4 0 3 6 7 8 9 5 5 5 0 5 10 13 9 14 13 14 17 9 12 14 15 16 17 11 12 13 13 17 13 17 12 13 15 16 18 17
-72.18055112000002
ag-26S2-a
C H Ag H Ag H C H H Ag H Ag S Ag Ag Ag
0 0 0 0 0 1 2 3 3 4 5 5 6 6 6 6 6 7 8 9 10 10 11 11 11 12 12 12 12 12 12 13 14 15
1 3 5 11 12 0 3 0 2 5 0 4 7 8 10 11 12 6 6 10 6 9 0 6 12 0 6 11 13 14 15 12 12 12
-44.890619189999995
os-4aS6-a
C H H H Os C H H C H Os H Os C H H Os H S Os Os Os
0 0 0 0 1 2 3 4 5 5 5 5 6 6 7 8 8 8 8 9 10 11 11 12 12 13 13 13 13 13 14 14 15 16 17 17 18 18 18 18 18 18 19 19 20 21
1 2 3 5 0 0 0 6 0 6 7 8 4 5 5 5 9 11 18 8 11 8 10 14 18 14 15 17 18 19 12 13 13 17 13 16 8 12 13 19 20 21 13 18 18 18
-79.13785394000001
os-48S2-a
Os C H H Os Os H C H H H C H Os Os C H Os Os Os S Os
0 0 0 1 1 1 1 2 2 3 4 5 6 6 6 6 7 7 7 7 8 9 10 11 11 11 11 12 13 14 14 14 15 15 15 15 15 15 15 15 16 16 16 17 17 18 18 19 20 20 20 20 20 21
2 6 15 2 3 6 11 0 1 1 6 6 0 1 4 5 8 9 10 11 7 7 7 1 7 12 15 11 16 15 16 20 0 11 14 16 17 18 19 20 13 14 15 15 20 15 20 15 14 15 17 18 21 20
-72.5503679300001
ni-38S1-a
C H H H Ni Ni C H H C H Ni H Ni S H Ni Ni Ni
0 0 0 0 1 2 3 4 5 6 6 6 6 7 7 7 8 9 9 9 9 10 11 11 12 12 13 13 14 14 14 14 14 14 14 15 15 16 17 18
1 2 3 6 0 0 0 7 7 0 7 8 9 4 5 6 6 6 10 12 14 9 12 14 9 11 14 15 9 11 13 15 16 17 18 13 14 14 14 14
-62.082008169999995
pt-12S1-a
Pt C H H Pt Pt Pt Pt S Pt
0 0 0 0 1 1 1 1 1 1 1 1 2 2 3 3 4 5 5 6 7 7 8 8 8 8 8 9
1 2 3 8 0 2 3 4 5 6 7 8 0 1 0 1 1 1 8 1 1 8 0 1 5 7 9 8
-22.288111609999987
zn-38S1-a
C H H H Zn C H H C H H S H Zn
0 0 0 0 1 2 3 4 5 5 5 5 6 6 7 8 8 8 8 9 10 11 11 11 12 13
1 2 3 5 0 0 0 6 0 6 7 8 4 5 5 5 9 10 11 8 8 8 12 13 11 11
-61.30847136999999
cu-4aS3-a
C H H Cu H Cu C H C H H C H H H Cu Cu S H Cu Cu Cu
0 0 0 0 1 2 3 3 4 4 5 6 6 6 6 7 7 8 8 8 8 9 10 11 11 11 11 12 13 14 15 16 16 17 17 17 17 17 17 17 18 18 18 19 20 21
1 2 4 6 0 0 4 17 0 3 7 0 7 8 17 5 6 6 9 10 11 8 8 8 12 13 14 11 11 11 18 17 18 3 6 16 18 19 20 21 15 16 17 17 17 17
-78.38374764
ag-36S1-a
C H Ag H H C H H Ag Ag C H Ag Ag S Ag
0 0 0 0 1 2 3 3 4 5 5 5 5 6 7 8 9 9 9 10 10 10 10 10 10 11 11 11 12 12 13 13 14 14 14 14 14 15
1 3 4 5 0 3 0 2 0 0 6 7 10 5 5 11 10 11 14 5 9 11 12 13 14 8 9 10 10 14 10 14 9 10 12 13 15 14
-53.64931437000001
ru-26S1-a
C H H Ru Ru Ru H C H H Ru Ru S H Ru Ru Ru
0 0 0 0 1 2 3 4 5 5 6 6 6 6 7 7 7 7 8 9 9 10 11 11 12 12 12 12 12 12 13 13 13 14 15 16
1 2 6 7 0 0 6 6 6 9 0 3 4 5 0 8 9 12 7 5 7 13 12 13 7 11 13 14 15 16 10 11 12 12 12 12
-45.48464326999999
ir-36S2-a
Ir C H H Ir H C H Ir H Ir H Ir C Ir Ir S Ir
0 1 1 1 1 1 2 2 3 4 5 5 6 6 6 6 6 7 8 9 9 10 11 11 12 12 12 12 13 13 13 13 13 13 14 14 15 15 16 16 16 16 16 17
2 2 3 5 12 13 0 1 1 5 1 4 7 9 11 12 13 6 9 6 8 11 6 10 1 6 13 16 1 6 12 14 15 16 13 16 13 16 12 13 14 15 17 16
-55.85560404
cd-48S1-a
C H H H C H Cd Cd H C H H C H Cd Cd S Cd
0 0 0 0 1 2 3 4 4 4 4 5 6 7 7 7 7 8 8 8 9 9 9 9 10 11 12 12 12 12 12 12 13 13 14 14 15 15 16 16 16 16 16 17
1 2 3 4 0 0 0 0 5 8 9 4 8 8 12 13 16 4 6 7 4 10 11 12 9 9 7 9 13 14 15 16 7 12 12 16 12 16 7 12 14 15 17 16
-70.08505840000001
au-48S3-a
C H H H Au Au C H H C H Au H H C Au Au S Au
0 0 0 0 1 2 3 4 5 5 5 5 5 6 6 6 6 6 7 7 7 8 9 9 9 9 9 10 11 12 12 13 14 14 14 14 14 14 15 15 16 16 17 17 17 17 17 18
1 2 3 6 0 0 0 7 6 7 9 14 17 0 5 7 8 14 4 5 6 6 5 10 12 13 14 9 12 9 11 9 5 6 9 15 16 17 14 17 14 17 5 14 15 16 18 17
-70.47762838
pd-48S2-a
C H H Pd H C H H H C H Pd Pd C H Pd Pd S Pd
0 0 0 0 1 2 3 4 4 5 5 5 5 6 7 8 9 9 9 9 10 11 12 12 12 13 13 13 13 13 13 14 14 14 15 15 16 16 17 17 17 17 17 18
1 2 4 9 0 0 4 0 3 6 7 8 9 5 5 5 0 5 10 13 9 14 13 14 17 9 12 14 15 16 17 11 12 13 13 17 13 17 12 13 15 16 18 17
-72.13539709
os-36S2-a
Os Os C H H Os H C H Os H Os H C Os Os S Os
0 1 1 1 1 1 1 2 2 2 2 2 3 3 3 4 5 5 6 6 7 7 7 7 7 8 9 9 10 10 10 11 11 12 12 13 13 13 13 13 13 13 13 14 14 15 15 16 16 16 16 16 16 17
3 2 3 7 10 13 16 1 3 4 6 13 0 1 2 2 6 13 2 5 1 8 10 12 13 7 10 16 1 7 9 12 13 7 11 1 2 5 7 11 14 15 16 13 16 13 16 1 9 13 14 15 17 16
-55.98197799000002
au-36S2-a
Au C H H H C H Au H H Au C Au Au S Au
0 1 1 1 1 1 2 2 3 4 5 5 5 5 5 6 7 8 8 9 10 10 10 10 11 11 11 11 11 11 12 12 13 13 14 14 14 14 14 15
2 2 3 4 10 11 0 1 1 1 6 8 9 10 11 5 8 5 7 5 1 5 11 14 1 5 10 12 13 14 11 14 11 14 10 11 12 13 15 14
-53.93524635
rh-4aS3-a
C H H Rh H Rh Rh C H C H H C H H Rh H Rh S H Rh Rh
0 0 0 0 1 2 3 3 4 4 5 6 6 6 7 7 7 7 8 8 8 9 9 9 9 10 11 12 12 12 12 13 14 15 15 16 16 17 18 18 18 18 18 18 18 19 19 19 20 21
1 2 4 7 0 0 4 18 0 3 8 8 18 19 0 8 9 18 5 6 7 7 10 11 12 9 9 9 13 14 16 12 12 16 18 12 15 19 3 6 7 15 19 20 21 6 17 18 18 18
-78.92663419000002
ag-48S1-a
C H H H C H Ag H C H H Ag Ag C H Ag Ag S Ag
0 0 0 0 1 2 3 4 4 4 4 5 6 7 7 8 8 8 8 9 10 11 12 12 12 13 13 13 13 13 13 14 14 14 15 15 16 16 17 17 17 17 17 18
1 2 3 4 0 0 0 0 5 7 8 4 7 4 6 4 9 10 13 8 8 14 13 14 17 8 12 14 15 16 17 11 12 13 13 17 13 17 12 13 15 16 18 17
-70.29843260000001
ni-36S1-a
C H Ni Ni H H C H H Ni Ni C H Ni Ni Ni Ni S Ni
0 0 0 0 1 2 3 3 3 4 4 4 5 6 6 6 6 7 8 9 10 10 10 11 11 11 11 11 11 11 11 11 12 12 12 13 14 15 15 16 16 17 17 17 17 17 17 18
1 4 5 6 0 4 4 11 17 0 2 3 0 0 7 8 11 6 6 12 11 12 17 3 6 10 12 13 14 15 16 17 9 10 11 11 11 11 17 11 17 3 10 11 15 16 18 17
-55.34221188999999
zn-48S3-a
C H H H Zn C H H C H Zn H H Zn C Zn Zn S Zn
0 0 0 0 1 2 3 4 5 5 5 5 5 6 6 7 8 8 8 8 8 9 10 11 11 12 13 13 13 13 14 14 14 14 14 14 15 15 16 16 17 17 17 17 17 18
1 2 3 5 0 0 0 6 0 6 7 13 14 4 5 5 9 11 12 13 14 8 11 8 10 8 5 8 14 17 5 8 13 15 16 17 14 17 14 17 13 14 15 16 18 17
-70.37641666
os-12S1-a
Os Os C H H Os Os Os Os Os S Os
0 0 0 1 1 1 1 2 2 2 2 2 2 2 2 2 2 3 3 3 4 4 5 6 6 7 7 8 9 9 10 10 10 10 10 10 10 11
2 3 10 2 3 4 10 0 1 3 4 5 6 7 8 9 10 0 1 2 1 2 2 2 10 2 10 2 2 10 0 1 2 6 7 9 11 10
-22.519837480000092
pd-36S2-a
Pd Pd C H H Pd H C H Pd H Pd H C Pd Pd S Pd
0 1 1 1 1 1 1 2 2 2 2 2 3 3 3 4 5 6 6 7 7 7 7 7 8 9 10 10 10 11 12 12 13 13 13 13 13 13 14 14 15 15 16 16 16 16 16 17
3 2 3 7 10 13 16 1 3 4 6 13 0 1 2 2 6 2 5 1 8 10 12 13 7 10 1 7 9 12 7 11 1 2 7 14 15 16 13 16 13 16 1 13 14 15 17 16
-55.66707658999999
pd-26S1-a
C H H Pd Pd Pd H C H H Pd Pd S H Pd Pd Pd
0 0 0 0 1 2 3 4 5 5 6 6 6 6 7 7 7 7 8 9 9 10 11 11 12 12 12 12 12 12 13 13 13 14 15 16
1 2 6 7 0 0 6 6 6 9 0 3 4 5 0 8 9 12 7 5 7 13 12 13 7 11 13 14 15 16 10 11 12 12 12 12
-45.588035640000015
rh-36S2-a
Rh Rh C H H Rh H C H Rh H Rh H C Rh Rh S Rh
0 1 1 1 1 1 1 2 2 2 2 2 3 3 3 4 5 6 6 7 7 7 7 7 8 9 9 10 10 10 11 12 12 13 13 13 13 13 13 14 14 15 15 16 16 16 16 16 16 17
3 2 3 7 10 13 16 1 3 4 6 13 0 1 2 2 6 2 5 1 8 10 12 13 7 10 16 1 7 9 12 7 11 1 2 7 14 15 16 13 16 13 16 1 9 13 14 15 17 16
-55.80705476000003
cu-36S1-a
C H Cu Cu Cu H H C H H Cu Cu C H Cu Cu Cu S Cu
0 0 0 0 1 2 2 3 4 4 5 5 5 5 6 7 7 7 7 8 9 10 11 11 11 12 12 12 12 12 12 12 12 12 13 13 13 14 15 15 16 16 17 17 17 17 17 18
1 5 6 7 0 5 12 5 5 12 0 2 3 4 0 0 8 9 12 7 7 13 12 13 17 2 4 7 11 13 14 15 16 17 10 11 12 12 12 17 12 17 11 12 15 16 18 17
-54.37936109999998
rh-26S2-a
C H Rh H Rh H Rh Rh C H H H Rh S Rh Rh
0 0 0 0 0 0 1 2 2 2 3 3 4 4 5 5 5 6 6 6 7 7 8 8 8 8 8 8 9 9 9 10 11 11 12 12 12 13 13 13 13 13 13 13 14 15
1 2 3 5 12 13 0 0 3 5 0 2 5 13 0 2 4 8 9 11 9 13 6 9 10 11 12 13 6 7 8 8 6 8 0 8 13 0 4 7 8 12 14 15 13 13
-45.683044069999994
ru-4aS4-a
C H Ru H H C H H H Ru C H H H Ru Ru S H C Ru Ru
0 0 0 0 1 2 3 3 4 5 5 5 5 6 7 8 9 9 10 10 10 10 11 11 12 13 14 14 15 15 16 16 16 16 16 16 16 17 17 17 18 18 18 18 19 20
1 3 4 18 0 3 0 2 0 6 7 8 18 5 5 5 11 16 11 12 13 18 9 10 10 10 16 17 16 17 9 14 15 17 18 19 20 14 15 16 0 5 10 16 16 16
-78.86937429
au-38S1-a
C H H H Au C H H C H Au H Au S H Au
0 0 0 0 1 2 3 4 5 5 5 5 6 6 7 8 8 8 8 9 10 11 11 12 12 13 13 13 13 14 14 15
1 2 3 5 0 0 0 6 0 6 7 8 4 5 5 5 9 11 13 8 11 8 10 13 14 8 12 14 15 12 13 13
-61.58410269000001
au-26S2-a
C H Au H Au H C H H Au H Au S Au
0 0 0 0 0 1 2 3 3 4 5 5 6 6 6 6 6 7 8 9 10 10 11 11 11 12 12 12 12 13
1 3 5 11 12 0 3 0 2 5 0 4 7 8 10 11 12 6 6 10 6 9 0 6 12 0 6 11 13 12
-45.00481706000002
rh-38S3-a
C H Rh Rh Rh H H C H Rh H Rh Rh C H H H S Rh Rh
0 0 0 0 1 2 2 3 4 4 5 5 5 5 6 7 7 7 7 8 9 10 10 10 11 11 12 12 12 13 13 13 13 13 13 14 14 14 15 16 16 17 17 17 17 17 17 18 18 19
1 5 6 7 0 5 17 5 5 10 0 2 3 4 0 0 8 10 17 7 10 4 7 9 14 17 13 14 16 12 14 15 16 17 18 11 12 13 13 12 13 2 7 11 13 18 19 13 17 17
-62.322540730000014
zn-14S1-a
C H H H S H Zn
0 0 0 0 1 2 3 4 4 4 5 6
1 2 3 4 0 0 0 0 5 6 4 4
-27.998256760000004
cu-24S1-a
Cu C H Cu H H Cu Cu C H Cu Cu Cu S Cu
0 0 0 1 1 1 1 1 2 2 3 3 4 4 5 6 6 6 7 7 8 8 8 8 8 8 8 8 9 9 9 10 11 11 12 12 13 13 13 13 13 13 13 14
1 2 8 0 2 4 5 8 0 1 4 13 1 3 1 8 9 13 9 13 0 1 6 9 10 11 12 13 6 7 8 8 8 13 8 13 3 6 7 8 11 12 14 13
-37.78590667
zn-12S1-a
Zn C H H Zn Zn S Zn
0 0 0 0 1 1 1 1 1 1 2 2 3 3 4 4 5 5 6 6 6 6 6 7
1 2 3 6 0 2 3 4 5 6 0 1 0 1 1 6 1 6 0 1 4 5 7 6
-20.48793386
cu-12S1-a
Cu Cu C H H Cu Cu Cu Cu Cu S Cu
0 0 0 1 1 1 1 2 2 2 2 2 2 2 2 2 2 3 3 3 4 4 5 6 6 7 7 8 9 9 10 10 10 10 10 10 10 11
2 3 10 2 3 4 10 0 1 3 4 5 6 7 8 9 10 0 1 2 1 2 2 2 10 2 10 2 2 10 0 1 2 6 7 9 11 10
-21.109238129999994
ru-38S2-a
C H H H C H H H Ru C H Ru Ru Ru S H
0 0 0 0 1 2 3 4 4 4 4 5 6 7 8 8 9 9 9 9 10 10 11 11 12 12 13 13 14 14 14 14 14 14 15 15 15 15
1 2 3 9 0 0 0 5 6 7 9 4 4 4 10 14 0 4 10 14 8 9 14 15 14 15 14 15 8 9 11 12 13 15 11 12 13 14
-62.48177376000001
au-36S1-a
C H Au H H C H H Au Au C H Au Au S Au
0 0 0 0 1 2 3 3 4 5 5 5 5 5 6 7 8 9 9 9 9 10 10 10 10 10 10 11 11 11 12 12 13 13 14 14 14 14 14 15
1 3 4 5 0 3 0 2 0 0 6 7 9 10 5 5 11 5 10 11 14 5 9 11 12 13 14 8 9 10 10 14 10 14 9 10 12 13 15 14
-53.77045909
au-38S3-a
C H Au Au H H C H H Au C H H Au H S Au Au
0 0 0 0 1 2 3 4 4 4 5 6 6 6 6 7 8 9 9 10 10 10 10 10 11 11 12 13 14 14 15 15 15 15 15 16 16 17
1 4 5 6 0 4 4 0 2 3 0 0 7 8 15 6 6 11 15 11 12 14 15 16 9 10 10 14 10 13 6 9 10 16 17 10 15 15
-61.66093183000001
cu-36S2-a
Cu C H H Cu H C H Cu H Cu H Cu C Cu S Cu Cu
0 1 1 1 1 1 1 2 2 3 4 4 4 5 5 6 6 6 6 6 6 7 8 9 9 10 10 10 11 11 12 12 12 12 13 13 13 13 13 13 13 14 14 15 15 15 15 15 16 17
2 2 3 4 5 12 13 0 1 1 1 5 13 1 4 7 9 10 11 12 13 6 9 6 8 6 11 13 6 10 1 6 13 15 1 4 6 10 12 14 15 13 15 12 13 14 16 17 15 15
-54.47699159999999
ag-12S1-a
Ag C H H Ag Ag S Ag
0 0 0 0 1 1 1 1 1 1 2 2 3 3 4 4 5 5 6 6 6 6 6 7
1 2 3 6 0 2 3 4 5 6 0 1 0 1 1 6 1 6 0 1 4 5 7 6
-20.386104750000015
pd-48S3-a
C H H H Pd Pd Pd C H Pd H C H Pd H Pd H C Pd S Pd
0 0 0 0 1 2 3 4 5 5 5 5 5 5 5 6 6 6 7 7 7 7 7 8 8 8 8 9 10 10 11 11 11 11 11 12 13 14 14 14 15 16 16 16 17 17 17 17 17 17 18 18 19 19 19 19 19 20
1 2 3 7 0 0 0 8 7 8 11 14 16 17 19 8 17 19 0 5 8 10 17 4 5 6 7 10 7 9 5 12 14 16 17 11 14 5 11 13 16 5 11 15 5 6 7 11 18 19 17 19 5 6 17 18 20 19
-72.22637458
zn-38S2-a
C H H H Zn C H H H Zn C H S H Zn
0 0 0 0 1 2 3 4 5 5 5 5 6 6 7 8 9 10 10 10 10 11 11 12 12 12 13 14
1 2 3 10 0 0 0 6 6 7 8 10 4 5 5 5 11 0 5 11 12 9 10 10 13 14 12 12
-61.32676565
ir-26S2-a
C H Ir H Ir H Ir Ir C H H H Ir S Ir Ir
0 0 0 0 0 0 1 2 2 3 3 4 5 5 6 6 6 7 7 8 8 8 8 8 8 9 9 9 10 11 11 12 12 12 13 13 13 13 13 13 14 15
1 2 3 5 12 13 0 0 3 0 2 5 0 4 8 9 11 9 13 6 9 10 11 12 13 6 7 8 8 6 8 0 8 13 0 7 8 12 14 15 13 13
-45.777981839999995
cd-4aS5-a
C H H Cd H C H Cd H C H Cd H C H H Cd H S Cd
0 0 0 0 1 2 3 4 4 5 5 5 5 6 7 8 8 9 9 9 9 10 11 12 12 13 13 13 13 14 15 16 17 17 18 18 18 19
1 2 4 5 0 0 4 0 3 0 6 8 18 5 8 5 7 10 12 13 18 9 12 9 11 9 14 15 17 13 13 17 13 16 5 9 19 18
-77.93262719
pd-4aS6-a
C H Pd H H Pd C H H C H Pd H Pd C H H Pd H S Pd Pd Pd
0 0 0 0 1 2 3 3 4 5 6 6 6 6 7 7 8 9 9 9 9 10 11 12 12 13 13 14 14 14 14 14 15 15 16 17 18 18 19 19 19 19 19 19 20 20 21 22
1 3 4 6 0 3 0 2 0 7 0 7 8 9 5 6 6 6 10 12 19 9 12 9 11 15 19 15 16 18 19 20 13 14 14 18 14 17 9 13 14 20 21 22 14 19 19 19
-79.04919515000003
ru-36S1-a
C H Ru Ru Ru H Ru H C H H Ru Ru C H Ru Ru S Ru
0 0 0 0 1 2 2 3 4 4 4 5 5 5 5 6 6 6 7 7 7 8 8 8 8 9 10 11 12 12 12 13 13 13 13 13 13 13 13 13 14 14 14 15 16 16 17 17 17 17 17 18
1 5 7 8 0 5 13 5 5 7 13 0 2 3 4 7 13 17 0 4 6 0 9 10 13 8 8 14 13 14 17 2 4 6 8 12 14 15 16 17 11 12 13 13 13 17 6 12 13 16 18 17
-55.665393559999984
rh-4aS4-a
C H Rh H H C H H H Rh Rh C H H H Rh Rh S H C Rh Rh
0 0 0 0 1 2 2 3 3 4 5 5 5 5 6 7 8 9 9 10 11 11 11 11 12 12 12 12 13 14 15 15 16 16 17 17 17 17 17 17 17 18 18 18 19 19 19 19 20 21
1 3 4 19 0 3 12 0 2 0 6 7 8 19 5 5 5 12 17 12 12 13 14 19 2 9 10 11 11 11 17 18 17 18 9 15 16 18 19 20 21 15 16 17 0 5 11 17 17 17
-78.97017526000002
cu-4aS1-a
C H Cu H H C H H Cu C H H C H Cu H Cu S H Cu Cu Cu
0 0 0 0 1 2 3 3 4 5 5 5 5 6 7 8 9 9 9 9 10 10 11 12 12 12 12 13 14 15 15 16 16 17 17 17 17 17 17 18 18 19 20 21
1 3 4 5 0 3 0 2 0 0 6 7 9 5 5 10 5 10 11 12 8 9 9 9 13 15 17 12 15 12 14 17 18 12 16 18 19 20 21 16 17 17 17 17
-78.36597574999999
os-4aS5-a
C H H Os H C H Os H C H Os H C H H Os H S Os Os Os
0 0 0 0 1 2 3 3 4 4 5 5 5 5 6 7 8 8 9 9 9 9 10 11 12 12 13 13 13 13 14 15 16 16 17 17 18 18 18 18 18 18 18 19 20 21
1 2 4 5 0 0 4 18 0 3 0 6 8 18 5 8 5 7 10 12 13 18 9 12 9 11 9 14 15 17 13 13 17 18 13 16 3 5 9 16 19 20 21 18 18 18
-79.03254403000005
cd-12S1-a
Cd C H H Cd Cd S Cd
0 0 0 0 1 1 1 1 1 1 2 2 3 3 4 4 5 5 6 6 6 6 6 7
1 2 3 6 0 2 3 4 5 6 0 1 0 1 1 6 1 6 0 1 4 5 7 6
-20.223719799999998
ir-4aS6-a
C H H H Ir C H H C H Ir H Ir C H H Ir H S Ir Ir Ir
0 0 0 0 1 2 3 4 5 5 5 5 6 6 7 8 8 8 8 9 10 11 11 12 12 13 13 13 13 13 14 14 15 16 17 17 18 18 18 18 18 18 19 19 20 21
1 2 3 5 0 0 0 6 0 6 7 8 4 5 5 5 9 11 18 8 11 8 10 14 18 14 15 17 18 19 12 13 13 17 13 16 8 12 13 19 20 21 13 18 18 18
-79.10810977
rh-4aS6-a
C H H H Rh Rh C H H C H Rh H Rh C H H Rh H S Rh Rh Rh
0 0 0 0 1 2 3 4 5 6 6 6 6 7 7 7 8 9 9 9 9 10 11 12 12 13 13 14 14 14 14 14 15 15 16 17 18 18 19 19 19 19 19 19 20 20 21 22
1 2 3 6 0 0 0 7 7 0 7 8 9 4 5 6 6 6 10 12 19 9 12 9 11 15 19 15 16 18 19 20 13 14 14 18 14 17 9 13 14 20 21 22 14 19 19 19
-79.02047713000002
ir-12S1-a
Ir Ir C H H Ir Ir Ir S Ir
0 0 1 1 1 1 2 2 2 2 2 2 2 2 3 3 3 4 4 5 6 6 7 7 8 8 8 8 8 9
2 3 2 3 4 8 0 1 3 4 5 6 7 8 0 1 2 1 2 2 2 8 2 8 1 2 6 7 9 8
-22.42320221
cd-48S2-a
C H H Cd Cd H C H H H C H C H Cd Cd S Cd
0 0 0 0 1 2 3 4 4 4 4 4 5 5 5 6 6 6 6 7 8 9 10 10 10 10 11 11 12 12 12 12 12 12 13 13 14 14 15 15 16 16 16 16 16 17
1 2 5 10 0 0 5 5 11 12 13 16 0 3 4 7 8 9 10 6 6 6 0 6 11 12 4 10 4 10 13 14 15 16 4 12 12 16 12 16 4 12 14 15 17 16
-70.11431451000001
zn-4aS5-a
C H H Zn H C H Zn H C H Zn H C H H Zn H S Zn
0 0 0 0 1 2 3 4 4 5 5 5 5 6 7 8 8 9 9 9 9 10 11 12 12 13 13 13 13 14 15 16 17 17 18 18 18 19
1 2 4 5 0 0 4 0 3 0 6 8 18 5 8 5 7 10 12 13 18 9 12 9 11 9 14 15 17 13 13 17 13 16 5 9 19 18
-78.03832101999998
ir-48S1-a
C H H H C H Ir H C H H Ir Ir C H Ir Ir S Ir
0 0 0 0 1 2 3 4 4 4 4 5 6 7 7 8 8 8 8 9 10 11 12 12 12 13 13 13 13 13 13 14 14 14 15 15 16 16 17 17 17 17 17 18
1 2 3 4 0 0 0 0 5 7 8 4 7 4 6 4 9 10 13 8 8 14 13 14 17 8 12 14 15 16 17 11 12 13 13 17 13 17 12 13 15 16 18 17
-72.36896277
cd-26S1-a
C H H Cd H C H H S H Cd
0 0 0 0 1 2 3 4 4 5 5 5 5 6 7 8 8 8 9 10
1 2 4 5 0 0 4 0 3 0 6 7 8 5 5 5 9 10 8 8
-44.57110136000001
cd-48S3-a
C H H H Cd Cd Cd C H H C H Cd H H C Cd S Cd
0 0 0 0 1 2 3 4 5 5 5 5 5 5 5 6 6 6 7 7 7 7 7 8 8 8 8 9 9 10 10 10 10 10 11 12 13 13 13 14 15 15 15 15 15 15 16 16 17 17 17 17 17 18
1 2 3 7 0 0 0 8 7 8 9 10 13 15 17 8 15 17 0 5 8 9 15 4 5 6 7 5 7 5 11 13 14 15 10 13 5 10 12 10 5 6 7 10 16 17 15 17 5 6 15 16 18 17
-70.11159709
cd-14S1-a
C H Cd H H S H Cd
0 0 0 0 1 2 3 3 4 5 5 5 6 7
1 3 4 5 0 3 0 2 0 0 6 7 5 5
-27.938173060000004
pt-4aS6-a
C H H H Pt C H H C H Pt H Pt C H H Pt H S Pt Pt Pt
0 0 0 0 1 2 3 4 5 5 5 5 6 6 7 8 8 8 8 9 10 11 11 12 12 13 13 13 13 13 14 14 15 16 17 17 18 18 18 18 18 18 19 19 20 21
1 2 3 5 0 0 0 6 0 6 7 8 4 5 5 5 9 11 18 8 11 8 10 14 18 14 15 17 18 19 12 13 13 17 13 16 8 12 13 19 20 21 13 18 18 18
-79.15698595000003
zn-4aS6-a
C H H H Zn C H H C H Zn H C H H Zn H S Zn
0 0 0 0 1 2 3 4 5 5 5 5 6 6 7 8 8 8 8 9 10 11 11 12 12 12 12 13 14 15 16 16 17 17 17 18
1 2 3 5 0 0 0 6 0 6 7 8 4 5 5 5 9 11 17 8 11 8 10 13 14 16 17 12 12 16 12 15 8 12 18 17
-78.04994106000001
rh-12S1-a
Rh Rh C H Rh H Rh Rh Rh S Rh
0 0 0 1 1 1 1 2 2 2 2 2 2 2 2 2 3 3 3 4 4 5 5 5 6 6 7 8 8 9 9 9 9 9 9 10
2 3 9 2 3 5 9 0 1 3 4 5 6 7 8 9 0 1 2 2 5 1 2 4 2 9 2 2 9 0 1 2 6 8 10 9
-22.353244860000018
os-4aS1-a
C H Os H H C H Os H Os C H H C H Os H Os S H Os Os Os
0 0 0 0 1 2 3 3 4 5 5 5 5 6 7 8 8 9 10 10 10 10 11 11 12 13 13 13 13 14 15 15 16 16 17 17 18 18 18 18 18 18 18 19 19 20 21 22
1 3 4 5 0 3 0 2 0 0 6 8 10 5 8 5 7 11 5 11 12 13 9 10 10 10 14 16 18 13 16 18 13 15 18 19 13 15 17 19 20 21 22 17 18 18 18 18
-79.02363874000002
ni-4aS3-a
C H H Ni H Ni C H C H H C H H H Ni Ni S H Ni Ni Ni
0 0 0 0 1 2 3 3 4 4 5 6 6 6 6 7 7 8 8 8 8 9 10 11 11 11 11 12 13 14 15 16 16 17 17 17 17 17 17 17 18 18 18 19 20 21
1 2 4 6 0 0 4 17 0 3 7 0 7 8 17 5 6 6 9 10 11 8 8 8 12 13 14 11 11 11 18 17 18 3 6 16 18 19 20 21 15 16 17 17 17 17
-78.77031188000001
ru-12S1-a
Ru Ru C H Ru H Ru Ru Ru Ru S Ru
0 0 0 1 1 1 1 2 2 2 2 2 2 2 2 2 2 3 3 3 4 4 4 5 5 5 6 7 7 8 9 9 10 10 10 10 10 10 10 11
2 3 10 2 3 5 10 0 1 3 4 5 6 7 8 9 10 0 1 2 2 5 10 1 2 4 2 2 10 2 2 10 0 1 2 4 7 9 11 10
-22.324551190000022
os-26S1-a
C H H Os H C H Os H Os S H Os Os Os
0 0 0 0 1 2 3 4 4 5 5 5 5 6 7 8 8 9 9 10 10 10 10 10 10 11 11 12 13 14
1 2 4 5 0 0 4 0 3 0 6 8 10 5 8 5 7 10 11 5 9 11 12 13 14 9 10 10 10 10
-45.65602562000004
ru-48S3-a
C H H H Ru Ru C H Ru H C H Ru H Ru H C S Ru Ru Ru
0 0 0 0 1 2 3 4 5 5 5 5 5 6 6 6 6 7 7 7 8 8 9 9 10 10 10 10 10 11 12 12 13 13 13 14 14 15 15 16 16 16 16 16 16 17 17 17 17 17 17 18 19 20
1 2 3 6 0 0 0 7 7 10 13 16 17 0 7 9 16 4 5 6 9 16 6 8 5 11 13 15 16 10 13 17 5 10 12 15 16 10 14 5 6 8 10 14 17 5 12 16 18 19 20 17 17 17
-72.45544237000001
ni-38S2-a
C H H H C H H H Ni C H Ni S H Ni Ni
0 0 0 0 1 2 3 4 4 4 4 5 6 7 8 8 9 9 9 9 10 10 11 11 12 12 12 12 12 12 13 13 14 15
1 2 3 9 0 0 0 5 6 7 9 4 4 4 10 12 0 4 10 12 8 9 12 13 8 9 11 13 14 15 11 12 12 12
-62.265153870000006
cd-4aS6-a
C H H H Cd C H H C H Cd H C H H Cd H S Cd
0 0 0 0 1 2 3 4 5 5 5 5 6 6 7 8 8 8 8 9 10 11 11 12 12 12 12 12 13 14 15 16 16 17 17 17 18 18
1 2 3 5 0 0 0 6 0 6 7 8 4 5 5 5 9 11 17 8 11 8 10 13 14 16 17 18 12 12 16 12 15 8 12 18 12 17
-77.94254097999999
pt-4aS4-a
C H Pt H H C H H H Pt C H H H Pt Pt S H C Pt Pt
0 0 0 0 1 2 3 3 4 5 5 5 5 6 7 8 9 10 10 10 10 11 11 12 13 14 14 15 15 16 16 16 16 16 16 17 17 17 18 18 18 18 19 20
1 3 4 18 0 3 0 2 0 6 7 8 18 5 5 5 11 11 12 13 18 9 10 10 10 16 17 16 17 14 15 17 18 19 20 14 15 16 0 5 10 16 16 16
-79.08098695000001
