4aS2
C H H H C H C H H C H H H S H
0 0 0 0 1 2 3 4 4 4 4 5 6 6 6 6 7 8 9 9 9 9 10 11 12 13 13 14
1 2 3 4 0 0 0 0 5 6 13 4 4 7 8 9 6 6 6 10 11 12 9 9 9 4 14 13
-77.5875646
48S2
C H H H C H H H C H C H S
0 0 0 0 1 2 3 4 4 4 4 5 6 7 8 8 8 8 9 10 10 10 11 12
1 2 3 8 0 0 0 5 6 7 8 4 4 4 0 4 9 10 8 8 11 12 10 10
-69.29758067
4aS4
C H H H C H H H C H H H S H C
0 0 0 0 1 2 3 4 4 4 4 5 6 7 8 8 8 8 9 10 11 12 12 13 14 14 14 14
1 2 3 14 0 0 0 5 6 7 14 4 4 4 9 10 11 14 8 8 8 13 14 12 0 4 8 12
-77.6584738
4aS5
C H H H C H H C H H C H H H S
0 0 0 0 1 2 3 4 4 4 4 5 6 7 7 7 7 8 9 10 10 10 10 11 12 13 14 14
1 2 3 4 0 0 0 0 5 6 14 4 4 8 9 10 14 7 7 7 11 12 13 10 10 10 4 7
-77.4709852
36S2
C H H H C H H H C S
0 0 0 0 1 2 3 4 4 4 4 5 6 7 8 8 8 9
1 2 3 8 0 0 0 5 6 7 8 4 4 4 0 4 9 8
-52.8899066
48S3
C H H H C H H C H H H C S
0 0 0 0 1 2 3 4 4 4 4 5 6 7 7 7 7 8 9 10 11 11 11 12
1 2 3 4 0 0 0 0 5 6 11 4 4 8 9 10 11 7 7 7 4 7 12 11
-69.49892096
26S1
C H H H C H H S H
0 0 0 0 1 2 3 4 4 4 4 5 6 7 7 8
1 2 3 4 0 0 0 0 5 6 7 4 4 4 8 7
-44.31230711
26S2
C H H H C H H H S
0 0 0 0 1 2 3 4 4 4 4 5 6 7 8 8
1 2 3 8 0 0 0 5 6 7 8 4 4 4 0 4
-44.25900363
14S1
C H H H S H
0 0 0 0 1 2 3 4 4 5
1 2 3 4 0 0 0 0 5 4
-27.67320668
4aS6
C H H H C H H C H H C H H H S
0 0 0 0 1 2 3 4 4 4 4 5 6 7 7 7 7 8 9 10 10 10 10 11 12 13 14 14
1 2 3 4 0 0 0 0 5 6 7 4 4 4 8 9 14 7 7 11 12 13 14 10 10 10 7 10
-77.46949802
38S2
C H H H C H H H C H S H
0 0 0 0 1 2 3 4 4 4 4 5 6 7 8 8 8 8 9 10 10 11
1 2 3 8 0 0 0 5 6 7 8 4 4 4 0 4 9 10 8 8 11 10
-60.9787702
36S1
C H H H C H H C H S
0 0 0 0 1 2 3 4 4 4 4 5 6 7 7 7 8 9
1 2 3 4 0 0 0 0 5 6 7 4 4 4 8 9 7 7
-52.66295032
4aS1
C H H H C H H C H H C H H S H
0 0 0 0 1 2 3 4 4 4 4 5 6 7 7 7 7 8 9 10 10 10 10 11 12 13 13 14
1 2 3 4 0 0 0 0 5 6 7 4 4 4 8 9 10 7 7 7 11 12 13 10 10 10 14 13
-77.52515631
38S1
C H H H C H H C H H S H
0 0 0 0 1 2 3 4 4 4 4 5 6 7 7 7 7 8 9 10 10 11
1 2 3 4 0 0 0 0 5 6 7 4 4 4 8 9 10 7 7 7 11 10
-60.92238156
38S3
C H H H C H H C H H H S
0 0 0 0 1 2 3 4 4 4 4 5 6 7 7 7 7 8 9 10 11 11
1 2 3 4 0 0 0 0 5 6 11 4 4 8 9 10 11 7 7 7 4 7
-60.8666092
12S1
C H H S
0 0 0 1 2 3
1 2 3 0 0 0
-19.12496053
48S1
C H H H C H H C H H C H S
0 0 0 0 1 2 3 4 4 4 4 5 6 7 7 7 7 8 9 10 10 10 11 12
1 2 3 4 0 0 0 0 5 6 7 4 4 4 8 9 10 7 7 7 11 12 10 10
-69.25889361
24S1
C H H H C H S
0 0 0 0 1 2 3 4 4 4 5 6
1 2 3 4 0 0 0 0 5 6 4 4
-36.04580392
4aS3
C H H H C H C H H C H H H S H
0 0 0 0 1 2 3 4 4 4 4 5 6 6 6 6 7 8 9 9 9 9 10 11 12 13 13 14
1 2 3 4 0 0 0 0 5 6 13 4 4 7 8 9 6 6 6 10 11 12 9 9 9 4 14 13
-77.58598133
