ir-3812-a
C H H H C H H C H H O H Ir
0 0 0 0 1 2 3 4 4 4 4 5 6 7 7 7 7 8 9 10 10 10 11 12
1 2 3 4 0 0 0 0 5 6 7 4 4 4 8 9 10 7 7 7 11 12 10 10
-64.22198494999998
cd-3611-a
C H H H C H H H C O
0 0 0 0 1 2 3 4 4 4 4 5 6 7 8 8 8 9
1 2 3 8 0 0 0 5 6 7 8 4 4 4 0 4 9 8
-56.2402552
cd-4602-a
C H H C H H H C H C
0 0 0 0 1 2 3 3 3 3 4 5 6 7 7 8 9 9
1 2 3 9 0 0 0 4 5 6 3 3 3 8 9 7 0 7
-56.65832577
ni-4a01-a
C H H H C H H C H H C H H H
0 0 0 0 1 2 3 4 4 4 4 5 6 7 7 7 7 8 9 10 10 10 10 11 12 13
1 2 3 4 0 0 0 0 5 6 7 4 4 4 8 9 10 7 7 7 11 12 13 10 10 10
-74.15352144999997
cu-3812-a
C H H H C H H C H H O H Cu
0 0 0 0 1 2 3 4 4 4 4 5 6 7 7 7 7 8 9 10 10 10 11 12
1 2 3 4 0 0 0 0 5 6 7 4 4 4 8 9 10 7 7 7 11 12 10 10
-64.06096492999998
rh-2401-a
C H H C H H Rh
0 0 0 0 1 2 3 3 3 3 4 5 6 6
1 2 3 6 0 0 0 4 5 6 3 3 0 3
-33.22119005000002
cu-3801-a
C H H H C H H C H H H
0 0 0 0 1 2 3 4 4 4 4 5 6 7 7 7 7 8 9 10
1 2 3 4 0 0 0 0 5 6 7 4 4 4 8 9 10 7 7 7
-57.41581771
au-4a14-a
C H H H C H H H C H H H O H C Au
0 0 0 0 1 2 3 4 4 4 4 5 6 7 8 8 8 8 9 10 11 12 12 12 13 14 14 14 14 15
1 2 3 14 0 0 0 5 6 7 14 4 4 4 9 10 11 14 8 8 8 13 14 15 12 0 4 8 12 12
-80.8504455
rh-4a01-a
C H H Rh H C H H C H H C H H H
0 0 0 0 1 2 3 4 4 5 5 5 5 6 7 8 8 8 8 9 10 11 11 11 11 12 13 14
1 2 4 5 0 0 4 0 3 0 6 7 8 5 5 5 9 10 11 8 8 8 12 13 14 11 11 11
-74.14348281000002
pt-4a11-a
C H H H C H H C H H C H H O H Pt
0 0 0 0 1 2 3 4 4 4 4 5 6 7 7 7 7 8 9 10 10 10 10 11 12 13 13 13 14 15
1 2 3 4 0 0 0 0 5 6 7 4 4 4 8 9 10 7 7 7 11 12 13 10 10 10 14 15 13 13
-80.68396841000003
pt-1211-a
C H H Pt Pt O
0 0 0 0 0 1 2 3 3 4 4 5 5 5
1 2 3 4 5 0 0 0 5 0 5 0 3 4
-22.83929766
ag-3611-a
C H H H C H H H C O
0 0 0 0 1 2 3 4 4 4 4 5 6 7 8 8 8 9
1 2 3 8 0 0 0 5 6 7 8 4 4 4 0 4 9 8
-56.247555800000015
au-3811-a
C H H H C H H C H H H O
0 0 0 0 1 2 3 4 4 4 4 5 6 7 7 7 7 8 9 10 11 11
1 2 3 4 0 0 0 0 5 6 11 4 4 8 9 10 11 7 7 7 4 7
-63.54254861000001
os-4811-a
C H H H Os C H H C H H H C O
0 0 0 0 1 2 3 4 5 5 5 5 6 6 7 8 8 8 8 9 10 11 12 12 12 13
1 2 3 5 0 0 0 6 0 6 7 12 4 5 5 9 10 11 12 8 8 8 5 8 13 12
-72.98560012000007
rh-4811-b
Rh C H Rh H H C H H C H H H C O Rh
0 1 1 1 1 2 2 3 4 4 5 6 6 6 6 7 8 9 9 9 9 10 11 12 13 13 13 14 14 15
2 2 4 5 6 0 1 4 1 3 1 1 7 8 13 6 6 10 11 12 13 9 9 9 6 9 14 13 15 14
-73.34060831
cu-4802-a
C H H H C H C H C H H H Cu
0 0 0 0 1 2 3 4 4 4 4 5 6 6 6 6 7 8 8 8 8 9 10 11 12 12
1 2 3 4 0 0 0 0 5 6 12 4 4 7 8 12 6 6 9 10 11 8 8 8 4 6
-65.94713218999999
ni-3601-a
C H H H Ni C H Ni H C H Ni
0 0 0 0 1 2 3 4 4 5 5 5 5 5 5 6 6 7 7 8 8 9 9 9 9 10 11 11
1 2 3 9 0 0 0 5 6 4 6 7 8 9 11 4 5 5 8 5 7 0 5 10 11 9 5 9
-49.86650917999998
ag-1211-a
C H H O
0 0 0 1 2 3
1 2 3 0 0 0
-22.306874050000005
pt-3601-a
C H H H C H H C H Pt
0 0 0 0 1 2 3 4 4 4 4 5 6 7 7 7 7 8 9 9
1 2 3 7 0 0 0 5 6 7 9 4 4 0 4 8 9 7 4 7
-49.90637443000003
ag-2401-a
C H H C H H Ag
0 0 0 0 1 2 3 3 3 3 4 5 6 6
1 2 3 6 0 0 0 4 5 6 3 3 0 3
-32.32111677
pt-4a12-a
C H H H C H Pt H O H C H C H H H Pt
0 0 0 0 1 2 3 4 4 4 4 5 6 7 7 8 8 8 9 10 10 10 10 11 12 12 12 12 13 14 15 16
1 2 3 10 0 0 0 5 7 10 12 4 7 4 6 9 10 16 8 0 4 8 11 10 4 13 14 15 12 12 12 8
-81.01248074
pd-3811-a
C H H Pd H C H H C H H H O Pd
0 0 0 0 1 2 3 4 4 5 5 5 5 6 7 8 8 8 8 9 10 11 12 12 12 13
1 2 4 5 0 0 4 0 3 0 6 7 12 5 5 9 10 11 12 8 8 8 5 8 13 12
-63.741062140000025
rh-3812-a
C H H H Rh C H H C H H O H Rh
0 0 0 0 1 2 3 4 5 5 5 5 6 6 7 8 8 8 8 9 10 11 11 11 12 13
1 2 3 5 0 0 0 6 0 6 7 8 4 5 5 5 9 10 11 8 8 8 12 13 11 11
-64.20325556
ru-3801-a
C H H H C H Ru H C H H H
0 0 0 0 1 2 3 4 4 4 4 5 6 7 7 8 8 8 8 9 10 11
1 2 3 4 0 0 0 0 5 7 8 4 7 4 6 4 9 10 11 8 8 8
-57.426803250000034
ni-3811-a
C H H Ni H C H H C H H H O Ni
0 0 0 0 1 2 3 4 4 5 5 5 5 6 7 8 8 8 8 9 10 11 12 12 12 13
1 2 4 5 0 0 4 0 3 0 6 7 12 5 5 9 10 11 12 8 8 8 5 8 13 12
-63.677063110000006
zn-3801-a
C H H H C H H C H H H
0 0 0 0 1 2 3 4 4 4 4 5 6 7 7 7 7 8 9 10
1 2 3 4 0 0 0 0 5 6 7 4 4 4 8 9 10 7 7 7
-57.35529513
ru-4802-a
C H H H C H Ru C H C H Ru H H Ru
0 0 0 0 1 2 3 4 4 4 4 5 6 6 7 7 7 7 7 7 8 8 9 9 9 9 9 10 11 11 11 12 12 13 14 14
1 2 3 4 0 0 0 0 5 7 14 4 7 8 4 6 8 9 11 14 6 7 7 10 11 12 13 9 7 9 12 9 11 9 4 7
-66.48668652000003
ag-4811-a
C H H H C H H C H H H C O
0 0 0 0 1 2 3 4 4 4 4 5 6 7 7 7 7 8 9 10 11 11 11 12
1 2 3 4 0 0 0 0 5 6 11 4 4 8 9 10 11 7 7 7 4 7 12 11
-72.90538087000002
zn-2201-a
C H C H
0 0 1 2 2 3
1 2 0 0 3 2
-23.07952365
au-3401-a
C H H H C H Au Au C
0 0 0 0 1 2 3 4 4 4 4 5 6 7 7 8 8 8
1 2 3 8 0 0 0 5 6 7 8 4 4 4 8 0 4 7
-40.33178098000002
cd-3401-a
C H H H C H C
0 0 0 0 1 2 3 4 4 5 6 6
1 2 3 6 0 0 0 5 6 4 0 4
-40.017932980000005
au-4a13-a
C H H H Au C H H C H H H C H O H
0 0 0 0 1 2 3 4 5 5 5 5 6 6 7 8 8 8 8 9 10 11 12 12 12 12 13 14 14 15
1 2 3 12 0 0 0 6 6 7 8 12 4 5 5 5 9 10 11 8 8 8 0 5 13 14 12 12 15 14
-80.70079676
pt-3401-a
C H H H C H Pt Pt Pt C
0 0 0 0 1 2 3 4 4 4 4 4 5 6 6 7 7 8 8 9 9 9 9 9
1 2 3 9 0 0 0 5 6 7 8 9 4 4 9 4 9 4 9 0 4 6 7 8
-42.451154669999994
ni-3813-a
C H H H C H H H C H O H Ni
0 0 0 0 1 2 3 4 4 4 4 5 6 7 8 8 8 8 9 10 10 10 11 12
1 2 3 8 0 0 0 5 6 7 8 4 4 4 0 4 9 10 8 8 11 12 10 10
-64.32037632999999
au-4a11-a
C H H H C H H C H H C H H O H
0 0 0 0 1 2 3 4 4 4 4 5 6 7 7 7 7 8 9 10 10 10 10 11 12 13 13 14
1 2 3 4 0 0 0 0 5 6 7 4 4 4 8 9 10 7 7 7 11 12 13 10 10 10 14 13
-80.56049917000001
cd-4a02-a
C H H H C H H H C H C H H H
0 0 0 0 1 2 3 4 4 4 4 5 6 7 8 8 8 8 9 10 10 10 10 11 12 13
1 2 3 8 0 0 0 5 6 7 8 4 4 4 0 4 9 10 8 8 11 12 13 10 10 10
-74.00466315
cd-3812-a
C H H H C H H C H H O H Cd
0 0 0 0 1 2 3 4 4 4 4 5 6 7 7 7 7 8 9 10 10 10 11 12
1 2 3 4 0 0 0 0 5 6 7 4 4 4 8 9 10 7 7 7 11 12 10 10
-63.804538310000005
pt-3611-a
C H H H C H H H C O
0 0 0 0 1 2 3 4 4 4 4 5 6 7 8 8 8 9
1 2 3 8 0 0 0 5 6 7 8 4 4 4 0 4 9 8
-56.342388080000035
ru-3811-a
C H H H C H Ru H C H H H O Ru
0 0 0 0 1 2 3 4 4 4 4 5 6 7 7 8 8 8 8 9 10 11 12 12 12 13
1 2 3 4 0 0 0 0 5 7 12 4 7 4 6 9 10 11 12 8 8 8 4 8 13 12
-63.74803792
ru-4a13-a
C H H H Ru C H H C H H H C H Ru O H
0 0 0 0 1 2 3 4 5 5 5 5 6 6 7 8 8 8 8 9 10 11 12 12 12 12 13 14 14 15 15 15 16 16
1 2 3 12 0 0 0 6 6 7 8 12 4 5 5 5 9 10 11 8 8 8 0 5 13 15 12 15 16 12 14 16 14 15
-81.01769253999998
cu-3601-a
C H H H C H H C H Cu
0 0 0 0 1 2 3 4 4 4 4 5 6 7 7 7 7 8 9 9
1 2 3 7 0 0 0 5 6 7 9 4 4 0 4 8 9 7 4 7
-49.24384735999999
ir-4a01-a
C H H H C H H C H H C H H H
0 0 0 0 1 2 3 4 4 4 4 5 6 7 7 7 7 8 9 10 10 10 10 11 12 13
1 2 3 4 0 0 0 0 5 6 7 4 4 4 8 9 10 7 7 7 11 12 13 10 10 10
-74.11302178
os-2601-a
C H H Os H C H H H
0 0 0 0 1 2 3 4 4 5 5 5 5 6 7 8
1 2 4 5 0 0 4 0 3 0 6 7 8 5 5 5
-40.75193551000007
os-3811-a
C H H H C H Os H C H H H O Os
0 0 0 0 1 2 3 4 4 4 4 5 6 7 7 8 8 8 8 9 10 11 12 12 12 13
1 2 3 4 0 0 0 0 5 7 12 4 7 4 6 9 10 11 12 8 8 8 4 8 13 12
-63.841104740000105
ru-1211-a
C H H Ru Ru Ru O
0 0 0 0 0 0 1 2 3 3 4 4 5 5 6 6 6 6
1 2 3 4 5 6 0 0 0 6 0 6 0 6 0 3 4 5
-23.403450840000005
cu-2401-a
C H H C H H Cu
0 0 0 0 1 2 3 3 3 3 4 5 6 6
1 2 3 6 0 0 0 4 5 6 3 3 0 3
-32.53789828999999
ir-1211-a
C H H Ir Ir O
0 0 0 0 0 1 2 3 3 4 4 5 5 5
1 2 3 4 5 0 0 0 5 0 5 0 3 4
-23.08084907999995
au-3611-a
C H H H C H H H C O
0 0 0 0 1 2 3 4 4 4 4 5 6 7 8 8 8 9
1 2 3 8 0 0 0 5 6 7 8 4 4 4 0 4 9 8
-56.28307650000002
ag-4601-a
C H H H C H H H C C
0 0 0 0 1 2 3 4 4 4 4 5 6 7 8 8 9 9
1 2 3 8 0 0 0 5 6 7 9 4 4 4 0 9 4 8
-57.042648540000016
os-3611-a
C H H H C H H H C O
0 0 0 0 1 2 3 4 4 4 4 5 6 7 8 8 8 9
1 2 3 8 0 0 0 5 6 7 8 4 4 4 0 4 9 8
-56.25759972000003
os-4602-a
C H H C H H H C H Os Os Os C Os
0 0 0 0 1 2 3 3 3 3 4 5 6 7 7 7 7 7 8 9 10 10 11 11 12 12 12 12 12 13
1 2 3 12 0 0 0 4 5 6 3 3 3 8 9 10 11 12 7 7 7 12 7 12 0 7 10 11 13 12
-59.62240539000004
ag-2411-a
C H H H C H O
0 0 0 0 1 2 3 4 4 4 5 6
1 2 3 4 0 0 0 0 5 6 4 4
-39.36930474000002
ag-4a11-a
C H H H C H H C H H C H H O H Ag
0 0 0 0 1 2 3 4 4 4 4 5 6 7 7 7 7 8 9 10 10 10 10 11 12 13 13 13 14 15
1 2 3 4 0 0 0 0 5 6 7 4 4 4 8 9 10 7 7 7 11 12 13 10 10 10 14 15 13 13
-80.57569749000001
ir-4804-a
C H H H C H H H C H H C Ir Ir
0 0 0 0 1 2 3 4 4 4 4 5 6 7 8 8 8 8 8 9 10 11 11 11 11 12 12 13
1 2 3 11 0 0 0 5 6 7 11 4 4 4 9 10 11 12 13 8 8 0 4 8 12 8 11 8
-66.57700489999996
ni-4a11-a
C H H H C H H Ni C H H C H H O H Ni
0 0 0 0 1 2 3 4 4 4 4 5 6 7 8 8 8 8 9 9 10 11 11 11 11 12 13 14 14 14 15 16
1 2 3 4 0 0 0 0 5 6 8 4 4 9 4 9 10 11 7 8 8 8 12 13 14 11 11 11 15 16 14 14
-80.87536728999999
zn-4602-a
C H H C H H H C H Zn Zn C Zn
0 0 0 0 1 2 3 3 3 3 4 5 6 7 7 7 7 8 9 10 10 11 11 11 11 12
1 2 3 11 0 0 0 4 5 6 3 3 3 8 9 10 11 7 7 7 11 0 7 10 12 11
-56.77965415999999
ni-2612-a
C H H H C H H O H Ni
0 0 0 0 1 2 3 4 4 4 4 5 6 7 7 7 8 9
1 2 3 4 0 0 0 0 5 6 7 4 4 4 8 9 7 7
-47.543450819999975
ru-4803-a
Ru C H H H C H C H C H Ru H H Ru Ru
0 0 0 1 1 1 1 1 2 2 3 4 5 5 5 5 5 5 6 7 7 7 7 8 9 9 9 9 9 10 11 11 12 12 13 14 15 15
1 2 5 0 2 3 4 5 0 1 1 1 0 1 6 7 14 15 5 5 8 9 15 7 7 10 11 12 13 9 9 12 9 11 9 5 5 7
-66.48529142000001
zn-4a12-a
C H H H C H H O H C H C H H H Zn
0 0 0 0 1 2 3 4 4 4 4 5 6 7 7 7 8 9 9 9 9 10 11 11 11 11 12 13 14 15
1 2 3 9 0 0 0 5 6 9 11 4 4 8 9 15 7 0 4 7 10 9 4 12 13 14 11 11 11 7
-80.70554625
ir-4a13-a
C H H H Ir C H H C H H H C H O H
0 0 0 0 1 2 3 4 5 5 5 5 6 6 7 8 8 8 8 9 10 11 12 12 12 12 13 14 14 15
1 2 3 12 0 0 0 6 6 7 8 12 4 5 5 5 9 10 11 8 8 8 0 5 13 14 12 12 15 14
-80.74614916999997
ni-4a13-a
C H H Ni H C H H C H H H C H O H Ni
0 0 0 0 1 2 3 4 4 5 5 5 5 6 7 8 8 8 8 9 10 11 12 12 12 12 13 14 14 14 15 16
1 2 4 12 0 0 4 0 3 6 7 8 12 5 5 5 9 10 11 8 8 8 0 5 13 14 12 12 15 16 14 14
-81.01336942
pt-4a13-a
C H H Pt H Pt C H H C H H H C H O H Pt
0 0 0 0 1 2 3 4 4 5 6 6 6 6 7 7 8 9 9 9 9 10 11 12 13 13 13 13 14 15 15 15 16 17
1 2 4 13 0 0 4 0 3 7 7 8 9 13 5 6 6 6 10 11 12 9 9 9 0 6 14 15 13 13 16 17 15 15
-81.00101325999998
au-3601-a
C H H H C H H C H Au
0 0 0 0 1 2 3 4 4 4 4 5 6 7 7 7 8 9
1 2 3 7 0 0 0 5 6 7 9 4 4 0 4 8 7 4
-49.12995356000002
os-2611-a
C H H H C H H H O
0 0 0 0 1 2 3 4 4 4 4 5 6 7 8 8
1 2 3 8 0 0 0 5 6 7 8 4 4 4 0 4
-46.639089979999994
ni-4804-a
C H H H C H H H C H H C Ni Ni
0 0 0 0 1 2 3 4 4 4 4 5 6 7 8 8 8 8 8 9 10 11 11 11 11 12 12 13
1 2 3 11 0 0 0 5 6 7 11 4 4 4 9 10 11 12 13 8 8 0 4 8 12 8 11 8
-66.45182355999998
pd-4601-a
C H H H C H H H C Pd C
0 0 0 0 1 2 3 4 4 4 4 5 6 7 8 8 8 9 9 10 10 10
1 2 3 8 0 0 0 5 6 7 10 4 4 4 0 9 10 8 10 4 8 9
-57.85978850000001
zn-4801-a
C H H C H H H C H H C H
0 0 0 0 1 2 3 3 3 3 4 5 6 7 7 7 8 9 10 10 10 11
1 2 3 10 0 0 0 4 5 6 3 3 3 8 9 10 7 7 0 7 11 10
-65.5918385
ir-2611-a
C H H H C H H H O
0 0 0 0 1 2 3 4 4 4 4 5 6 7 8 8
1 2 3 8 0 0 0 5 6 7 8 4 4 4 0 4
-46.69223529999999
os-4a14-a
C H H H C H H Os H C H H H Os O H C
0 0 0 0 1 2 3 4 4 4 4 5 6 7 8 8 9 9 9 9 10 11 12 13 13 14 14 14 15 15 16 16 16 16
1 2 3 16 0 0 0 5 6 8 16 4 4 8 4 7 10 11 12 16 9 9 9 14 15 13 15 16 13 14 0 4 9 14
-81.21482133000006
pd-4a14-a
C H H H C H H Pd H C H H H O H C Pd
0 0 0 0 1 2 3 4 4 4 4 5 6 7 8 8 9 9 9 9 10 11 12 13 13 13 14 15 15 15 15 16
1 2 3 15 0 0 0 5 6 8 15 4 4 8 4 7 10 11 12 15 9 9 9 14 15 16 13 0 4 9 13 13
-81.10985536000001
ag-3811-a
C H H Ag H C H H C H H H O Ag
0 0 0 0 1 2 3 4 4 5 5 5 5 6 7 8 8 8 8 9 10 11 12 12 12 13
1 2 4 5 0 0 4 0 3 0 6 7 12 5 5 9 10 11 12 8 8 8 5 8 13 12
-63.52567429999999
ni-4803-a
C H H H C H C H C H H H Ni
0 0 0 0 1 2 3 4 4 4 4 5 6 6 6 6 7 8 8 8 8 9 10 11 12 12
1 2 3 4 0 0 0 0 5 6 12 4 4 7 8 12 6 6 9 10 11 8 8 8 4 6
-66.35110457999997
zn-3812-a
C H H H C H H C H H O H Zn
0 0 0 0 1 2 3 4 4 4 4 5 6 7 7 7 7 8 9 10 10 10 11 12
1 2 3 4 0 0 0 0 5 6 7 4 4 4 8 9 10 7 7 7 11 12 10 10
-63.84660715
ir-4802-a
C H H H C H C H C H H H Ir
0 0 0 0 1 2 3 4 4 4 4 5 6 6 6 6 7 8 8 8 8 9 10 11 12 12
1 2 3 4 0 0 0 0 5 6 12 4 4 7 8 12 6 6 9 10 11 8 8 8 4 6
-66.58296987999995
pt-2612-a
C H H H C H H O H Pt
0 0 0 0 1 2 3 4 4 4 4 5 6 7 7 7 8 9
1 2 3 4 0 0 0 0 5 6 7 4 4 4 8 9 7 7
-47.496676939999986
au-4601-a
C H H H C H H H C C
0 0 0 0 1 2 3 4 4 4 4 5 6 7 8 8 9 9
1 2 3 8 0 0 0 5 6 7 9 4 4 4 0 9 4 8
-57.063453710000005
pt-3801-a
C H H H C H Pt H C H H H
0 0 0 0 1 2 3 4 4 4 4 5 6 7 7 8 8 8 8 9 10 11
1 2 3 4 0 0 0 0 5 7 8 4 7 4 6 4 9 10 11 8 8 8
-57.49247724999998
ru-4601-a
C H H H C H H H C Ru Ru Ru Ru C Ru
0 0 0 0 1 2 3 4 4 4 4 5 6 7 8 8 8 8 8 8 9 10 11 11 12 12 13 13 13 13 13 14
1 2 3 8 0 0 0 5 6 7 13 4 4 4 0 9 10 11 12 13 8 8 8 13 8 13 4 8 11 12 14 13
-59.325313789999996
au-4803-a
C H H H C H C H C H H H
0 0 0 0 1 2 3 4 4 4 5 6 6 6 7 8 8 8 8 9 10 11
1 2 3 4 0 0 0 0 5 6 4 4 7 8 6 6 9 10 11 8 8 8
-65.85720309000001
zn-4a02-a
C H H H C H H H C H C H H H
0 0 0 0 1 2 3 4 4 4 4 5 6 7 8 8 8 8 9 10 10 10 10 11 12 13
1 2 3 8 0 0 0 5 6 7 8 4 4 4 0 4 9 10 8 8 11 12 13 10 10 10
-74.0241612
au-3812-a
C H H H Au C H H C H H O H Au
0 0 0 0 1 2 3 4 5 5 5 5 6 6 7 8 8 8 8 9 10 11 11 11 12 13
1 2 3 5 0 0 0 6 0 6 7 8 4 5 5 5 9 10 11 8 8 8 12 13 11 11
-63.90787214000002
os-4a11-a
C H H H C H H Os C H H C H H Os O H
0 0 0 0 1 2 3 4 4 4 4 5 6 7 8 8 8 8 9 9 10 11 11 11 11 12 13 14 14 15 15 15 16 16
1 2 3 4 0 0 0 0 5 6 8 4 4 9 4 9 10 11 7 8 8 8 12 13 15 11 11 15 16 11 14 16 14 15
-81.02834584000004
cu-4811-a
C H H H C H H C H H H C O
0 0 0 0 1 2 3 4 4 4 4 5 6 7 7 7 7 8 9 10 11 11 11 12
1 2 3 4 0 0 0 0 5 6 11 4 4 8 9 10 11 7 7 7 4 7 12 11
-72.92045529999999
rh-2201-a
Rh C H Rh C H Rh Rh
0 0 1 1 1 1 1 2 2 3 3 4 4 4 4 4 5 5 6 6 7 7
1 2 0 2 4 6 7 0 1 4 5 1 3 5 6 7 3 4 1 4 1 4
-25.684861360000014
os-4801-a
Os C H H C H H H Os C H H C H Os Os
0 1 1 1 1 2 2 3 4 4 4 4 5 6 7 8 8 9 9 9 9 9 9 10 10 11 12 12 12 12 13 14 15 15
2 2 3 4 12 0 1 1 1 5 6 7 4 4 4 9 10 8 10 11 12 14 15 8 9 9 1 9 13 15 12 9 9 12
-66.49709266000002
rh-2612-a
C H H H C H H O H Rh
0 0 0 0 1 2 3 4 4 4 4 5 6 7 7 7 8 9
1 2 3 4 0 0 0 0 5 6 7 4 4 4 8 9 7 7
-47.55865891000002
rh-4811-a
C H H H C H H C H H H C O
0 0 0 0 1 2 3 4 4 4 4 5 6 7 7 7 7 8 9 10 11 11 11 12
1 2 3 4 0 0 0 0 5 6 11 4 4 8 9 10 11 7 7 7 4 7 12 11
-72.96111012
rh-4802-a
C H H H C H C H C H Rh H H Rh
0 0 0 0 1 2 3 4 4 4 4 5 6 6 6 6 7 8 8 8 8 8 9 10 10 11 11 12 13 13
1 2 3 4 0 0 0 0 5 6 13 4 4 7 8 13 6 6 9 10 11 12 8 8 11 8 10 8 4 6
-66.60582255000003
cd-2401-a
C H H C H H
0 0 0 1 2 3 3 3 4 5
1 2 3 0 0 0 4 5 3 3
-32.145453120000006
os-2411-a
C H H H C H Os Os Os O
0 0 0 0 1 2 3 4 4 4 4 4 4 5 6 6 7 7 8 8 9 9 9 9
1 2 3 4 0 0 0 0 5 6 7 8 9 4 4 9 4 9 4 9 4 6 7 8
-40.12725928000009
ni-4802-a
C H H H C H Ni C H C H H H Ni
0 0 0 0 1 2 3 4 4 4 4 5 6 6 7 7 7 7 7 8 8 9 9 9 9 10 11 12 13 13
1 2 3 4 0 0 0 0 5 7 13 4 7 8 4 6 8 9 13 6 7 7 10 11 12 9 9 9 4 7
-66.40367796999999
ag-4803-a
C H H H C H C H C H H H
0 0 0 0 1 2 3 4 4 4 5 6 6 6 7 8 8 8 8 9 10 11
1 2 3 4 0 0 0 0 5 6 4 4 7 8 6 6 9 10 11 8 8 8
-65.81717496000002
os-3601-a
C H H H Os C H Os H C H Os
0 0 0 0 1 2 3 4 4 5 5 5 5 5 5 6 6 7 7 8 8 9 9 9 9 10 11 11
1 2 3 9 0 0 0 5 6 4 6 7 8 9 11 4 5 5 8 5 7 0 5 10 11 9 5 9
-50.12792190000005
pt-2201-a
C H C H Pt
0 0 0 1 2 2 2 3 4 4
1 2 4 0 0 3 4 2 0 2
-23.97727126000001
pt-2411-a
C H H H Pt C H Pt O
0 0 0 0 1 2 3 4 4 4 5 5 5 5 5 6 6 7 7 8 8 8
1 2 3 5 0 0 0 5 6 8 0 4 6 7 8 4 5 5 8 4 5 7
-39.714452040000026
au-2601-a
C H H H C H H H
0 0 0 0 1 2 3 4 4 4 4 5 6 7
1 2 3 4 0 0 0 0 5 6 7 4 4 4
-40.74015944000001
ag-2611-a
C H H H C H H H O
0 0 0 0 1 2 3 4 4 4 4 5 6 7 8 8
1 2 3 8 0 0 0 5 6 7 8 4 4 4 0 4
-46.67676865999999
ir-4602-a
C H H C H H Ir H C H Ir Ir Ir Ir C
0 0 0 0 1 2 3 3 3 3 4 5 6 7 7 8 8 8 8 8 8 9 10 11 11 12 12 13 13 14 14 14 14 14
1 2 3 14 0 0 0 4 5 7 3 3 7 3 6 9 10 11 12 13 14 8 8 8 14 8 14 8 14 0 8 11 12 13
-59.23536001999997
zn-2411-a
C H H H C H O
0 0 0 0 1 2 3 4 4 4 5 6
1 2 3 4 0 0 0 0 5 6 4 4
-39.336902949999995
cu-3811-a
C H H Cu H C H H C H H H O Cu
0 0 0 0 1 2 3 4 4 5 5 5 5 6 7 8 8 8 8 9 10 11 12 12 12 13
1 2 4 5 0 0 4 0 3 0 6 7 12 5 5 9 10 11 12 8 8 8 5 8 13 12
-63.56430205000001
cu-2612-a
C H H H C H H O H Cu
0 0 0 0 1 2 3 4 4 4 4 5 6 7 7 7 8 9
1 2 3 4 0 0 0 0 5 6 7 4 4 4 8 9 7 7
-47.418875240000006
au-4a02-a
C H H H C H H H C H C H H H
0 0 0 0 1 2 3 4 4 4 4 5 6 7 8 8 8 8 9 10 10 10 10 11 12 13
1 2 3 8 0 0 0 5 6 7 8 4 4 4 0 4 9 10 8 8 11 12 13 10 10 10
-74.11241428
os-4802-a
C H H H C H Os C H C H Os H H Os
0 0 0 0 1 2 3 4 4 4 4 5 6 6 7 7 7 7 7 8 8 9 9 9 9 9 10 11 11 12 12 13 14 14
1 2 3 4 0 0 0 0 5 7 14 4 7 8 4 6 8 9 14 6 7 7 10 11 12 13 9 9 12 9 11 9 4 7
-66.58367693000002
pd-4802-a
C H H H C H C H C H Pd H H Pd
0 0 0 0 1 2 3 4 4 4 4 5 6 6 6 6 7 8 8 8 8 9 10 11 11 12 13 13
1 2 3 4 0 0 0 0 5 6 13 4 4 7 8 13 6 6 9 11 12 8 11 8 10 8 4 6
-66.62315723999998
cd-4801-a
C H H C H H H C H H C H
0 0 0 0 1 2 3 3 3 3 4 5 6 7 7 7 8 9 10 10 10 11
1 2 3 10 0 0 0 4 5 6 3 3 3 8 9 10 7 7 0 7 11 10
-65.53795717
ir-3401-a
C H H H C H Ir Ir Ir Ir C
0 0 0 0 1 2 3 4 4 4 4 4 4 5 6 6 7 8 8 9 9 10 10 10 10 10
1 2 3 10 0 0 0 5 6 7 8 9 10 4 4 10 4 4 10 4 10 0 4 6 8 9
-42.68868881999998
pd-2601-a
C H H Pd H C H H H
0 0 0 0 1 2 3 4 4 5 5 5 5 6 7 8
1 2 4 5 0 0 4 0 3 0 6 7 8 5 5 5
-40.80805837
ru-2201-a
C H Ru C H Ru Ru Ru
0 0 0 0 0 1 2 2 3 3 3 3 3 4 4 5 6 6 7 7
1 3 5 6 7 0 3 4 0 2 4 6 7 2 3 0 0 3 0 3
-26.113210159999994
au-4a01-a
C H H H C H H C H H C H H H
0 0 0 0 1 2 3 4 4 4 4 5 6 7 7 7 7 8 9 10 10 10 10 11 12 13
1 2 3 4 0 0 0 0 5 6 7 4 4 4 8 9 10 7 7 7 11 12 13 10 10 10
-74.09854307
ag-3401-a
C H H H C H Ag C
0 0 0 0 1 2 3 4 4 4 5 6 7 7
1 2 3 7 0 0 0 5 6 7 4 4 0 4
-40.13753341
rh-4a14-a
C H H H C H H Rh H C H H H O H C Rh
0 0 0 0 1 2 3 4 4 4 4 5 6 7 8 8 9 9 9 9 10 11 12 13 13 13 14 15 15 15 15 16
1 2 3 15 0 0 0 5 6 8 15 4 4 8 4 7 10 11 12 15 9 9 9 14 15 16 13 0 4 9 13 13
-81.10058806
cu-2601-a
C H H H C H H H
0 0 0 0 1 2 3 4 4 4 4 5 6 7
1 2 3 4 0 0 0 0 5 6 7 4 4 4
-40.73300338999999
pd-4602-a
C H H C H H Pd H C H Pd Pd Pd Pd C
0 0 0 0 1 2 3 3 3 3 4 5 6 7 7 8 8 8 8 8 8 9 10 11 11 12 12 13 13 14 14 14 14 14
1 2 3 14 0 0 0 4 5 7 3 3 7 3 6 9 10 11 12 13 14 8 8 8 14 8 14 8 14 0 8 11 12 13
-58.918938120000035
cu-4804-a
C H H H C H H H C H H C Cu
0 0 0 0 1 2 3 4 4 4 4 5 6 7 8 8 8 8 9 10 11 11 11 11 12 12
1 2 3 11 0 0 0 5 6 7 11 4 4 4 9 10 11 12 8 8 0 4 8 12 8 11
-66.01146778
os-3813-a
C H H H C H H Os H C H Os O H
0 0 0 0 1 2 3 4 4 4 4 5 6 7 8 8 9 9 9 9 10 11 11 12 12 12 13 13
1 2 3 9 0 0 0 5 6 8 9 4 4 8 4 7 0 4 10 12 9 12 13 9 11 13 11 12
-64.43403262000004
ag-4a02-a
C H H H C H H H C H C H H H
0 0 0 0 1 2 3 4 4 4 4 5 6 7 8 8 8 8 9 10 10 10 10 11 12 13
1 2 3 8 0 0 0 5 6 7 8 4 4 4 0 4 9 10 8 8 11 12 13 10 10 10
-74.08540828
rh-4601-a
C H H H C H H H C Rh C
0 0 0 0 1 2 3 4 4 4 4 5 6 7 8 8 8 9 9 10 10 10
1 2 3 8 0 0 0 5 6 7 10 4 4 4 0 9 10 8 10 4 8 9
-57.98919108000001
pt-4a02-a
C H H H C H H H C H C H H H
0 0 0 0 1 2 3 4 4 4 4 5 6 7 8 8 8 8 9 10 10 10 10 11 12 13
1 2 3 8 0 0 0 5 6 7 8 4 4 4 0 4 9 10 8 8 11 12 13 10 10 10
-74.17004595000003
pd-4804-a
C H H H C H H H C H H C Pd Pd
0 0 0 0 1 2 3 4 4 4 4 5 6 7 8 8 8 8 8 9 10 11 11 11 11 12 12 13
1 2 3 11 0 0 0 5 6 7 11 4 4 4 9 10 11 12 13 8 8 0 4 8 12 8 11 8
-66.67363903000003
pd-2201-a
C H C H Pd Pd Pd Pd Pd
0 0 0 0 0 1 2 2 2 2 2 2 3 4 5 5 6 6 7 8
1 2 4 5 6 0 0 3 5 6 7 8 2 0 0 2 0 2 2 2
-25.482196749999986
cd-3813-a
C H H H C H H H C H O H Cd
0 0 0 0 1 2 3 4 4 4 4 5 6 7 8 8 8 8 9 10 10 10 11 12
1 2 3 8 0 0 0 5 6 7 8 4 4 4 0 4 9 10 8 8 11 12 10 10
-63.975925069999995
ni-4a12-a
C H H H C H H O H C H C H H H Ni
0 0 0 0 1 2 3 4 4 4 4 5 6 7 7 7 8 9 9 9 9 10 11 11 11 11 12 13 14 15
1 2 3 9 0 0 0 5 6 9 11 4 4 8 9 15 7 0 4 7 10 9 4 12 13 14 11 11 11 7
-81.02750927
pt-2601-a
C H H Pt H C H H H
0 0 0 0 1 2 3 4 4 5 5 5 5 6 7 8
1 2 4 5 0 0 4 0 3 0 6 7 8 5 5 5
-40.778503160000014
pt-4802-a
C H H H C H C H C H H H Pt
0 0 0 0 1 2 3 4 4 4 4 5 6 6 6 6 7 8 8 8 8 9 10 11 12 12
1 2 3 4 0 0 0 0 5 6 12 4 4 7 8 12 6 6 9 10 11 8 8 8 4 6
-66.62746133000002
zn-3811-a
C H H H C H H C H H H O Zn
0 0 0 0 1 2 3 4 4 4 4 5 6 7 7 7 7 8 9 10 11 11 11 12
1 2 3 4 0 0 0 0 5 6 11 4 4 8 9 10 11 7 7 7 4 7 12 11
-63.47456292
ru-2611-a
C H H H C H H H O
0 0 0 0 1 2 3 4 4 4 4 5 6 7 8 8
1 2 3 8 0 0 0 5 6 7 8 4 4 4 0 4
-46.64839006
ir-2612-a
C H H H C H H O H Ir
0 0 0 0 1 2 3 4 4 4 4 5 6 7 7 7 8 9
1 2 3 4 0 0 0 0 5 6 7 4 4 4 8 9 7 7
-47.58430702999999
ru-3611-a
C H H H C H H H C O
0 0 0 0 1 2 3 4 4 4 4 5 6 7 8 8 8 9
1 2 3 8 0 0 0 5 6 7 8 4 4 4 0 4 9 8
-56.22647703000001
cd-4803-a
C H H H C H C H C H H H
0 0 0 0 1 2 3 4 4 4 5 6 6 6 7 8 8 8 8 9 10 11
1 2 3 4 0 0 0 0 5 6 4 4 7 8 6 6 9 10 11 8 8 8
-65.71388304999999
zn-3401-a
C H H H C H Zn Zn C Zn
0 0 0 0 1 2 3 4 4 4 4 5 6 7 7 8 8 8 8 9
1 2 3 8 0 0 0 5 6 7 8 4 4 4 8 0 4 7 9 8
-40.13999059
ni-4601-a
C H H H C H H H C Ni Ni Ni C Ni
0 0 0 0 1 2 3 4 4 4 4 5 6 7 8 8 8 8 8 9 10 10 11 11 12 12 12 12 12 13
1 2 3 8 0 0 0 5 6 7 12 4 4 4 0 9 10 11 12 8 8 12 8 12 4 8 10 11 13 12
-59.34310913999997
ni-4801-a
C H H C H H H Ni C H Ni H C H Ni
0 0 0 0 1 2 3 3 3 3 4 5 6 7 7 8 8 8 8 8 8 9 9 10 10 11 11 12 12 12 12 13 14 14
1 2 3 12 0 0 0 4 5 6 3 3 3 8 9 7 9 10 11 12 14 7 8 8 11 8 10 0 8 13 14 12 8 12
-66.51486283999998
rh-1211-a
Rh C H H Rh O
0 0 0 0 1 1 1 1 1 2 2 3 3 4 4 5 5 5
1 2 3 5 0 2 3 4 5 0 1 0 1 1 5 0 1 4
-23.024628189999987
os-4a13-a
C H H Os H Os C H H C H H H C H Os O H
0 0 0 0 1 2 3 4 4 5 6 6 6 6 7 7 8 9 9 9 9 10 11 12 13 13 13 13 14 15 15 16 16 16 17 17
1 2 4 13 0 0 4 0 3 7 7 8 9 13 5 6 6 6 10 11 12 9 9 9 0 6 14 16 13 16 17 13 15 17 15 16
-81.13674928
ru-4a12-a
C H H H C H H Ru O H C H C H H H
0 0 0 0 1 2 3 4 4 4 4 5 6 7 7 8 8 8 9 9 10 10 10 10 11 12 12 12 12 13 14 15
1 2 3 10 0 0 0 5 6 10 12 4 4 8 9 7 9 10 7 8 0 4 8 11 10 4 13 14 15 12 12 12
-81.04125335000003
rh-3811-a
C H H Rh H C H H C H H H O Rh
0 0 0 0 1 2 3 4 4 5 5 5 5 6 7 8 8 8 8 9 10 11 12 12 12 13
1 2 4 5 0 0 4 0 3 0 6 7 12 5 5 9 10 11 12 8 8 8 5 8 13 12
-63.70697633000003
au-4602-a
C H H C H H H C H Au C
0 0 0 0 1 2 3 3 3 3 4 5 6 7 7 7 8 9 10 10
1 2 3 10 0 0 0 4 5 6 3 3 3 8 9 10 7 7 0 7
-56.80986537000001
zn-2601-a
C H H H C H H H
0 0 0 0 1 2 3 4 4 4 4 5 6 7
1 2 3 4 0 0 0 0 5 6 7 4 4 4
-40.69722109
cd-4a01-a
C H H H C H H C H H C H H H
0 0 0 0 1 2 3 4 4 4 4 5 6 7 7 7 7 8 9 10 10 10 10 11 12 13
1 2 3 4 0 0 0 0 5 6 7 4 4 4 8 9 10 7 7 7 11 12 13 10 10 10
-73.98594605
ni-4602-a
C H H C H H H C H Ni Ni Ni C Ni
0 0 0 0 0 1 2 3 3 3 3 4 5 6 7 7 7 7 7 8 9 10 10 11 11 12 12 12 12 12 13 13
1 2 3 12 13 0 0 0 4 5 6 3 3 3 8 9 10 11 12 7 7 7 12 7 12 0 7 10 11 13 0 12
-59.29766563999999
zn-4803-a
C H H H C H C H C H H H
0 0 0 0 1 2 3 4 4 4 5 6 6 6 7 8 8 8 8 9 10 11
1 2 3 4 0 0 0 0 5 6 4 4 7 8 6 6 9 10 11 8 8 8
-65.74109564
cd-3601-a
C H H H C H H C H
0 0 0 0 1 2 3 4 4 4 5 6 7 7 7 8
1 2 3 7 0 0 0 5 6 7 4 4 0 4 8 7
-48.95578934
ni-3812-a
C H H H C H H C H H O H Ni
0 0 0 0 1 2 3 4 4 4 4 5 6 7 7 7 7 8 9 10 10 10 11 12
1 2 3 4 0 0 0 0 5 6 7 4 4 4 8 9 10 7 7 7 11 12 10 10
-64.18423845000001
zn-4a11-a
C H H H C H H C H H C H H O H
0 0 0 0 1 2 3 4 4 4 4 5 6 7 7 7 7 8 9 10 10 10 10 11 12 13 13 14
1 2 3 4 0 0 0 0 5 6 7 4 4 4 8 9 10 7 7 7 11 12 13 10 10 10 14 13
-80.47519223999998
ni-1211-a
C H H Ni Ni Ni O
0 0 0 0 0 0 1 2 3 3 4 4 5 5 6 6 6 6
1 2 3 4 5 6 0 0 0 6 0 6 0 6 0 3 4 5
-23.187731619999965
cu-2411-a
C H H H C H Cu O Cu Cu
0 0 0 0 1 2 3 4 4 4 4 5 6 6 7 7 7 7 8 9
1 2 3 4 0 0 0 0 5 6 7 4 4 7 4 6 8 9 7 7
-39.360902659999994
ir-4811-a
C H H H C H H C H H H C O
0 0 0 0 1 2 3 4 4 4 4 5 6 7 7 7 7 8 9 10 11 11 11 12
1 2 3 4 0 0 0 0 5 6 11 4 4 8 9 10 11 7 7 7 4 7 12 11
-72.94656714999996
ru-3812-a
C H H H Ru C H H C H H Ru O H
0 0 0 0 1 2 3 4 5 5 5 5 6 6 7 8 8 8 8 9 10 11 11 12 12 12 13 13
1 2 3 5 0 0 0 6 0 6 7 8 4 5 5 5 9 10 12 8 8 12 13 8 11 13 11 12
-64.26225748000002
cu-3813-a
C H H H C H H H C H O H Cu
0 0 0 0 1 2 3 4 4 4 4 5 6 7 8 8 8 8 9 10 10 10 11 12
1 2 3 8 0 0 0 5 6 7 8 4 4 4 0 4 9 10 8 8 11 12 10 10
-64.19125985
pd-3601-a
C H H H Pd C H H C H Pd
0 0 0 0 1 2 3 4 5 5 5 5 6 6 7 8 8 8 8 9 10 10
1 2 3 8 0 0 0 6 6 7 8 10 4 5 5 0 5 9 10 8 5 8
-49.904142269999994
pt-4801-a
C H H Pt C H H H C H H C H Pt
0 0 0 0 1 2 3 4 4 4 4 5 5 6 7 8 8 8 8 9 10 11 11 11 11 12 13 13
1 2 4 11 0 0 5 0 5 6 7 3 4 4 4 9 10 11 13 8 8 0 8 12 13 11 8 11
-66.52243078999999
au-2201-a
C H C H
0 0 1 2 2 3
1 2 0 0 3 2
-23.148282240000015
cd-4601-a
C H H H C H H H C C
0 0 0 0 1 2 3 4 4 4 4 5 6 7 8 8 9 9
1 2 3 8 0 0 0 5 6 7 9 4 4 4 0 9 4 8
-56.94842248
zn-3601-a
C H H H C H H C H
0 0 0 0 1 2 3 4 4 4 5 6 7 7 7 8
1 2 3 7 0 0 0 5 6 7 4 4 0 4 8 7
-48.98952281
cu-4801-a
Cu C H H C H H H C H H C H Cu Cu
0 1 1 1 1 2 2 3 4 4 4 4 5 6 7 8 8 8 8 8 9 10 11 11 11 11 12 13 14 14
2 2 3 4 11 0 1 1 1 5 6 7 4 4 4 9 10 11 13 14 8 8 1 8 12 14 11 8 8 11
-65.82364338
cd-2411-a
C H H H C H O
0 0 0 0 1 2 3 4 4 4 5 6
1 2 3 4 0 0 0 0 5 6 4 4
-39.3211282
rh-4a12-a
C H H Rh H C H Rh H Rh O H C H C H H H
0 0 0 0 1 2 3 4 4 5 5 5 5 6 7 8 8 9 9 10 10 10 11 11 12 12 12 12 13 14 14 14 14 15 16 17
1 2 4 12 0 0 4 0 3 6 8 12 14 5 8 5 7 10 11 9 11 12 9 10 0 5 10 13 12 5 15 16 17 14 14 14
-81.04010521999999
ru-2401-a
C H H C H H Ru Ru Ru Ru Ru
0 0 0 0 0 0 1 2 3 3 3 3 3 3 4 5 6 7 7 8 9 10
1 2 3 6 7 8 0 0 0 4 5 7 9 10 3 3 0 0 3 0 3 3
-33.1975774
ru-2612-a
C H H H C H H O H Ru
0 0 0 0 1 2 3 4 4 4 4 5 6 7 7 7 8 9
1 2 3 4 0 0 0 0 5 6 7 4 4 4 8 9 7 7
-47.61463327000001
pd-4a02-a
C H H H Pd C H H H C H C H H Pd H
0 0 0 0 1 2 3 4 5 5 5 5 6 6 7 8 9 9 9 9 10 11 11 11 11 12 13 14 15 15
1 2 3 9 0 0 0 6 6 7 8 9 4 5 5 5 0 5 10 11 9 9 12 13 15 11 11 15 11 14
-74.25373561
ir-4a14-a
C H H H C H H Ir H C H H H O H C Ir
0 0 0 0 1 2 3 4 4 4 4 5 6 7 8 8 9 9 9 9 10 11 12 13 13 13 14 15 15 15 15 16
1 2 3 15 0 0 0 5 6 8 15 4 4 8 4 7 10 11 12 15 9 9 9 14 15 16 13 0 4 9 13 13
-81.10107832999995
pt-2611-a
C H H H C H H H O
0 0 0 0 1 2 3 4 4 4 4 5 6 7 8 8
1 2 3 8 0 0 0 5 6 7 8 4 4 4 0 4
-46.76127205
zn-2401-a
C H H C H H
0 0 0 1 2 3 3 3 4 5
1 2 3 0 0 0 4 5 3 3
-32.1718506
au-2401-a
C H H C H H Au
0 0 0 0 1 2 3 3 3 3 4 5 6 6
1 2 3 6 0 0 0 4 5 6 3 3 0 3
-32.32531490000002
pt-4602-a
C H H C H H H C H Pt Pt Pt C
0 0 0 0 1 2 3 3 3 3 4 5 6 7 7 7 7 7 8 9 9 10 10 11 11 12 12 12 12 12
1 2 3 12 0 0 0 4 5 6 3 3 3 8 9 10 11 12 7 7 12 7 12 7 12 0 7 9 10 11
-59.11397314999999
ag-4a12-a
C H H H C H H O H C H C H H H Ag
0 0 0 0 1 2 3 4 4 4 4 5 6 7 7 7 8 9 9 9 9 10 11 11 11 11 12 13 14 15
1 2 3 9 0 0 0 5 6 9 11 4 4 8 9 15 7 0 4 7 10 9 4 12 13 14 11 11 11 7
-80.78047015000001
pd-2401-a
C H H C H H Pd
0 0 0 0 1 2 3 3 3 3 4 5 6 6
1 2 3 6 0 0 0 4 5 6 3 3 0 3
-33.17643100000001
ni-3611-a
C H H H C H H H C O
0 0 0 0 1 2 3 4 4 4 4 5 6 7 8 8 8 9
1 2 3 8 0 0 0 5 6 7 8 4 4 4 0 4 9 8
-56.28176346999999
pd-2611-a
C H H H C H H H O
0 0 0 0 1 2 3 4 4 4 4 5 6 7 8 8
1 2 3 8 0 0 0 5 6 7 8 4 4 4 0 4
-46.817909490000005
pd-4a12-a
C H H Pd H C H Pd H O H C H C H H H Pd
0 0 0 0 1 2 3 4 4 5 5 5 5 6 7 8 8 9 9 9 10 11 11 11 11 12 13 13 13 13 14 15 16 17
1 2 4 11 0 0 4 0 3 6 8 11 13 5 8 5 7 10 11 17 9 0 5 9 12 11 5 14 15 16 13 13 13 9
-81.07355637000003
cu-4a12-a
C H H H C H H O H C H C H H H Cu
0 0 0 0 1 2 3 4 4 4 4 5 6 7 7 7 8 9 9 9 9 10 11 11 11 11 12 13 14 15
1 2 3 9 0 0 0 5 6 9 11 4 4 8 9 15 7 0 4 7 10 9 4 12 13 14 11 11 11 7
-80.77173156
cu-4a14-a
C H H H C H H H C H H H O H C Cu
0 0 0 0 1 2 3 4 4 4 4 5 6 7 8 8 8 8 9 10 11 12 12 12 13 14 14 14 14 15
1 2 3 14 0 0 0 5 6 7 14 4 4 4 9 10 11 14 8 8 8 13 14 15 12 0 4 8 12 12
-80.91897893000001
pd-2612-a
Pd C H H H C H H O H Pd
0 1 1 1 1 2 2 3 4 5 5 5 5 6 7 8 8 8 9 10
2 2 3 4 5 0 1 1 1 1 6 7 8 5 5 5 9 10 8 8
-47.524889779999995
os-2612-a
C H H H C H H Os O H
0 0 0 0 1 2 3 4 4 4 4 5 6 7 7 8 8 8 9 9
1 2 3 4 0 0 0 0 5 6 8 4 4 8 9 4 7 9 7 8
-47.722518870000044
cd-4a13-a
C H H H C H H C H H H C H O H
0 0 0 0 1 2 3 4 4 4 4 5 6 7 7 7 7 8 9 10 11 11 11 11 12 13 13 14
1 2 3 11 0 0 0 5 6 7 11 4 4 4 8 9 10 7 7 7 0 4 12 13 11 11 14 13
-80.5686953
cd-4a11-a
C H H H C H H C H H C H H O H
0 0 0 0 1 2 3 4 4 4 4 5 6 7 7 7 7 8 9 10 10 10 10 11 12 13 13 14
1 2 3 4 0 0 0 0 5 6 7 4 4 4 8 9 10 7 7 7 11 12 13 10 10 10 14 13
-80.43239273
pt-4a14-a
C H H H C H H Pt H C H H H O H C Pt
0 0 0 0 1 2 3 4 4 4 4 5 6 7 8 8 9 9 9 9 10 11 12 13 13 13 14 15 15 15 15 16
1 2 3 15 0 0 0 5 6 8 15 4 4 8 4 7 10 11 12 15 9 9 9 14 15 16 13 0 4 9 13 13
-81.06778630000002
ir-3813-a
C H H Ir H C H H Ir H C H O H Ir
0 0 0 0 1 2 3 4 4 5 5 5 5 6 7 8 9 9 10 10 10 10 11 12 12 12 13 14
1 2 4 10 0 0 4 0 3 6 7 9 10 5 5 9 5 8 0 5 11 12 10 10 13 14 12 12
-64.32360346999997
os-2401-a
C H H C H H Os
0 0 0 0 1 2 3 3 3 3 4 5 6 6
1 2 3 6 0 0 0 4 5 6 3 3 0 3
-33.278223990000015
ir-2411-a
C H H H C H Ir Ir Ir O
0 0 0 0 1 2 3 4 4 4 4 4 4 5 6 6 7 7 8 8 9 9 9 9
1 2 3 4 0 0 0 0 5 6 7 8 9 4 4 9 4 9 4 9 4 6 7 8
-39.905998599999975
rh-4804-a
C H H H C H H H C H H C Rh Rh
0 0 0 0 1 2 3 4 4 4 4 5 6 7 8 8 8 8 8 9 10 11 11 11 11 12 12 13
1 2 3 11 0 0 0 5 6 7 11 4 4 4 9 10 11 12 13 8 8 0 4 8 12 8 11 8
-66.62496531
pd-4a11-a
C H H H C H H C H Pd H C H H O H Pd
0 0 0 0 1 2 3 4 4 4 4 5 6 7 7 7 7 8 9 10 10 11 11 11 11 12 13 14 14 14 15 16
1 2 3 4 0 0 0 0 5 6 7 4 4 4 8 10 11 7 10 7 9 7 12 13 14 11 11 11 15 16 14 14
-80.80935685
rh-3801-a
C H H H C H Rh H C H H H
0 0 0 0 1 2 3 4 4 4 4 5 6 7 7 8 8 8 8 9 10 11
1 2 3 4 0 0 0 0 5 7 8 4 7 4 6 4 9 10 11 8 8 8
-57.45985356
cu-4803-a
Cu C H H H C H C H C H Cu H H Cu
0 1 1 1 1 2 2 3 4 5 5 5 5 6 7 7 7 7 8 9 9 9 9 10 11 12 12 13 14 14
2 2 3 4 5 0 1 1 1 1 6 7 14 5 5 8 9 14 7 7 10 12 13 9 12 9 11 9 5 7
-65.87169080999999
ir-2601-a
C H H Ir H C H H H
0 0 0 0 1 2 3 4 4 5 5 5 5 6 7 8
1 2 4 5 0 0 4 0 3 0 6 7 8 5 5 5
-40.755571559999964
ag-3601-a
C H H H C H H C H Ag
0 0 0 0 1 2 3 4 4 4 4 5 6 7 7 7 7 8 9 9
1 2 3 7 0 0 0 5 6 7 9 4 4 0 4 8 9 7 4 7
-49.10067909
ru-4801-a
Ru C H H Ru C H H H Ru C H Ru H C H Ru
0 1 1 1 1 2 2 3 4 5 5 5 5 6 6 7 8 9 9 10 10 10 10 10 10 11 11 12 12 13 13 14 14 14 14 15 16 16
2 2 3 5 14 0 1 1 6 1 6 7 8 4 5 5 5 10 11 9 11 12 13 14 16 9 10 10 13 10 12 1 10 15 16 14 10 14
-66.71652968000001
zn-4601-a
C H H H C H H H C C
0 0 0 0 1 2 3 4 4 4 4 5 6 7 8 8 9 9
1 2 3 8 0 0 0 5 6 7 9 4 4 4 0 9 4 8
-56.980666279999994
ni-2411-a
C H H H C H Ni Ni Ni O
0 0 0 0 1 2 3 4 4 4 4 4 4 5 6 6 7 7 8 8 9 9 9 9
1 2 3 4 0 0 0 0 5 6 7 8 9 4 4 9 4 9 4 9 4 6 7 8
-40.033470050000005
zn-4a13-a
C H H H C H H C H H H C H O H
0 0 0 0 1 2 3 4 4 4 4 5 6 7 7 7 7 8 9 10 11 11 11 11 12 13 13 14
1 2 3 11 0 0 0 5 6 7 11 4 4 4 8 9 10 7 7 7 0 4 12 13 11 11 14 13
-80.60786551000001
ir-4a12-a
C H H H C H H O H C H C H H H Ir
0 0 0 0 1 2 3 4 4 4 4 5 6 7 7 7 8 9 9 9 9 10 11 11 11 11 12 13 14 15
1 2 3 9 0 0 0 5 6 9 11 4 4 8 9 15 7 0 4 7 10 9 4 12 13 14 11 11 11 7
-81.02155463999998
ru-4a11-a
C H H H C H H Ru C H H C H H Ru O H
0 0 0 0 1 2 3 4 4 4 4 5 6 7 8 8 8 8 9 9 10 11 11 11 11 12 13 14 14 15 15 15 16 16
1 2 3 4 0 0 0 0 5 6 8 4 4 9 4 9 10 11 7 8 8 8 12 13 15 11 11 15 16 11 14 16 14 15
-80.90074484000002
ru-2601-a
C H H Ru H C H H H
0 0 0 0 1 2 3 4 4 5 5 5 5 6 7 8
1 2 4 5 0 0 4 0 3 0 6 7 8 5 5 5
-40.72516175999999
os-1211-a
C H H Os Os Os O
0 0 0 0 0 0 1 2 3 3 4 4 5 5 6 6 6 6
1 2 3 4 5 6 0 0 0 6 0 6 0 6 0 3 4 5
-23.41974675000006
pt-4803-a
C H H H C H C H C H H H Pt
0 0 0 0 1 2 3 4 4 4 4 5 6 6 6 6 7 8 8 8 8 9 10 11 12 12
1 2 3 4 0 0 0 0 5 6 12 4 4 7 8 12 6 6 9 10 11 8 8 8 4 6
-66.57627336000002
cu-4a11-a
C H H H C H H Cu C H H C H H O H Cu
0 0 0 0 1 2 3 4 4 4 4 5 6 7 8 8 8 8 9 9 10 11 11 11 11 12 13 14 14 14 15 16
1 2 3 4 0 0 0 0 5 6 8 4 4 9 4 9 10 11 7 8 8 8 12 13 14 11 11 11 15 16 14 14
-80.71648287
ir-3601-a
C H H H C H H C H Ir
0 0 0 0 1 2 3 4 4 4 4 5 6 7 7 7 7 8 9 9
1 2 3 7 0 0 0 5 6 7 9 4 4 0 4 8 9 7 4 7
-49.90962261999999
au-4801-a
C H H C H H H C H H C H Au
0 0 0 0 1 2 3 3 3 3 4 5 6 7 7 7 7 8 9 10 10 10 10 11 12 12
1 2 3 10 0 0 0 4 5 6 3 3 3 8 9 10 12 7 7 0 7 11 12 10 7 10
-65.72182113000002
zn-1211-a
C H H O
0 0 0 1 2 3
1 2 3 0 0 0
-22.281876389999994
ru-4a14-a
C H H H C H H Ru H C H H H Ru O H C
0 0 0 0 1 2 3 4 4 4 4 5 6 7 8 8 9 9 9 9 10 11 12 13 13 14 14 14 15 15 16 16 16 16
1 2 3 16 0 0 0 5 6 8 16 4 4 8 4 7 10 11 12 16 9 9 9 14 15 13 15 16 13 14 0 4 9 14
-81.10765026000001
pd-3812-a
C H H H Pd C H H C H H O H Pd
0 0 0 0 1 2 3 4 5 5 5 5 6 6 7 8 8 8 8 9 10 11 11 11 12 13
1 2 3 5 0 0 0 6 0 6 7 8 4 5 5 5 9 10 11 8 8 8 12 13 11 11
-64.17061973000003
cd-2601-a
C H H H C H H H
0 0 0 0 1 2 3 4 4 4 4 5 6 7
1 2 3 4 0 0 0 0 5 6 7 4 4 4
-40.680345530000004
au-3813-a
C H H H C H H H C H O H Au
0 0 0 0 1 2 3 4 4 4 4 5 6 7 8 8 8 8 9 10 10 10 11 12
1 2 3 8 0 0 0 5 6 7 8 4 4 4 0 4 9 10 8 8 11 12 10 10
-64.09739102
zn-3611-a
C H H H C H H H C O
0 0 0 0 1 2 3 4 4 4 4 5 6 7 8 8 8 9
1 2 3 8 0 0 0 5 6 7 8 4 4 4 0 4 9 8
-56.204850539999995
os-4601-a
C H H H C H H H C Os C
0 0 0 0 1 2 3 4 4 4 4 5 6 7 8 8 8 9 9 10 10 10
1 2 3 8 0 0 0 5 6 7 10 4 4 4 0 9 10 8 10 4 8 9
-58.29362415000003
zn-4804-a
C H H H C H H H C H H C
0 0 0 0 1 2 3 4 4 4 4 5 6 7 8 8 8 9 10 11 11 11
1 2 3 11 0 0 0 5 6 7 11 4 4 4 9 10 11 8 8 0 4 8
-65.8267204
zn-4a01-a
C H H H C H H C H H C H H H
0 0 0 0 1 2 3 4 4 4 4 5 6 7 7 7 7 8 9 10 10 10 10 11 12 13
1 2 3 4 0 0 0 0 5 6 7 4 4 4 8 9 10 7 7 7 11 12 13 10 10 10
-74.02019648
cd-4a14-a
C H H H C H H H C H H H O H C Cd
0 0 0 0 1 2 3 4 4 4 4 5 6 7 8 8 8 8 9 10 11 12 12 12 13 14 14 14 14 15
1 2 3 14 0 0 0 5 6 7 14 4 4 4 9 10 11 14 8 8 8 13 14 15 12 0 4 8 12 12
-80.69352938
cd-4802-a
C H H H C H C H C H H H
0 0 0 0 1 2 3 4 4 4 5 6 6 6 7 8 8 8 8 9 10 11
1 2 3 4 0 0 0 0 5 6 4 4 7 8 6 6 9 10 11 8 8 8
-65.70170915
rh-2611-a
C H H H C H H H O
0 0 0 0 1 2 3 4 4 4 4 5 6 7 8 8
1 2 3 8 0 0 0 5 6 7 8 4 4 4 0 4
-46.71738425000001
rh-4a13-a
C H H H Rh C H H C H H H C H O H Rh
0 0 0 0 1 2 3 4 5 5 5 5 6 6 7 8 8 8 8 9 10 11 12 12 12 12 13 14 14 14 15 16
1 2 3 12 0 0 0 6 6 7 8 12 4 5 5 5 9 10 11 8 8 8 0 5 13 14 12 12 15 16 14 14
-81.01538421999999
pd-3401-a
C H H H C H Pd Pd Pd Pd C
0 0 0 0 1 2 3 4 4 4 4 4 4 5 6 6 7 8 8 9 9 10 10 10 10 10
1 2 3 10 0 0 0 5 6 7 8 9 10 4 4 10 4 4 10 4 10 0 4 6 8 9
-42.30111403999999
pt-4a01-a
C H H H C H H C H H C H H H
0 0 0 0 1 2 3 4 4 4 4 5 6 7 7 7 7 8 9 10 10 10 10 11 12 13
1 2 3 4 0 0 0 0 5 6 7 4 4 4 8 9 10 7 7 7 11 12 13 10 10 10
-74.16086754000003
au-4804-a
C H H H C H H H C H H C Au
0 0 0 0 1 2 3 4 4 4 4 5 6 7 8 8 8 8 9 10 11 11 11 12
1 2 3 11 0 0 0 5 6 7 11 4 4 4 9 10 11 12 8 8 0 4 8 8
-65.99482204
cd-2611-a
C H H H C H H H O
0 0 0 0 1 2 3 4 4 4 4 5 6 7 8 8
1 2 3 8 0 0 0 5 6 7 8 4 4 4 0 4
-46.605847520000005
os-3801-a
C H H H C H Os H C H H H
0 0 0 0 1 2 3 4 4 4 4 5 6 7 7 8 8 8 8 9 10 11
1 2 3 4 0 0 0 0 5 7 8 4 7 4 6 4 9 10 11 8 8 8
-57.473087310000096
au-2411-a
C H H H C H O
0 0 0 0 1 2 3 4 4 4 5 6
1 2 3 4 0 0 0 0 5 6 4 4
-39.37326570000002
ag-2201-a
C H C H Ag
0 0 0 1 2 2 2 3 4 4
1 2 4 0 0 3 4 2 0 2
-23.15886225
cu-1211-a
C H H Cu Cu Cu O
0 0 0 0 0 0 1 2 3 3 4 4 5 5 6 6 6 6
1 2 3 4 5 6 0 0 0 6 0 6 0 6 0 3 4 5
-22.526410269999985
ir-4a02-a
C H H H C H H H C H C H H H
0 0 0 0 1 2 3 4 4 4 4 5 6 7 8 8 8 8 9 10 10 10 10 11 12 13
1 2 3 8 0 0 0 5 6 7 8 4 4 4 0 4 9 10 8 8 11 12 13 10 10 10
-74.10501075999997
ni-3401-a
C H H H Ni C H Ni Ni C Ni
0 0 0 0 1 2 3 4 4 5 5 5 5 5 6 6 7 7 8 8 9 9 9 9 9 10
1 2 3 9 0 0 0 5 6 4 6 7 8 9 4 5 5 9 5 9 0 5 7 8 10 9
-42.610085519999984
ag-4a13-a
C H H H C H H C H H H C H O H Ag
0 0 0 0 1 2 3 4 4 4 4 5 6 7 7 7 7 8 9 10 11 11 11 11 12 13 13 13 14 15
1 2 3 11 0 0 0 5 6 7 11 4 4 4 8 9 10 7 7 7 0 4 12 13 11 11 14 15 13 13
-80.77883024000002
ni-4811-a
C H H H C H H C H H H C O
0 0 0 0 1 2 3 4 4 4 4 5 6 7 7 7 7 8 9 10 11 11 11 12
1 2 3 4 0 0 0 0 5 6 11 4 4 8 9 10 11 7 7 7 4 7 12 11
-72.96696808999997
cd-2201-a
C H C H
0 0 1 2 2 3
1 2 0 0 3 2
-23.0638402
au-3801-a
C H H H C H Au H C H H H
0 0 0 0 1 2 3 4 4 4 4 5 6 7 7 8 8 8 8 9 10 11
1 2 3 4 0 0 0 0 5 7 8 4 7 4 6 4 9 10 11 8 8 8
-57.408588260000016
ni-2201-a
C H C H Ni Ni Ni Ni
0 0 0 0 0 1 2 2 2 2 2 3 4 5 5 6 6 7
1 2 4 5 6 0 0 3 5 6 7 2 0 0 2 0 2 2
-25.898187059999998
ru-4a01-a
C H H Ru H C H H C H H C H H H
0 0 0 0 1 2 3 4 4 5 5 5 5 6 7 8 8 8 8 9 10 11 11 11 11 12 13 14
1 2 4 5 0 0 4 0 3 0 6 7 8 5 5 5 9 10 11 8 8 8 12 13 14 11 11 11
-74.06543597000001
ir-4601-a
C H H H C H H H C Ir C
0 0 0 0 1 2 3 4 4 4 4 5 6 7 8 8 8 9 9 10 10 10
1 2 3 8 0 0 0 5 6 7 10 4 4 4 0 9 10 8 10 4 8 9
-57.96573544
ru-4811-a
C H H H C H H C H H H C O
0 0 0 0 1 2 3 4 4 4 4 5 6 7 7 7 7 8 9 10 11 11 11 12
1 2 3 4 0 0 0 0 5 6 11 4 4 8 9 10 11 7 7 7 4 7 12 11
-72.89465698999999
rh-3401-a
C H H H C H Rh Rh Rh Rh C Rh
0 0 0 0 1 2 3 4 4 4 4 4 4 5 6 7 8 8 9 9 10 10 10 10 10 11
1 2 3 10 0 0 0 5 6 7 8 9 10 4 4 4 4 10 4 10 0 4 8 9 11 10
-42.544575820000034
ni-4a14-a
C H H H C H H Ni H C H H H O H C Ni
0 0 0 0 1 2 3 4 4 4 4 5 6 7 8 8 9 9 9 9 10 11 12 13 13 13 14 15 15 15 15 16
1 2 3 15 0 0 0 5 6 8 15 4 4 8 4 7 10 11 12 15 9 9 9 14 15 16 13 0 4 9 13 13
-81.08001707
ir-2401-a
C H H C H H Ir
0 0 0 0 1 2 3 3 3 3 4 5 6 6
1 2 3 6 0 0 0 4 5 6 3 3 0 3
-33.20277219999997
os-4a12-a
C H H Os H C H Os H Os O H C H C H H H
0 0 0 0 1 2 3 4 4 5 5 5 5 6 7 8 8 9 9 10 10 10 11 11 12 12 12 12 13 14 14 14 14 15 16 17
1 2 4 12 0 0 4 0 3 6 8 12 14 5 8 5 7 10 11 9 11 12 9 10 0 5 10 13 12 5 15 16 17 14 14 14
-81.1341597600001
pt-4601-a
C H H H C H H H C Pt C
0 0 0 0 1 2 3 4 4 4 4 5 6 7 8 8 8 9 9 10 10 10
1 2 3 8 0 0 0 5 6 7 10 4 4 4 0 9 10 8 10 4 8 9
-57.86027640999998
rh-2601-a
C H H Rh H C H H H
0 0 0 0 1 2 3 4 4 5 5 5 5 6 7 8
1 2 4 5 0 0 4 0 3 0 6 7 8 5 5 5
-40.75953451999999
rh-4801-a
Rh C H H Rh C H H H C H H C H Rh Rh
0 1 1 1 1 2 2 3 4 5 5 5 5 6 6 7 8 9 9 9 9 9 10 11 12 12 12 12 13 14 15 15
2 2 3 5 12 0 1 1 6 1 6 7 8 4 5 5 5 10 11 12 14 15 9 9 1 9 13 15 12 9 9 12
-66.52232528000002
os-3812-a
C H H H Os C H H C H H Os O H
0 0 0 0 1 2 3 4 5 5 5 5 6 6 7 8 8 8 8 9 10 11 11 12 12 12 13 13
1 2 3 5 0 0 0 6 0 6 7 8 4 5 5 5 9 10 12 8 8 12 13 8 11 13 11 12
-64.37499192000007
os-4a01-a
C H H H Os C H H C H H C H H H
0 0 0 0 1 2 3 4 5 5 5 5 6 6 7 8 8 8 8 9 10 11 11 11 11 12 13 14
1 2 3 5 0 0 0 6 0 6 7 8 4 5 5 5 9 10 11 8 8 8 12 13 14 11 11 11
-74.12709501000006
rh-3813-a
C H H Rh H C H H Rh H C H Rh O H
0 0 0 0 1 2 3 4 4 5 5 5 5 6 7 8 9 9 10 10 10 10 11 12 12 13 13 13 14 14
1 2 4 10 0 0 4 0 3 6 7 9 10 5 5 9 5 8 0 5 11 13 10 13 14 10 12 14 12 13
-64.34019761000002
cu-4a13-a
C H H H C H H C H H H C H O H Cu
0 0 0 0 1 2 3 4 4 4 4 5 6 7 7 7 7 8 9 10 11 11 11 11 12 13 13 13 14 15
1 2 3 11 0 0 0 5 6 7 11 4 4 4 8 9 10 7 7 7 0 4 12 13 11 11 14 15 13 13
-80.86857307
zn-2612-a
C H H H C H H O H Zn
0 0 0 0 1 2 3 4 4 4 4 5 6 7 7 7 8 9
1 2 3 4 0 0 0 0 5 6 7 4 4 4 8 9 7 7
-47.26769152999999
os-2201-a
C H C H Os Os Os Os
0 0 0 0 0 1 2 2 2 2 2 3 4 5 5 6 6 7
1 2 4 5 6 0 0 3 5 6 7 2 0 0 2 0 2 2
-26.211121130000038
rh-4a02-a
C H H H C H H H C H C H H H
0 0 0 0 1 2 3 4 4 4 4 5 6 7 8 8 8 8 9 10 10 10 10 11 12 13
1 2 3 8 0 0 0 5 6 7 8 4 4 4 0 4 9 10 8 8 11 12 13 10 10 10
-74.14708379000001
cu-3401-a
C H H H C H Cu Cu Cu C Cu
0 0 0 0 0 1 2 3 4 4 4 4 4 5 6 6 7 8 8 9 9 9 9 9 10 10
1 2 3 9 10 0 0 0 5 6 7 8 9 4 4 9 4 4 9 0 4 6 8 10 0 9
-41.30925245
zn-3813-a
C H H H C H H H C H O H Zn
0 0 0 0 1 2 3 4 4 4 4 5 6 7 8 8 8 8 9 10 10 10 11 12
1 2 3 8 0 0 0 5 6 7 8 4 4 4 0 4 9 10 8 8 11 12 10 10
-64.03215675999999
ag-2601-a
C H H H C H H H
0 0 0 0 1 2 3 4 4 4 4 5 6 7
1 2 3 4 0 0 0 0 5 6 7 4 4 4
-40.72409326000002
rh-4602-a
C H H C H H Rh H C H Rh Rh Rh Rh C
0 0 0 0 1 2 3 3 3 3 4 5 6 7 7 8 8 8 8 8 8 9 10 11 11 12 12 13 13 14 14 14 14 14
1 2 3 14 0 0 0 4 5 7 3 3 7 3 6 9 10 11 12 13 14 8 8 8 14 8 14 8 14 0 8 11 12 13
-59.12236310000003
ag-3812-a
C H H H Ag C H H C H H O H Ag
0 0 0 0 1 2 3 4 5 5 5 5 6 6 7 8 8 8 8 9 10 11 11 11 12 13
1 2 3 5 0 0 0 6 0 6 7 8 4 5 5 5 9 10 11 8 8 8 12 13 11 11
-63.92932571
ni-2601-a
C H H H C H H H
0 0 0 0 1 2 3 4 4 4 4 5 6 7
1 2 3 4 0 0 0 0 5 6 7 4 4 4
-40.76149776
rh-3611-b
C H H H C H H H C O Rh
0 0 0 0 1 2 3 4 4 4 4 5 6 7 8 8 8 9 9 10
1 2 3 8 0 0 0 5 6 7 8 4 4 4 0 4 9 8 10 9
-56.68447401000003
ru-4804-a
C H H H C H H Ru H C H H C Ru Ru
0 0 0 0 1 2 3 4 4 4 4 4 5 6 7 7 8 8 9 9 9 9 9 10 11 12 12 12 12 13 13 14
1 2 3 12 0 0 0 5 6 7 8 12 4 4 4 8 4 7 10 11 12 13 14 9 9 0 4 9 13 9 12 9
-66.49335522000001
os-4803-a
Os C H H H C H C H C H Os H H Os
0 0 1 1 1 1 1 2 2 3 4 5 5 5 5 6 7 7 7 7 8 9 9 9 9 9 10 11 11 12 12 13 14 14
1 2 0 2 3 4 5 0 1 1 1 1 6 7 14 5 5 8 9 14 7 7 10 11 12 13 9 9 12 9 11 9 5 7
-66.58601156000009
cd-3811-a
C H H H C H H C H H H O Cd
0 0 0 0 1 2 3 4 4 4 4 5 6 7 7 7 7 8 9 10 11 11 11 12
1 2 3 4 0 0 0 0 5 6 11 4 4 8 9 10 11 7 7 7 4 7 12 11
-63.44320054
ir-3611-a
C H H H C H H H C O
0 0 0 0 1 2 3 4 4 4 4 5 6 7 8 8 8 9
1 2 3 8 0 0 0 5 6 7 8 4 4 4 0 4 9 8
-56.28057474999997
ru-3401-a
C H H H C H Ru Ru Ru Ru C Ru
0 0 0 0 1 2 3 4 4 4 4 4 4 5 6 6 7 8 8 9 9 10 10 10 10 10 10 11
1 2 3 10 0 0 0 5 6 7 8 9 10 4 4 10 4 4 10 4 10 0 4 6 8 9 11 10
-42.56416804000003
ag-2612-a
C H H H C H H O H Ag
0 0 0 0 1 2 3 4 4 4 4 5 6 7 7 7 8 9
1 2 3 4 0 0 0 0 5 6 7 4 4 4 8 9 7 7
-47.31811714
au-2611-a
C H H H C H H H O
0 0 0 0 1 2 3 4 4 4 4 5 6 7 8 8
1 2 3 8 0 0 0 5 6 7 8 4 4 4 0 4
-46.70463521000002
ag-4602-a
C H H C H H H C H Ag C
0 0 0 0 1 2 3 3 3 3 4 5 6 7 7 7 8 9 10 10
1 2 3 10 0 0 0 4 5 6 3 3 3 8 9 10 7 7 0 7
-56.78389100000001
pt-2401-a
C H H C H H Pt
0 0 0 0 1 2 3 3 3 3 4 5 6 6
1 2 3 6 0 0 0 4 5 6 3 3 0 3
-33.18372502
pt-3813-a
C H H Pt H C H H Pt H C H O H Pt
0 0 0 0 1 2 3 4 4 5 5 5 5 6 7 8 9 9 10 10 10 10 11 12 12 12 13 14
1 2 4 10 0 0 4 0 3 6 7 9 10 5 5 9 5 8 0 5 11 12 10 10 13 14 12 12
-64.30394280000002
pd-1211-a
Pd C H H Pd O
0 0 0 0 1 1 1 1 1 2 2 3 3 4 4 5 5 5
1 2 3 5 0 2 3 4 5 0 1 0 1 1 5 0 1 4
-22.929093380000012
ag-4801-a
Ag C H H C H H H C H H C H Ag
0 1 1 1 1 2 2 3 4 4 4 4 5 6 7 8 8 8 8 9 10 11 11 11 11 12 13 13
2 2 3 4 11 0 1 1 1 5 6 7 4 4 4 9 10 11 13 8 8 1 8 12 13 11 8 11
-65.68201299
ir-4801-a
Ir C H H Ir C H H H C H H C H Ir Ir
0 1 1 1 1 2 2 3 4 5 5 5 5 6 6 7 8 9 9 9 9 9 10 11 12 12 12 12 13 14 15 15
2 2 3 5 12 0 1 1 6 1 6 7 8 4 5 5 5 10 11 12 14 15 9 9 1 9 13 15 12 9 9 12
-66.48853386999997
au-4a12-a
C H H H C H H O H C H C H H H Au
0 0 0 0 1 2 3 4 4 4 4 5 6 7 7 7 8 9 9 9 9 10 11 11 11 11 12 13 14 15
1 2 3 9 0 0 0 5 6 9 11 4 4 8 9 15 7 0 4 7 10 9 4 12 13 14 11 11 11 7
-80.76859158000002
pd-2411-a
C H H H Pd C H Pd Pd O
0 0 0 0 0 1 2 3 4 4 4 4 5 5 5 5 5 5 6 6 7 7 8 8 9 9 9 9
1 2 3 4 5 0 0 0 0 5 6 9 0 4 6 7 8 9 4 5 5 9 5 9 4 5 7 8
-39.89362975000003
rh-3611-a
C H H H C H H H C O
0 0 0 0 1 2 3 4 4 4 4 5 6 7 8 8 8 9
1 2 3 8 0 0 0 5 6 7 8 4 4 4 0 4 9 8
-56.29111498999998
ni-2611-a
C H H H C H H H O
0 0 0 0 1 2 3 4 4 4 4 5 6 7 8 8
1 2 3 8 0 0 0 5 6 7 8 4 4 4 0 4
-46.72161184999999
ir-3801-a
C H H H C H Ir H C H H H
0 0 0 0 1 2 3 4 4 4 4 5 6 7 7 8 8 8 8 9 10 11
1 2 3 4 0 0 0 0 5 7 8 4 7 4 6 4 9 10 11 8 8 8
-57.47462471
pd-3801-a
C H H H C H Pd H C H H H
0 0 0 0 1 2 3 4 4 4 4 5 6 7 7 8 8 8 8 9 10 11
1 2 3 4 0 0 0 0 5 7 8 4 7 4 6 4 9 10 11 8 8 8
-57.51234585
zn-2611-a
C H H H C H H H O
0 0 0 0 1 2 3 4 4 4 4 5 6 7 8 8
1 2 3 8 0 0 0 5 6 7 8 4 4 4 0 4
-46.62150036999999
ag-3801-a
C H H H C H H C H H H
0 0 0 0 1 2 3 4 4 4 4 5 6 7 7 7 7 8 9 10
1 2 3 4 0 0 0 0 5 6 7 4 4 4 8 9 10 7 7 7
-57.39449422999999
au-4811-a
C H H H C H H C H H H C O
0 0 0 0 1 2 3 4 4 4 4 5 6 7 7 7 7 8 9 10 11 11 11 12
1 2 3 4 0 0 0 0 5 6 11 4 4 8 9 10 11 7 7 7 4 7 12 11
-72.93813779000001
cu-4601-a
C H H H C H H H C Cu C
0 0 0 0 1 2 3 4 4 4 4 5 6 7 8 8 8 9 9 10 10 10
1 2 3 8 0 0 0 5 6 7 10 4 4 4 0 9 10 8 10 4 8 9
-57.14295873999998
ir-2201-a
C H C H Ir
0 0 0 1 2 2 2 3 4 4
1 2 4 0 0 3 4 2 0 2
-24.124520959999984
cu-4a02-a
C H H H C H H H C H C H H H
0 0 0 0 1 2 3 4 4 4 4 5 6 7 8 8 8 8 9 10 10 10 10 11 12 13
1 2 3 8 0 0 0 5 6 7 8 4 4 4 0 4 9 10 8 8 11 12 13 10 10 10
-74.09382693999999
pd-4a13-a
C H H Pd H Pd C H H C H H H C H O H Pd
0 0 0 0 1 2 3 4 4 5 6 6 6 6 7 7 8 9 9 9 9 10 11 12 13 13 13 13 14 15 15 15 16 17
1 2 4 13 0 0 4 0 3 7 7 8 9 13 5 6 6 6 10 11 12 9 9 9 0 6 14 15 13 13 16 17 15 15
-81.06115636000001
cd-3801-a
C H H H C H H C H H H
0 0 0 0 1 2 3 4 4 4 4 5 6 7 7 7 7 8 9 10
1 2 3 4 0 0 0 0 5 6 7 4 4 4 8 9 10 7 7 7
-57.33218909000001
ag-3813-a
C H H H C H H H C H O H Ag
0 0 0 0 1 2 3 4 4 4 4 5 6 7 8 8 8 8 9 10 10 10 11 12
1 2 3 8 0 0 0 5 6 7 8 4 4 4 0 4 9 10 8 8 11 12 10 10
-64.11389342000001
ir-3811-a
C H H H C H Ir H C H H H O Ir
0 0 0 0 1 2 3 4 4 4 4 5 6 7 7 8 8 8 8 9 10 11 12 12 12 13
1 2 3 4 0 0 0 0 5 7 12 4 7 4 6 9 10 11 12 8 8 8 4 8 13 12
-63.72383327999995
rh-3601-a
C H H H Rh C H H C H Rh
0 0 0 0 1 2 3 4 4 5 5 5 5 5 6 6 7 8 8 8 8 9 10 10
1 2 3 8 0 0 0 5 6 4 6 7 8 10 4 5 5 0 5 9 10 8 5 8
-49.932258149999996
os-4a02-a
C H H H C H H H C H C H H H
0 0 0 0 1 2 3 4 4 4 4 5 6 7 8 8 8 8 9 10 10 10 10 11 12 13
1 2 3 8 0 0 0 5 6 7 8 4 4 4 0 4 9 10 8 8 11 12 13 10 10 10
-74.03899160000003
os-4804-a
C H H Os H C H H Os H Os C H Os H C Os
0 0 0 0 1 2 3 4 4 5 5 5 5 6 7 8 9 9 10 10 11 11 11 11 11 11 12 12 13 13 14 14 15 15 15 15 16 16
1 2 4 15 0 0 4 0 3 6 7 9 15 5 5 9 5 8 11 12 10 12 13 14 15 16 10 11 11 14 11 13 0 5 11 16 11 15
-66.88382606000005
ru-3813-a
C H H Ru H C H H Ru H C H Ru O H
0 0 0 0 1 2 3 4 4 5 5 5 5 6 7 8 9 9 10 10 10 10 11 12 12 13 13 13 14 14
1 2 4 10 0 0 4 0 3 6 7 9 10 5 5 9 5 8 0 5 11 13 10 13 14 10 12 14 12 13
-64.35503941000002
ir-4a11-a
C H H H C H H Ir C H H C H H O H Ir
0 0 0 0 1 2 3 4 4 4 4 5 6 7 8 8 8 8 9 9 10 11 11 11 11 12 13 14 14 14 15 16
1 2 3 4 0 0 0 0 5 6 8 4 4 9 4 9 10 11 7 8 8 8 12 13 14 11 11 11 15 16 14 14
-80.90033741999997
pd-4811-a
C H H H Pd Pd C H H C H H H C O
0 0 0 0 1 2 3 4 5 6 6 6 6 7 7 7 8 9 9 9 9 10 11 12 13 13 13 14
1 2 3 6 0 0 0 7 7 0 7 8 13 4 5 6 6 10 11 12 13 9 9 9 6 9 14 13
-73.05264068
ni-4a02-a
C H H H C H H H C H C H H H
0 0 0 0 1 2 3 4 4 4 4 5 6 7 8 8 8 8 9 10 10 10 10 11 12 13
1 2 3 8 0 0 0 5 6 7 8 4 4 4 0 4 9 10 8 8 11 12 13 10 10 10
-74.15157780999999
cu-2611-a
C H H H C H H H O
0 0 0 0 1 2 3 4 4 4 4 5 6 7 8 8
1 2 3 8 0 0 0 5 6 7 8 4 4 4 0 4
-46.68543708999999
cu-3611-a
C H H H C H H H C O
0 0 0 0 1 2 3 4 4 4 4 5 6 7 8 8 8 9
1 2 3 8 0 0 0 5 6 7 8 4 4 4 0 4 9 8
-56.24304817999999
pd-3611-a
C H H H C H H H C O
0 0 0 0 1 2 3 4 4 4 4 5 6 7 8 8 8 9
1 2 3 8 0 0 0 5 6 7 8 4 4 4 0 4 9 8
-56.38167732000002
ni-2401-a
C H H C H H Ni Ni
0 0 0 0 0 1 2 3 3 3 3 4 5 6 7 7
1 2 3 6 7 0 0 0 4 5 7 3 3 0 0 3
-33.08131166999999
au-4802-a
C H H H C H C H C H H H Au
0 0 0 0 1 2 3 4 4 4 4 5 6 6 6 6 7 8 8 8 8 9 10 11 12 12
1 2 3 4 0 0 0 0 5 6 12 4 4 7 8 12 6 6 9 10 11 8 8 8 4 6
-65.8806697
ru-4a02-a
C H H H C H H H C H C H H H
0 0 0 0 1 2 3 4 4 4 4 5 6 7 8 8 8 8 9 10 10 10 10 11 12 13
1 2 3 8 0 0 0 5 6 7 8 4 4 4 0 4 9 10 8 8 11 12 13 10 10 10
-74.05395031
ni-3801-a
C H H H C H Ni H C H H H
0 0 0 0 1 2 3 4 4 4 4 5 6 7 7 8 8 8 8 9 10 11
1 2 3 4 0 0 0 0 5 7 8 4 7 4 6 4 9 10 11 8 8 8
-57.44986469999998
pd-4803-a
Pd C H H H C H C H C H Pd H H Pd
0 1 1 1 1 2 2 3 4 5 5 5 5 6 7 7 7 7 8 9 9 9 9 10 11 12 12 13 14 14
2 2 3 4 5 0 1 1 1 1 6 7 14 5 5 8 9 14 7 7 10 12 13 9 12 9 11 9 5 7
-66.55961638
ru-4602-a
C H H C H H H Ru C H Ru Ru C Ru
0 0 0 0 1 2 3 3 3 3 4 5 6 7 7 8 8 8 8 8 9 9 10 10 11 11 12 12 12 12 12 13
1 2 3 12 0 0 0 4 5 6 3 3 3 8 9 7 9 10 11 12 7 8 8 12 8 12 0 8 10 11 13 12
-59.50017377
ag-4a01-a
C H H H C H H C H H C H H H
0 0 0 0 1 2 3 4 4 4 4 5 6 7 7 7 7 8 9 10 10 10 10 11 12 13
1 2 3 4 0 0 0 0 5 6 7 4 4 4 8 9 10 7 7 7 11 12 13 10 10 10
-74.06709206
cd-4811-a
C H H H C H H C H H H C O
0 0 0 0 1 2 3 4 4 4 4 5 6 7 7 7 7 8 9 10 11 11 11 12
1 2 3 4 0 0 0 0 5 6 11 4 4 8 9 10 11 7 7 7 4 7 12 11
-72.88170424
cd-4a12-a
C H H H C H H O H C H C H H H
0 0 0 0 1 2 3 4 4 4 4 5 6 7 7 8 9 9 9 9 10 11 11 11 11 12 13 14
1 2 3 9 0 0 0 5 6 9 11 4 4 8 9 7 0 4 7 10 9 4 12 13 14 11 11 11
-80.60877393000001
au-1211-a
C H H O
0 0 0 1 2 3
1 2 3 0 0 0
-22.291885700000023
pt-4811-a
C H H H C H H C H H H C O
0 0 0 0 1 2 3 4 4 4 4 5 6 7 7 7 7 8 9 10 11 11 11 12
1 2 3 4 0 0 0 0 5 6 11 4 4 8 9 10 11 7 7 7 4 7 12 11
-73.00675447999998
cu-4602-a
C H H C H H H C H Cu Cu Cu C Cu
0 0 0 0 0 1 2 3 3 3 3 4 5 6 7 7 7 7 7 8 9 10 10 11 11 12 12 12 12 12 13 13
1 2 3 12 13 0 0 0 4 5 6 3 3 3 8 9 10 11 12 7 7 7 12 7 12 0 7 10 11 13 0 12
-57.981546820000005
os-3401-a
C H H H C H Os Os Os Os C
0 0 0 0 1 2 3 4 4 4 4 4 4 5 6 6 7 8 8 9 9 10 10 10 10 10
1 2 3 10 0 0 0 5 6 7 8 9 10 4 4 10 4 4 10 4 10 0 4 6 8 9
-42.89982601000008
zn-4802-a
C H H H C H C H C H H H
0 0 0 0 1 2 3 4 4 4 5 6 6 6 7 8 8 8 8 9 10 11
1 2 3 4 0 0 0 0 5 6 4 4 7 8 6 6 9 10 11 8 8 8
-65.74936027999999
rh-2411-a
C H H H Rh C H Rh Rh O
0 0 0 0 0 1 2 3 4 4 4 4 5 5 5 5 5 5 6 6 7 7 8 8 9 9 9 9
1 2 3 4 5 0 0 0 0 5 6 9 0 4 6 7 8 9 4 5 5 9 5 9 4 5 7 8
-40.01879051999998
pt-4804-a
C H H H C H H H C H H C Pt
0 0 0 0 1 2 3 4 4 4 4 5 6 7 8 8 8 8 9 10 11 11 11 11 12 12
1 2 3 11 0 0 0 5 6 7 11 4 4 4 9 10 11 12 8 8 0 4 8 12 8 11
-66.64431647000004
ag-4802-a
C H H H C H C H C H H H Ag
0 0 0 0 1 2 3 4 4 4 4 5 6 6 6 6 7 8 8 8 8 9 10 11 12 12
1 2 3 4 0 0 0 0 5 6 12 4 4 7 8 12 6 6 9 10 11 8 8 8 4 6
-65.84280804
ag-4804-a
C H H H C H H H C H H C Ag
0 0 0 0 1 2 3 4 4 4 4 5 6 7 8 8 8 8 9 10 11 11 11 12
1 2 3 11 0 0 0 5 6 7 11 4 4 4 9 10 11 12 8 8 0 4 8 8
-65.94257846
cd-2612-a
C H H H C H H O H Cd
0 0 0 0 1 2 3 4 4 4 4 5 6 7 7 7 8 9
1 2 3 4 0 0 0 0 5 6 7 4 4 4 8 9 7 7
-47.19810942
zn-4a14-a
C H H H C H H H C H H H O H C Zn
0 0 0 0 1 2 3 4 4 4 4 5 6 7 8 8 8 8 9 10 11 12 12 12 13 14 14 14 14 15
1 2 3 14 0 0 0 5 6 7 14 4 4 4 9 10 11 14 8 8 8 13 14 15 12 0 4 8 12 12
-80.75442791999998
pt-3811-a
C H H Pt H C H H C H H H O Pt
0 0 0 0 1 2 3 4 4 5 5 5 5 6 7 8 8 8 8 9 10 11 12 12 12 13
1 2 4 5 0 0 4 0 3 0 6 7 12 5 5 9 10 11 12 8 8 8 5 8 13 12
-63.675019150000026
pd-4801-a
Pd C H H Pd C H H H C H H C H Pd Pd
0 1 1 1 1 2 2 3 4 5 5 5 5 6 6 7 8 9 9 9 9 9 10 11 12 12 12 12 13 14 15 15
2 2 3 5 12 0 1 1 6 1 6 7 8 4 5 5 5 10 11 12 14 15 9 9 1 9 13 15 12 9 9 12
-66.53850018
pd-4a01-a
C H H Pd H C H H C H H C H H Pd H
0 0 0 0 1 2 3 4 4 5 5 5 5 6 7 8 8 8 8 9 10 11 11 11 11 12 13 14 15 15
1 2 4 5 0 0 4 0 3 0 6 7 8 5 5 5 9 10 11 8 8 8 12 13 15 11 11 15 11 14
-74.23170682000003
cd-4804-a
C H H H C H H H C H H C
0 0 0 0 1 2 3 4 4 4 4 5 6 7 8 8 8 9 10 11 11 11
1 2 3 11 0 0 0 5 6 7 11 4 4 4 9 10 11 8 8 0 4 8
-65.78563595
ru-2411-a
Ru C H H H C H Ru Ru Ru O
0 1 1 1 1 2 2 3 4 5 5 5 5 5 5 6 7 7 8 8 9 9 10 10 10 10
2 2 3 4 5 0 1 1 1 1 6 7 8 9 10 5 5 10 5 10 5 10 5 7 8 9
-40.09931895
pt-3812-a
C H H H Pt C H H C H H O H Pt
0 0 0 0 1 2 3 4 5 5 5 5 6 6 7 8 8 8 8 9 10 11 11 11 12 13
1 2 3 5 0 0 0 6 0 6 7 8 4 5 5 5 9 10 11 8 8 8 12 13 11 11
-64.13067067000003
ir-4803-a
C H H H C H C H C H H H Ir
0 0 0 0 1 2 3 4 4 4 4 5 6 6 6 6 7 8 8 8 8 9 10 11 12 12
1 2 3 4 0 0 0 0 5 6 12 4 4 7 8 12 6 6 9 10 11 8 8 8 4 6
-66.55609113999998
ag-4a14-a
C H H H C H H H C H H H O H C Ag
0 0 0 0 1 2 3 4 4 4 4 5 6 7 8 8 8 8 9 10 11 12 12 12 13 14 14 14 14 15
1 2 3 14 0 0 0 5 6 7 14 4 4 4 9 10 11 14 8 8 8 13 14 15 12 0 4 8 12 12
-80.83521065
zn-4811-a
C H H H C H H C H H H C O
0 0 0 0 1 2 3 4 4 4 4 5 6 7 7 7 7 8 9 10 11 11 11 12
1 2 3 4 0 0 0 0 5 6 11 4 4 8 9 10 11 7 7 7 4 7 12 11
-72.86289687
au-2612-a
C H H H C H H O H Au
0 0 0 0 1 2 3 4 4 4 4 5 6 7 7 7 8 9
1 2 3 4 0 0 0 0 5 6 7 4 4 4 8 9 7 7
-47.28593656000001
cu-4a01-a
C H H H C H H C H H C H H H
0 0 0 0 1 2 3 4 4 4 4 5 6 7 7 7 7 8 9 10 10 10 10 11 12 13
1 2 3 4 0 0 0 0 5 6 7 4 4 4 8 9 10 7 7 7 11 12 13 10 10 10
-74.09300056000001
ru-3601-a
C H H H Ru C H Ru H C H Ru
0 0 0 0 1 2 3 4 4 5 5 5 5 5 5 6 6 7 7 8 8 9 9 9 9 10 11 11
1 2 3 9 0 0 0 5 6 4 6 7 8 9 11 4 5 5 8 5 7 0 5 10 11 9 5 9
-50.04509435
pd-3813-a
C H H Pd H C H H Pd H C H O H Pd
0 0 0 0 1 2 3 4 4 5 5 5 5 6 7 8 9 9 10 10 10 10 11 12 12 12 13 14
1 2 4 10 0 0 4 0 3 6 7 9 10 5 5 9 5 8 0 5 11 12 10 10 13 14 12 12
-64.36417785
cd-1211-a
C H H O
0 0 0 1 2 3
1 2 3 0 0 0
-22.273760170000003
rh-4803-a
Rh C H H H C H C H C H Rh H H Rh
0 0 1 1 1 1 1 2 2 3 4 5 5 5 5 6 7 7 7 7 8 9 9 9 9 10 11 12 12 13 14 14
1 2 0 2 3 4 5 0 1 1 1 1 6 7 14 5 5 8 9 14 7 7 10 12 13 9 12 9 11 9 5 7
-66.57916051000001
rh-4a11-a
C H H H C H H Rh C H H C H H O H Rh
0 0 0 0 1 2 3 4 4 4 4 5 6 7 8 8 8 8 9 9 10 11 11 11 11 12 13 14 14 14 15 16
1 2 3 4 0 0 0 0 5 6 8 4 4 9 4 9 10 11 7 8 8 8 12 13 14 11 11 11 15 16 14 14
-80.89095580999998
cu-2201-a
C H C H Cu Cu Cu Cu
0 0 0 0 0 1 2 2 2 2 2 3 4 5 5 6 6 7
1 2 4 5 6 0 0 3 5 6 7 2 0 0 2 0 2 2
-24.592108919999987
