44S1
C H C H C H C H S
0 0 0 0 1 2 2 2 3 4 4 4 4 5 6 6 6 7 8 8 8 8
1 2 4 8 0 0 3 8 2 0 5 6 8 4 4 7 8 6 0 2 4 6
-54.31266135
45N1
C H C H C H N H C H
0 0 0 0 1 2 2 2 2 3 4 4 4 5 6 6 6 6 6 7 8 8 8 9
1 2 4 6 0 0 3 6 8 2 0 5 6 4 0 2 4 7 8 6 2 6 9 8
-62.42511505
8a03
C H C H C H C H C H H H C H H H C C
0 0 0 1 2 2 2 3 4 4 4 5 6 6 6 7 8 8 8 8 9 10 11 12 12 12 12 13 14 15 16 16 16 17 17 17
1 2 4 0 0 3 16 2 0 5 6 4 4 7 17 6 9 10 11 16 8 8 8 13 14 15 17 12 12 12 2 8 17 6 12 16
-109.55710134
66S1
S H C H C H C H C H C H C
0 0 1 2 2 2 3 4 4 4 5 6 6 6 7 8 8 8 9 10 10 10 11 12 12 12
1 12 0 3 8 12 2 5 6 12 4 4 7 10 6 2 9 10 8 6 8 11 10 0 2 4
-80.01524666
6601
C H C H C H C H C H C H
0 0 0 1 2 2 2 3 4 4 4 5 6 6 6 7 8 8 8 9 10 10 10 11
1 2 8 0 0 3 6 2 5 6 10 4 2 4 7 6 0 9 10 8 4 8 11 10
-76.15708337
8a02
C H H H C H H H C H C H C H C H C C
0 0 0 0 1 2 3 4 4 4 4 5 6 7 8 8 8 9 10 10 10 11 12 12 12 13 14 14 14 15 16 16 16 17 17 17
1 2 3 16 0 0 0 5 6 7 17 4 4 4 9 16 17 8 11 12 16 10 10 13 14 12 12 15 17 14 0 8 10 4 8 14
-109.58318392
67N1
N H H C H C H C H C H C H C
0 0 0 1 2 3 3 3 4 5 5 5 6 7 7 7 8 9 9 9 10 11 11 11 12 13 13 13
1 2 13 0 0 4 9 13 3 6 7 13 5 5 8 11 7 3 10 11 9 7 9 12 11 0 3 5
-88.37193618
6611
C H C H C H C H C H O H C
0 0 0 1 2 2 2 3 4 4 4 5 6 6 6 7 8 8 8 9 10 10 11 12 12 12
1 2 8 0 0 3 6 2 5 6 12 4 2 4 7 6 0 9 12 8 11 12 10 4 8 10
-82.88044585
7801
C H H H C H C H C H C H C H C
0 0 0 0 1 2 3 4 4 4 5 6 6 6 7 8 8 8 9 10 10 10 11 12 12 12 13 14 14 14
1 2 3 14 0 0 0 5 10 14 4 7 8 12 6 6 9 14 8 4 11 12 10 6 10 13 12 0 4 8
-92.87076709
55N1
C H C H C H C H C H N
0 0 0 0 1 2 2 2 3 4 4 4 5 6 6 6 7 8 8 8 8 9 10 10
1 2 8 10 0 0 3 4 2 2 5 6 4 4 7 8 6 0 6 9 10 8 0 8
-71.34773032
5601
C H H C H C H C H C H
0 0 0 0 1 2 3 3 3 3 4 5 5 5 5 6 7 7 7 7 8 9 9 9 9 10
1 2 3 9 0 0 0 4 5 7 3 3 6 7 9 5 3 5 8 9 7 0 5 7 10 9
-66.22363011
4411
C H C H C H C H O
0 0 0 0 1 2 2 2 2 2 3 4 4 4 4 5 6 6 6 6 6 7 8 8
1 2 4 6 0 0 3 4 6 8 2 0 2 5 6 4 0 2 4 7 8 6 2 6
-56.55543939
8a01
C H H H C H H H C H C H C H C H C C
0 0 0 0 1 2 3 4 4 4 4 5 6 7 8 8 8 9 10 10 10 11 12 12 12 13 14 14 14 15 16 16 16 17 17 17
1 2 3 16 0 0 0 5 6 7 17 4 4 4 9 14 17 8 11 12 16 10 10 13 17 12 8 15 16 14 0 10 14 4 8 12
-109.57925815
