ru-25Y2-a
Ru O H C H C H H H Ru N Ru
0 0 0 1 1 1 2 2 3 3 3 3 4 5 5 5 5 6 7 8 9 9 10 10 10 10 10 11
1 2 10 0 2 10 0 1 4 5 9 10 3 3 6 7 8 5 5 5 3 10 0 1 3 9 11 10
-51.21207830000003
ag-49Y1-a
Ag O H C H C H Ag H C H H C H H H N Ag
0 1 1 2 2 3 3 3 4 5 5 5 5 6 7 8 8 9 9 9 9 10 11 12 12 12 12 13 14 15 16 16 16 17
2 2 16 0 1 4 5 16 3 3 6 8 9 5 8 5 7 5 10 11 12 9 9 9 13 14 15 12 12 12 1 3 17 16
-83.79514369
au-25Y1-a
Au O H C H C H H H N Au
0 1 1 2 2 3 3 3 4 5 5 5 5 6 7 8 9 9 9 10
2 2 9 0 1 4 5 9 3 3 6 7 8 5 5 5 1 3 10 9
-50.48919564000002
ni-49Y4-a
Ni O H C H C H H H C H C H H H Ni N Ni
0 0 0 1 1 1 2 2 3 3 3 3 4 5 5 5 5 6 7 8 9 9 9 9 10 11 11 11 11 12 13 14 15 15 16 16 16 16 16 17
1 2 16 0 2 16 0 1 4 9 15 16 3 6 7 8 9 5 5 5 3 5 10 11 9 9 12 13 14 11 11 11 3 16 0 1 3 15 17 16
-84.29220284000002
rh-49Y6-a
Rh O H Rh C H H H C H H C H H H Rh N C Rh
0 0 0 1 1 1 2 2 3 4 4 4 4 5 5 6 7 8 8 8 8 9 10 11 11 11 11 12 13 14 15 15 16 16 16 16 16 17 17 17 17 18
1 2 16 0 2 16 0 1 5 5 6 7 17 3 4 4 4 9 10 11 17 8 8 8 12 13 14 11 11 11 16 17 0 1 15 17 18 4 8 15 16 16
-84.23354079
cd-49Y3-a
O H C H C H H H C H C H H H N
0 0 1 2 2 2 3 4 4 4 4 5 6 7 8 8 8 8 9 10 10 10 10 11 12 13 14 14
1 14 0 3 8 14 2 5 6 7 8 4 4 4 2 4 9 10 8 8 11 12 13 10 10 10 0 2
-83.45622811999999
ag-49Y3-a
O H C H C H H H C H C H H H N Ag
0 0 0 1 2 2 2 3 4 4 4 4 5 6 7 8 8 8 8 9 10 10 10 10 11 12 13 14 14 15
1 14 15 0 3 8 14 2 5 6 7 8 4 4 4 2 4 9 10 8 8 11 12 13 10 10 10 0 2 0
-83.59288659
ni-49Y2-a
O H C H C H H C H H C H H H N Ni
0 0 1 2 2 2 3 4 4 4 4 5 6 7 7 7 7 8 9 10 10 10 10 11 12 13 14 14 14 15
1 14 0 3 4 14 2 2 5 6 7 4 4 4 8 9 10 7 7 7 11 12 13 10 10 10 0 2 15 14
-84.30900349000001
zn-49Y1-a
O H C H C H H C H H C H H H N Zn
0 0 1 2 2 2 3 4 4 4 4 5 6 7 7 7 7 8 9 10 10 10 10 11 12 13 14 14 14 15
1 14 0 3 4 14 2 2 5 6 7 4 4 4 8 9 10 7 7 7 11 12 13 10 10 10 0 2 15 14
-83.77011414
ir-49Y3-a
Ir O H C H C H H Ir H Ir C H C H H H Ir N Ir
0 0 0 1 1 1 1 2 2 3 3 3 3 4 5 5 5 5 6 7 8 9 9 10 11 11 11 11 12 12 13 13 13 13 14 15 16 17 17 17 18 18 18 18 18 19
1 2 18 0 2 17 18 0 1 4 11 17 18 3 6 7 9 11 5 5 9 5 8 12 3 5 12 13 10 11 11 14 15 16 13 13 13 1 3 18 0 1 3 17 19 18
-83.83298735
ni-49Y6-a
Ni O H Ni C H H H C H H C H H H Ni N C Ni
0 0 0 1 1 1 2 2 3 4 4 4 4 5 5 6 7 8 8 8 8 9 10 11 11 11 11 12 13 14 15 15 16 16 16 16 16 17 17 17 17 18
1 2 16 0 2 16 0 1 5 5 6 7 17 3 4 4 4 9 10 11 17 8 8 8 12 13 14 11 11 11 16 17 0 1 15 17 18 4 8 15 16 16
-84.24582549999997
au-49Y3-a
O H C H C H H H C H C H H H N
0 0 1 2 2 2 3 4 4 4 4 5 6 7 8 8 8 8 9 10 10 10 10 11 12 13 14 14
1 14 0 3 8 14 2 5 6 7 8 4 4 4 2 4 9 10 8 8 11 12 13 10 10 10 0 2
-83.58929762
zn-49Y3-a
O H C H C H H H C H C H H H N
0 0 1 2 2 2 3 4 4 4 4 5 6 7 8 8 8 8 9 10 10 10 10 11 12 13 14 14
1 14 0 3 8 14 2 5 6 7 8 4 4 4 2 4 9 10 8 8 11 12 13 10 10 10 0 2
-83.51264069999999
pt-49Y4-a
O H C H C H H H C H Pt C H H H Pt Pt N Pt
0 0 0 1 2 2 2 2 2 3 4 4 4 4 5 6 7 8 8 8 8 9 10 11 11 11 11 12 12 13 14 15 15 16 16 17 17 17 17 18
1 17 18 0 3 8 15 16 17 2 5 6 7 8 4 4 4 2 4 9 11 8 12 8 12 13 14 10 11 11 11 2 17 2 17 0 2 15 16 0
-84.21623327999998
zn-13Y1-a
C H H O H N Zn
0 0 0 1 2 3 3 4 5 5 5 6
1 2 5 0 0 4 5 3 0 3 6 5
-33.59995651
ag-25Y1-a
Ag O H C H C H H H N Ag
0 1 1 2 2 3 3 3 4 5 5 5 5 6 7 8 9 9 9 10
2 2 9 0 1 4 5 9 3 3 6 7 8 5 5 5 1 3 10 9
-50.47768974000002
cu-49Y4-a
Cu O H C H C H H H C H C H H H N Cu
0 1 1 2 2 3 3 3 4 5 5 5 5 6 7 8 9 9 9 9 10 11 11 11 11 12 13 14 15 15 15 16
2 2 15 0 1 4 9 15 3 6 7 8 9 5 5 5 3 5 10 11 9 9 12 13 14 11 11 11 1 3 16 15
-83.96138939
au-25Y2-a
Au O H C H C H H H N Au
0 1 1 2 2 3 3 3 4 5 5 5 5 6 7 8 9 9 9 10
2 2 9 0 1 4 5 9 3 3 6 7 8 5 5 5 1 3 10 9
-50.51043637000001
cu-13Y1-a
C H H Cu O H N Cu
0 0 0 1 2 3 4 4 5 5 6 6 6 7
1 2 6 0 0 5 5 6 3 4 0 4 7 6
-33.84023518000001
cd-37Y2-a
O H C H C H H C H H H N Cd
0 0 1 2 2 2 3 4 4 4 4 5 6 7 7 7 7 8 9 10 11 11 11 12
1 11 0 3 4 11 2 2 5 6 7 4 4 4 8 9 10 7 7 7 0 2 12 11
-66.89290052999999
rh-37Y1-a
Rh O H Rh C H C H H C H H Rh H Rh N
0 0 1 1 1 1 2 2 3 3 4 4 4 4 4 5 5 6 6 6 6 7 8 9 9 9 9 10 11 12 13 13 14 14 14 15 15 15
1 2 0 2 14 15 0 1 4 5 3 5 6 14 15 3 4 4 7 8 9 6 6 6 10 11 13 9 9 13 9 12 1 4 15 1 4 14
-67.34062072
au-49Y5-a
O H C H H H C H H C H H H N C
0 0 1 2 2 2 2 3 4 5 6 6 6 6 7 8 9 9 9 9 10 11 12 13 13 14 14 14
1 13 0 3 4 5 14 2 2 2 7 8 9 14 6 6 6 10 11 12 9 9 9 0 14 2 6 13
-83.82203059
cd-25Y2-a
O H C H C H H H N Cd
0 0 1 2 2 2 3 4 4 4 4 5 6 7 8 8 8 9
1 8 0 3 4 8 2 2 5 6 7 4 4 4 0 2 9 8
-50.29046179
cu-37Y2-a
Cu O H C H C H H C H H H N Cu
0 1 1 2 2 3 3 3 4 5 5 5 5 6 7 8 8 8 8 9 10 11 12 12 12 13
2 2 12 0 1 4 5 12 3 3 6 7 8 5 5 5 9 10 11 8 8 8 1 3 13 12
-67.31945895999999
cu-49Y3-a
O H C H C H H H C H C H H H N Cu
0 0 0 1 2 2 2 3 4 4 4 4 5 6 7 8 8 8 8 9 10 10 10 10 11 12 13 14 14 15
1 14 15 0 3 8 14 2 5 6 7 8 4 4 4 2 4 9 10 8 8 11 12 13 10 10 10 0 2 0
-83.65775984999999
rh-49Y3-a
Rh O H C H C H H Rh H Rh C H C H H H Rh N Rh
0 0 0 1 1 1 1 2 2 3 3 3 3 4 5 5 5 5 6 7 8 9 9 10 11 11 11 11 12 12 13 13 13 13 14 15 16 17 17 17 18 18 18 18 18 19
1 2 18 0 2 17 18 0 1 4 11 17 18 3 6 7 9 11 5 5 9 5 8 12 3 5 12 13 10 11 11 14 15 16 13 13 13 1 3 18 0 1 3 17 19 18
-83.98696247999999
rh-49Y2-a
Rh O H Rh C H C H H C H H C H H H N Rh
0 1 1 2 2 3 4 4 4 5 5 6 6 6 6 7 8 9 9 9 9 10 11 12 12 12 12 13 14 15 16 16 16 17
2 2 16 0 1 5 5 6 16 3 4 4 7 8 9 6 6 6 10 11 12 9 9 9 13 14 15 12 12 12 1 4 17 16
-84.38601697000001
pt-49Y5-a
O H C H H H C H H C H H H N C Pt
0 0 0 1 2 2 2 2 3 4 5 6 6 6 6 7 8 9 9 9 9 10 11 12 13 13 14 14 14 15
1 13 15 0 3 4 5 14 2 2 2 7 8 9 14 6 6 6 10 11 12 9 9 9 0 14 2 6 13 0
-83.97734774000003
cu-49Y5-a
O H C H H H C H H C H H H N C Cu
0 0 0 1 2 2 2 2 3 4 5 6 6 6 6 7 8 9 9 9 9 10 11 12 13 13 14 14 14 15
1 13 15 0 3 4 5 14 2 2 2 7 8 9 14 6 6 6 10 11 12 9 9 9 0 14 2 6 13 0
-83.87384044000001
ru-37Y2-a
Ru O H Ru C H C H H C H H H Ru N Ru
0 0 0 1 1 1 1 2 2 3 4 4 4 4 5 5 6 6 6 6 7 8 9 9 9 9 10 11 12 13 13 13 14 14 14 14 14 15
1 2 14 0 2 13 14 0 1 5 5 6 13 14 3 4 4 7 8 9 6 6 6 10 11 12 9 9 9 1 4 14 0 1 4 13 15 14
-67.81640887999998
ir-49Y1-a
Ir Ir O H C H C H Ir H C H H C H H H N Ir
0 1 2 2 3 3 3 4 4 4 5 6 6 6 6 7 8 9 9 10 10 10 10 11 12 13 13 13 13 14 15 16 17 17 17 18
3 3 3 17 0 1 2 5 6 17 4 4 7 9 10 6 9 6 8 6 11 12 13 10 10 10 14 15 16 13 13 13 2 4 18 17
-84.49975869999997
ag-49Y2-a
O H C H C H H C H H C H H H N Ag
0 0 1 2 2 2 3 4 4 4 4 5 6 7 7 7 7 8 9 10 10 10 10 11 12 13 14 14 14 15
1 14 0 3 4 14 2 2 5 6 7 4 4 4 8 9 10 7 7 7 11 12 13 10 10 10 0 2 15 14
-83.71845998
au-49Y1-a
Au O H C H C H H C H H C H H H N Au
0 1 1 2 2 3 3 3 4 5 5 5 5 6 7 8 8 8 8 9 10 11 11 11 11 12 13 14 15 15 15 16
2 2 15 0 1 4 5 15 3 3 6 7 8 5 5 5 9 10 11 8 8 8 12 13 14 11 11 11 1 3 16 15
-83.82921396
ni-25Y2-a
Ni O H C H C H H H Ni N Ni
0 0 0 1 1 1 2 2 3 3 3 3 4 5 5 5 5 6 7 8 9 9 10 10 10 10 10 11
1 2 10 0 2 10 0 1 4 5 9 10 3 3 6 7 8 5 5 5 3 10 0 1 3 9 11 10
-50.95825549
os-37Y2-a
O H Os C H C H H C H H H Os N Os
0 0 1 2 2 2 3 3 3 3 3 4 4 5 5 5 5 6 7 8 8 8 8 9 10 11 12 12 13 13 13 13 13 14
1 13 0 3 4 13 2 4 5 12 13 2 3 3 6 7 8 5 5 5 9 10 11 8 8 8 3 13 0 2 3 12 14 13
-67.83245346000001
ni-13Y1-a
C H H O H Ni N Ni Ni
0 0 0 0 1 2 3 3 3 4 5 5 6 6 6 6 6 7 8 8
1 2 5 6 0 0 4 6 8 3 0 6 0 3 5 7 8 6 3 6
-34.16447550999999
pd-37Y2-a
O H Pd Pd C H C H H C H H H N Pd
0 0 1 2 3 3 3 4 4 4 4 5 5 5 6 6 6 6 7 8 9 9 9 9 10 11 12 13 13 13 13 14
1 13 0 5 4 5 13 3 5 6 13 2 3 4 4 7 8 9 6 6 6 10 11 12 9 9 9 0 3 4 14 13
-67.55573808
cu-37Y1-a
O H C H C H H C H H H N Cu
0 0 0 1 2 2 2 3 4 4 4 4 5 6 7 7 7 7 8 9 10 11 11 12
1 11 12 0 3 4 11 2 2 5 6 7 4 4 4 8 9 10 7 7 7 0 2 0
-66.98978091000001
os-37Y3-a
Os O H C H H H Os C H H H Os N C Os
0 0 0 1 1 1 2 2 3 3 3 3 4 5 6 7 7 8 8 8 8 8 9 9 10 11 12 12 13 13 13 13 13 14 14 14 14 15
1 2 13 0 2 13 0 1 4 5 6 14 3 3 3 8 9 7 9 10 11 14 7 8 8 8 13 14 0 1 12 14 15 3 8 12 13 13
-67.96392168
au-37Y2-a
Au O H C H C H H C H H H N Au
0 1 1 2 2 3 3 3 4 5 5 5 5 6 7 8 8 8 8 9 10 11 12 12 12 13
2 2 12 0 1 4 5 12 3 3 6 7 8 5 5 5 9 10 11 8 8 8 1 3 13 12
-67.09922361000002
os-49Y3-a
Os O H C H C H H H Os C H C H H H Os N Os Os
0 0 1 1 2 2 3 3 3 3 4 5 5 5 5 6 7 8 9 10 10 10 10 11 11 12 12 12 12 13 14 15 16 16 17 17 17 17 18 19
1 2 0 2 0 1 4 10 16 17 3 6 7 8 10 5 5 5 11 3 5 11 12 9 10 10 13 14 15 12 12 12 3 17 3 16 18 19 17 17
-86.83319030000007
ir-49Y6-a
Ir O H Ir C H H H C H H C H H H Ir N C Ir
0 0 0 1 1 1 2 2 3 4 4 4 4 5 5 6 7 8 8 8 8 9 10 11 11 11 11 12 13 14 15 15 16 16 16 16 16 17 17 17 17 18
1 2 16 0 2 16 0 1 5 5 6 7 17 3 4 4 4 9 10 11 17 8 8 8 12 13 14 11 11 11 16 17 0 1 15 17 18 4 8 15 16 16
-83.98665732999996
ir-49Y2-a
Ir O H C H C H H C H H C H H H N Ir
0 1 1 2 2 3 3 3 4 5 5 5 5 6 7 8 8 8 8 9 10 11 11 11 11 12 13 14 15 15 15 16
2 2 15 0 1 4 5 15 3 3 6 7 8 5 5 5 9 10 11 8 8 8 12 13 14 11 11 11 1 3 16 15
-84.53243415999998
rh-13Y1-a
C H Rh H Rh O H Rh N Rh
0 0 0 0 0 1 2 2 3 3 4 4 4 5 5 5 6 6 7 7 8 8 8 8 8 9
1 2 3 7 8 0 0 3 0 2 5 6 8 4 6 8 4 5 0 8 0 4 5 7 9 8
-34.11267780000003
rh-49Y5-a
Rh O H C H H H C H H C H H Rh H N C Rh
0 0 1 1 1 2 2 3 3 3 3 4 5 6 7 7 7 7 8 9 10 10 10 10 11 12 13 14 14 15 15 15 16 16 16 17
1 2 0 2 15 0 1 4 5 6 16 3 3 3 8 9 10 16 7 7 7 11 12 14 10 10 14 10 13 1 16 17 3 7 15 15
-84.02695083000003
cu-49Y2-a
O H C H C H H C H H C H H H N Cu
0 0 1 2 2 2 3 4 4 4 4 5 6 7 7 7 7 8 9 10 10 10 10 11 12 13 14 14 14 15
1 14 0 3 4 14 2 2 5 6 7 4 4 4 8 9 10 7 7 7 11 12 13 10 10 10 0 2 15 14
-83.97221257000001
ir-25Y1-a
Ir Ir O H C H C H H Ir H N Ir
0 1 2 2 3 3 3 4 4 4 5 6 6 6 6 7 8 9 10 10 11 11 11 12
3 3 3 11 0 1 2 5 6 11 4 4 7 8 10 6 6 10 6 9 2 4 12 11
-51.154308209999954
au-13Y1-a
C H H Au O H N Au
0 0 0 1 2 3 4 4 5 5 6 6 6 7
1 2 6 0 0 5 5 6 3 4 0 4 7 6
-33.62595171000001
os-13Y1-a
C H H O H Os Os N Os Os
0 0 0 0 0 1 2 3 3 4 5 6 6 7 7 7 7 7 8 9
1 2 5 6 7 0 0 4 7 3 0 0 7 0 3 6 8 9 7 7
-34.46300537000002
ag-49Y4-a
Ag O H C H C H H H C H C H H H N Ag
0 1 1 2 2 3 3 3 4 5 5 5 5 6 7 8 9 9 9 9 10 11 11 11 11 12 13 14 15 15 15 16
2 2 15 0 1 4 9 15 3 6 7 8 9 5 5 5 3 5 10 11 9 9 12 13 14 11 11 11 1 3 16 15
-83.72731195
ir-13Y1-a
C H H O H Ir Ir N
0 0 0 0 0 1 2 3 3 4 5 5 6 6 7 7 7 7
1 2 5 6 7 0 0 4 7 3 0 7 0 7 0 3 5 6
-34.28319725999995
ni-37Y2-a
Ni O H Ni C H C H H C H H H Ni N Ni
0 0 1 1 2 2 3 4 4 4 4 5 5 6 6 6 6 7 8 9 9 9 9 10 11 12 13 13 14 14 14 14 14 15
2 14 2 14 0 1 5 5 6 13 14 3 4 4 7 8 9 6 6 6 10 11 12 9 9 9 4 14 0 1 4 13 15 14
-67.53765324
zn-37Y3-a
O H C H H H C H H H N C Zn
0 0 1 2 2 2 2 3 4 5 6 6 6 6 7 8 9 10 10 10 11 11 11 12
1 10 0 3 4 5 11 2 2 2 7 8 9 11 6 6 6 0 11 12 2 6 10 10
-67.30648785999999
pd-37Y3-a
Pd O H C H H H Pd C H H H Pd Pd N C Pd
0 1 1 1 1 2 2 3 3 3 3 3 4 5 6 7 7 8 8 8 8 8 9 9 10 11 12 12 12 13 13 13 14 14 14 14 15 15 15 15 15 16
2 2 12 14 16 0 1 4 5 6 13 15 3 3 3 8 9 7 9 10 11 15 7 8 8 8 1 14 15 3 14 15 1 12 13 15 3 8 12 13 14 1
-67.62333177000002
cd-49Y5-a
O H C H H H C H H C H H H N C
0 0 1 2 2 2 2 3 4 5 6 6 6 6 7 8 9 9 9 9 10 11 12 13 13 14 14 14
1 13 0 3 4 5 14 2 2 2 7 8 9 14 6 6 6 10 11 12 9 9 9 0 14 2 6 13
-83.67193678000001
ag-49Y5-a
O H C H H H C H H C H H H N C Ag
0 0 0 1 2 2 2 2 3 4 5 6 6 6 6 7 8 9 9 9 9 10 11 12 13 13 14 14 14 15
1 13 15 0 3 4 5 14 2 2 2 7 8 9 14 6 6 6 10 11 12 9 9 9 0 14 2 6 13 0
-83.81692787
os-25Y1-a
Os Os O H C H C H H Os H N Os
0 1 2 2 3 3 3 4 4 4 5 6 6 6 6 7 8 9 10 10 11 11 11 12
3 3 3 11 0 1 2 5 6 11 4 4 7 8 10 6 6 10 6 9 2 4 12 11
-51.25822432000007
pt-37Y3-a
Pt O H C H H H Pt C H H H Pt Pt N C Pt
0 1 1 1 2 2 3 3 3 3 4 5 6 7 8 8 8 8 9 9 10 11 12 12 13 13 14 14 14 14 15 15 15 15 15 16
2 2 14 16 0 1 4 5 6 15 3 3 3 9 9 10 11 15 7 8 8 8 14 15 14 15 1 12 13 15 3 8 12 13 14 1
-67.54167365
au-49Y4-a
Au O H C H C H H H C H C H H H N Au
0 1 1 2 2 3 3 3 4 5 5 5 5 6 7 8 9 9 9 9 10 11 11 11 11 12 13 14 15 15 15 16
2 2 15 0 1 4 9 15 3 6 7 8 9 5 5 5 3 5 10 11 9 9 12 13 14 11 11 11 1 3 16 15
-83.74221064
zn-49Y5-a
O H C H H H C H H C H H H N C
0 0 1 2 2 2 2 3 4 5 6 6 6 6 7 8 9 9 9 9 10 11 12 13 13 14 14 14
1 13 0 3 4 5 14 2 2 2 7 8 9 14 6 6 6 10 11 12 9 9 9 0 14 2 6 13
-83.72518238
ir-37Y2-a
O H Ir C H C H H Ir C H H H Ir N
0 0 1 2 2 2 3 3 3 3 3 4 4 5 5 5 5 6 7 8 9 9 9 9 10 10 11 12 13 13 14 14 14 14
1 14 0 3 4 14 2 4 5 13 14 2 3 3 6 7 9 5 5 10 5 10 11 12 8 9 9 9 3 14 0 2 3 13
-67.57909380999996
pd-49Y4-a
O H Pd Pd C H C H H H C H Pd C H H H Pd N Pd
0 0 0 1 2 3 3 3 4 4 4 4 4 5 5 5 6 6 6 6 7 8 9 10 10 10 10 11 12 13 13 13 13 14 14 15 16 17 17 18 18 18 18 19
1 18 19 0 5 4 5 18 3 5 10 17 18 2 3 4 7 8 9 10 6 6 6 4 6 11 13 10 14 10 14 15 16 12 13 13 13 4 18 0 3 4 17 0
-84.27417441000003
zn-25Y2-a
O H C H C H H H N Zn
0 0 1 2 2 2 3 4 4 4 4 5 6 7 8 8 8 9
1 8 0 3 4 8 2 2 5 6 7 4 4 4 0 2 9 8
-50.475371530000004
pt-13Y1-a
C H H O H Pt Pt N Pt
0 0 0 0 0 1 2 3 3 3 4 5 5 6 6 7 7 7 7 8
1 2 5 6 7 0 0 4 7 8 3 0 7 0 7 0 3 5 6 3
-34.17223402000002
rh-37Y2-a
Rh O H Rh C H C H H C H H H Rh N Rh
0 0 1 1 2 2 3 4 4 4 4 5 5 6 6 6 6 7 8 9 9 9 9 10 11 12 13 13 14 14 14 14 14 15
2 14 2 14 0 1 5 5 6 13 14 3 4 4 7 8 9 6 6 6 10 11 12 9 9 9 4 14 0 1 4 13 15 14
-67.50446188000001
ru-49Y4-a
Ru O H C H C H H H C H C H H H Ru N Ru
0 0 0 1 1 1 2 2 3 3 3 3 4 5 5 5 5 6 7 8 9 9 9 9 10 11 11 11 11 12 13 14 15 15 16 16 16 16 16 17
1 2 16 0 2 16 0 1 4 9 15 16 3 6 7 8 9 5 5 5 3 5 10 11 9 9 12 13 14 11 11 11 3 16 0 1 3 15 17 16
-84.54019141000003
ni-37Y3-a
Ni O H C H H H Ni C H H H Ni N C Ni
0 0 0 1 1 1 2 2 3 3 3 3 4 5 6 7 8 8 8 8 9 9 10 11 12 12 13 13 13 13 13 14 14 14 14 15
1 2 13 0 2 13 0 1 4 5 6 14 3 3 3 9 9 10 11 14 7 8 8 8 13 14 0 1 12 14 15 3 8 12 13 13
-67.63834752999998
cd-49Y1-a
O H C H C H H C H H C H H H N Cd
0 0 1 2 2 2 3 4 4 4 4 5 6 7 7 7 7 8 9 10 10 10 10 11 12 13 14 14 14 15
1 14 0 3 4 14 2 2 5 6 7 4 4 4 8 9 10 7 7 7 11 12 13 10 10 10 0 2 15 14
-83.62255375000001
rh-25Y2-a
Rh O H Rh C H C H H H Rh N Rh
0 0 0 1 1 1 2 2 3 4 4 4 4 5 5 6 6 6 6 7 8 9 10 10 11 11 11 11 11 12
1 2 11 0 2 11 0 1 5 5 6 10 11 3 4 4 7 8 9 6 6 6 4 11 0 1 4 10 12 11
-50.939961600000004
pd-49Y6-a
Pd O H Pd C H H H C H H C H H H Pd Pd N C Pd
0 1 1 1 1 2 2 3 3 4 4 4 4 4 5 5 6 7 8 8 8 8 8 9 10 11 11 11 11 12 13 14 15 15 15 16 16 16 17 17 17 17 18 18 18 18 18 19
2 2 15 17 19 0 1 4 5 3 5 6 7 18 3 4 4 4 9 10 11 16 18 8 8 8 12 13 14 11 11 11 1 17 18 8 17 18 1 15 16 18 4 8 15 16 17 1
-84.23270112000003
au-37Y1-a
O H C H C H H C H H H N
0 0 1 2 2 2 3 4 4 4 4 5 6 7 7 7 7 8 9 10 11 11
1 11 0 3 4 11 2 2 5 6 7 4 4 4 8 9 10 7 7 7 0 2
-66.92579674000001
ru-37Y1-a
Ru O H Ru C H C H H C H H Ru H Ru Ru N
0 0 0 1 1 1 1 2 2 3 3 4 4 4 4 4 4 5 5 6 6 6 6 7 8 9 9 9 9 10 11 12 13 13 14 15 15 15 16 16 16 16
1 2 16 0 2 15 16 0 1 4 5 3 5 6 14 15 16 3 4 4 7 8 9 6 6 6 10 11 13 9 9 13 9 12 4 1 4 16 0 1 4 15
-67.53656008000002
ag-13Y1-a
C H H Ag O H N Ag
0 0 0 1 2 3 4 4 5 5 6 6 6 7
1 2 6 0 0 5 5 6 3 4 0 4 7 6
-33.61258361
pd-49Y1-a
Pd Pd O H C H C H Pd H C H H Pd C H H H N Pd
0 1 2 2 3 3 3 4 4 4 5 6 6 6 6 7 8 9 9 10 10 10 10 11 12 13 14 14 14 14 15 15 16 17 18 18 18 19
3 3 3 18 0 1 2 5 6 18 4 4 7 9 10 6 9 6 8 6 11 12 14 10 10 15 10 15 16 17 13 14 14 14 2 4 19 18
-84.48234921000002
au-37Y3-a
Au O H C H H H C H H H N C Au
0 1 1 2 2 3 3 3 3 4 5 6 7 7 7 7 8 9 10 11 11 11 12 12 12 13
2 2 11 0 1 4 5 6 12 3 3 3 8 9 10 12 7 7 7 1 12 13 3 7 11 11
-67.33715423000001
os-37Y1-a
Os O H Os C H C H H C H H Os H Os Os N
0 0 0 1 1 1 2 2 3 3 4 4 4 4 4 4 5 5 6 6 6 6 7 8 9 9 9 9 10 11 12 13 13 14 15 15 16 16 16 16
1 2 16 0 2 16 0 1 4 5 3 5 6 14 15 16 3 4 4 7 8 9 6 6 6 10 11 13 9 9 13 9 12 4 4 16 0 1 4 15
-67.50555968000003
rh-49Y4-a
Rh O H C H C H H H C H C H H H Rh N Rh
0 0 0 1 1 1 2 2 3 3 3 3 4 5 5 5 5 6 7 8 9 9 9 9 10 11 11 11 11 12 13 14 15 15 16 16 16 16 16 17
1 2 16 0 2 16 0 1 4 9 15 16 3 6 7 8 9 5 5 5 3 5 10 11 9 9 12 13 14 11 11 11 3 16 0 1 3 15 17 16
-84.25652615000001
cd-49Y4-a
O H C H C H H H C H C H H H N Cd
0 0 1 2 2 2 3 4 4 4 4 5 6 7 8 8 8 8 9 10 10 10 10 11 12 13 14 14 14 15
1 14 0 3 8 14 2 5 6 7 8 4 4 4 2 4 9 10 8 8 11 12 13 10 10 10 0 2 15 14
-83.49578618000001
cu-49Y6-a
Cu Cu O H C H H H C H H C H H H N C Cu
0 1 2 2 3 3 3 4 4 4 4 5 6 7 8 8 8 8 9 10 11 11 11 11 12 13 14 15 15 15 16 16 16 17
3 3 3 15 0 1 2 5 6 7 16 4 4 4 9 10 11 16 8 8 8 12 13 14 11 11 11 2 16 17 4 8 15 15
-84.10653697999999
cd-13Y1-a
C H H O H N Cd
0 0 0 1 2 3 3 4 5 5 5 6
1 2 5 0 0 4 5 3 0 3 6 5
-33.4585353
rh-25Y1-a
Rh Rh O H C H Rh C H H H N Rh
0 1 2 2 3 3 3 4 4 4 5 6 7 7 7 7 8 8 9 10 11 11 11 12
3 3 3 11 0 1 2 5 7 11 4 8 4 8 9 10 6 7 7 7 2 4 12 11
-51.09010361999998
ni-49Y3-a
O H C H C H H H Ni C H C H H H Ni N Ni Ni
0 0 0 1 2 2 2 2 3 4 4 4 4 5 6 7 8 9 9 9 9 10 10 11 11 11 11 12 13 14 15 15 16 16 16 16 16 17 18 18
1 16 18 0 3 9 15 16 2 5 6 7 9 4 4 4 10 2 4 10 11 8 9 9 12 13 14 11 11 11 2 16 0 2 15 17 18 16 0 16
-84.18599628999999
pt-37Y2-a
O H Pt C H C H H Pt C H H H Pt N
0 0 1 2 2 2 3 3 3 3 3 4 4 5 5 5 5 6 7 8 9 9 9 9 10 10 11 12 13 13 14 14 14 14
1 14 0 3 4 14 2 4 5 13 14 2 3 3 6 7 9 5 5 10 5 10 11 12 8 9 9 9 3 14 0 2 3 13
-67.50085726999998
cu-49Y1-a
Cu Cu O H C H C H Cu H C H H C H H H N Cu
0 1 2 2 3 3 3 4 4 4 5 6 6 6 6 7 8 9 9 10 10 10 10 11 12 13 13 13 13 14 15 16 17 17 17 18
3 3 3 17 0 1 2 5 6 17 4 4 7 9 10 6 9 6 8 6 11 12 13 10 10 10 14 15 16 13 13 13 2 4 18 17
-84.02185922999999
pd-25Y1-a
Pd O H C H Pd C H H H N Pd
0 1 1 2 2 3 3 3 4 5 6 6 6 6 7 7 8 9 10 10 10 11
2 2 10 0 1 4 6 10 3 7 3 7 8 9 5 6 6 6 1 3 11 10
-51.065357560000024
zn-25Y1-a
O H C H C H H H N Zn
0 0 1 2 2 2 3 4 4 4 4 5 6 7 8 8 8 9
1 8 0 3 4 8 2 2 5 6 7 4 4 4 0 2 9 8
-50.44821313
ni-37Y1-a
Ni O H Ni C H C H H C H H Ni H Ni N
0 0 1 1 1 2 2 3 3 4 4 4 4 4 5 5 6 6 6 6 7 8 9 9 9 9 10 11 12 13 13 14 14 15 15 15
1 2 0 2 15 0 1 4 5 3 5 6 14 15 3 4 4 7 8 9 6 6 6 10 11 13 9 9 13 9 12 4 15 1 4 14
-67.23240250999999
ni-49Y1-a
Ni Ni O H C H C H Ni H C H H C H H H N Ni
0 1 2 2 3 3 3 4 4 4 5 6 6 6 6 7 8 9 9 10 10 10 10 11 12 13 13 13 13 14 15 16 17 17 17 18
3 3 3 17 0 1 2 5 6 17 4 4 7 9 10 6 9 6 8 6 11 12 13 10 10 10 14 15 16 13 13 13 2 4 18 17
-84.37988941999998
au-49Y6-a
O H C H H H C H H C H H H N C Au
0 0 1 2 2 2 2 3 4 5 6 6 6 6 7 8 9 9 9 9 10 11 12 13 13 13 14 14 14 15
1 13 0 3 4 5 14 2 2 2 7 8 9 14 6 6 6 10 11 12 9 9 9 0 14 15 2 6 13 13
-83.82708565000001
ag-49Y6-a
Ag O H C H H H C H H C H H H N C Ag
0 1 1 2 2 3 3 3 3 4 5 6 7 7 7 7 8 9 10 10 10 10 11 12 13 14 14 14 15 15 15 16
2 2 14 0 1 4 5 6 15 3 3 3 8 9 10 15 7 7 7 11 12 13 10 10 10 1 15 16 3 7 14 14
-83.83485195
ag-25Y2-a
Ag O H C H C H H H N Ag
0 1 1 2 2 3 3 3 4 5 5 5 5 6 7 8 9 9 9 10
2 2 9 0 1 4 5 9 3 3 6 7 8 5 5 5 1 3 10 9
-50.480391
ag-37Y3-a
Ag Ag O H C H H H C H H H N C Ag
0 1 2 2 3 3 3 4 4 4 4 5 6 7 8 8 8 8 9 10 11 12 12 12 13 13 13 14
3 3 3 12 0 1 2 5 6 7 13 4 4 4 9 10 11 13 8 8 8 2 13 14 4 8 12 12
-67.32990756000001
ru-49Y3-a
O H C H C H H H Ru C H C H H H Ru N Ru Ru Ru Ru Ru
0 0 0 0 1 2 2 2 2 3 4 4 4 4 5 6 7 8 9 9 9 9 10 10 11 11 11 11 12 13 14 15 15 16 16 16 16 17 18 19 20 21
1 19 20 21 0 3 9 15 16 2 5 6 7 9 4 4 4 10 2 4 10 11 8 9 9 12 13 14 11 11 11 2 16 2 15 17 18 16 16 0 0 0
-86.84685374000003
os-49Y4-a
Os O H C H C H H H C H C H H H Os N Os
0 0 0 1 1 1 2 2 3 3 3 3 4 5 5 5 5 6 7 8 9 9 9 9 10 11 11 11 11 12 13 14 15 15 16 16 16 16 16 17
1 2 16 0 2 16 0 1 4 9 15 16 3 6 7 8 9 5 5 5 3 5 10 11 9 9 12 13 14 11 11 11 3 16 0 1 3 15 17 16
-84.58572163000008
rh-49Y1-a
Rh Rh O H C H C H Rh H C H H C H H H N Rh
0 1 2 2 3 3 3 4 4 4 5 6 6 6 6 7 8 9 9 10 10 10 10 11 12 13 13 13 13 14 15 16 17 17 17 18
3 3 3 17 0 1 2 5 6 17 4 4 7 9 10 6 9 6 8 6 11 12 13 10 10 10 14 15 16 13 13 13 2 4 18 17
-84.46578632
cu-25Y2-a
Cu O H C H C H H H N Cu
0 1 1 2 2 3 3 3 4 5 5 5 5 6 7 8 9 9 9 10
2 2 9 0 1 4 5 9 3 3 6 7 8 5 5 5 1 3 10 9
-50.72478697
ru-25Y1-a
Ru Ru O H C H C H H Ru H N Ru
0 1 2 2 3 3 3 4 4 4 5 6 6 6 6 7 8 9 10 10 11 11 11 12
3 3 3 11 0 1 2 5 6 11 4 4 7 8 10 6 6 10 6 9 2 4 12 11
-51.07524374000002
pt-25Y1-a
Pt O H C H C H H Pt H N Pt
0 1 1 2 2 3 3 3 4 5 5 5 5 6 7 8 9 9 10 10 10 11
2 2 10 0 1 4 5 10 3 3 6 7 9 5 5 9 5 8 1 3 11 10
-51.131578579999996
os-49Y6-a
Os O H Os C H H H C H H C H H H Os N C Os
0 0 0 1 1 1 2 2 3 3 4 4 4 4 4 5 5 6 7 8 8 8 8 9 10 11 11 11 11 12 13 14 15 15 16 16 16 16 16 17 17 17 17 18
1 2 16 0 2 16 0 1 4 5 3 5 6 7 17 3 4 4 4 9 10 11 17 8 8 8 12 13 14 11 11 11 16 17 0 1 15 17 18 4 8 15 16 16
-84.56931685000006
os-49Y1-a
Os Os O H C H C H Os H Os C H H Os C H H H N Os
0 1 2 2 3 3 3 4 4 4 5 6 6 6 6 7 8 9 9 10 11 11 11 11 12 12 13 14 15 15 15 15 16 16 17 18 19 19 19 20
3 3 3 19 0 1 2 5 6 19 4 4 7 9 11 6 9 6 8 12 6 12 13 15 10 11 11 16 11 16 17 18 14 15 15 15 2 4 20 19
-84.59835547
cd-25Y1-a
O H C H C H H H N Cd
0 0 1 2 2 2 3 4 4 4 4 5 6 7 8 8 8 9
1 8 0 3 4 8 2 2 5 6 7 4 4 4 0 2 9 8
-50.32607226
pt-37Y1-a
O H C H C H H C H H Pt H Pt N Pt
0 0 0 1 2 2 2 2 3 4 4 4 4 5 6 7 7 7 7 8 9 10 11 11 12 12 13 13 13 14
1 13 14 0 3 4 12 13 2 2 5 6 7 4 4 4 8 9 11 7 7 11 7 10 2 13 0 2 12 0
-66.99199002
pt-25Y2-a
O H C H C H H H Pt Pt N
0 0 1 2 2 2 2 2 3 4 4 4 4 5 6 7 8 8 9 9 10 10 10 10
1 10 0 3 4 8 9 10 2 2 5 6 7 4 4 4 2 10 2 10 0 2 8 9
-50.93839694000002
pt-49Y3-a
O H C H C H H H C H C H H H N Pt
0 0 0 1 2 2 2 3 4 4 4 4 5 6 7 8 8 8 8 9 10 10 10 10 11 12 13 14 14 15
1 14 15 0 3 8 14 2 5 6 7 8 4 4 4 2 4 9 10 8 8 11 12 13 10 10 10 0 2 0
-83.76496172999998
pd-49Y3-a
Pd O H Pd C H C H H Pd H Pd C H C H H H Pd N Pd
0 1 1 1 1 2 2 3 3 3 4 4 4 4 4 5 5 6 6 6 6 7 8 9 10 10 11 12 12 12 12 13 13 14 14 14 14 15 16 17 18 18 18 19 19 19 19 20
2 2 18 19 20 0 1 4 5 19 3 5 12 18 19 3 4 7 8 10 12 6 6 10 6 9 13 4 6 13 14 11 12 12 15 16 17 14 14 14 1 4 19 1 3 4 18 1
-84.11997972000003
ni-25Y1-a
Ni O H C H C H H H N Ni
0 1 1 2 2 3 3 3 4 5 5 5 5 6 7 8 9 9 9 10
2 2 9 0 1 4 5 9 3 3 6 7 8 5 5 5 1 3 10 9
-51.01445135
zn-49Y4-a
O H C H C H H H C H C H H H N Zn
0 0 1 2 2 2 3 4 4 4 4 5 6 7 8 8 8 8 9 10 10 10 10 11 12 13 14 14 14 15
1 14 0 3 8 14 2 5 6 7 8 4 4 4 2 4 9 10 8 8 11 12 13 10 10 10 0 2 15 14
-83.67036886
zn-37Y1-a
O H C H C H H C H H H N
0 0 1 2 2 2 3 4 4 4 4 5 6 7 7 7 7 8 9 10 11 11
1 11 0 3 4 11 2 2 5 6 7 4 4 4 8 9 10 7 7 7 0 2
-66.84765447
ru-49Y2-a
Ru Ru O H Ru C H C H H C H H C H H H N Ru
0 1 2 2 3 3 3 4 5 5 5 6 6 7 7 7 7 8 9 10 10 10 10 11 12 13 13 13 13 14 15 16 17 17 17 18
3 3 3 17 0 1 2 6 6 7 17 4 5 5 8 9 10 7 7 7 11 12 13 10 10 10 14 15 16 13 13 13 2 5 18 17
-84.37433604
os-49Y5-a
Os O H C H H H C H H C H H H N C Os
0 0 1 1 1 2 2 3 3 3 3 4 5 6 7 7 7 7 8 9 10 10 10 10 11 12 13 14 14 14 15 15 15 16
1 2 0 2 14 0 1 4 5 6 15 3 3 3 8 9 10 15 7 7 7 11 12 13 10 10 10 1 15 16 3 7 14 14
-84.12578726000004
ru-49Y1-a
Ru Ru O H C H C H Ru H C H H C H H H N Ru
0 1 2 2 3 3 3 4 4 4 5 6 6 6 6 7 8 9 9 10 10 10 10 11 12 13 13 13 13 14 15 16 17 17 17 18
3 3 3 17 0 1 2 5 6 17 4 4 7 9 10 6 9 6 8 6 11 12 13 10 10 10 14 15 16 13 13 13 2 4 18 17
-84.38745649999998
au-49Y2-a
O H C H C H H C H H C H H H N Au
0 0 1 2 2 2 3 4 4 4 4 5 6 7 7 7 7 8 9 10 10 10 10 11 12 13 14 14 14 15
1 14 0 3 4 14 2 2 5 6 7 4 4 4 8 9 10 7 7 7 11 12 13 10 10 10 0 2 15 14
-83.73585086
pd-37Y1-a
O H C H C H Pd H C H H Pd H Pd N Pd
0 0 0 1 2 2 2 2 3 4 4 4 4 5 6 7 7 8 8 8 8 9 10 11 12 12 13 13 14 14 14 15
1 14 15 0 3 4 13 14 2 2 5 7 8 4 7 4 6 4 9 10 12 8 8 12 8 11 2 14 0 2 13 0
-67.19441330000004
pt-49Y2-a
Pt O H C H C H H C H H C H H H N Pt
0 1 1 2 2 3 3 3 4 5 5 5 5 6 7 8 8 8 8 9 10 11 11 11 11 12 13 14 15 15 15 16
2 2 15 0 1 4 5 15 3 3 6 7 8 5 5 5 9 10 11 8 8 8 12 13 14 11 11 11 1 3 16 15
-84.43345980999999
ru-49Y6-a
Ru O H Ru C H H H C H H C H H H Ru N C Ru
0 0 0 1 1 1 2 2 3 3 4 4 4 4 4 5 5 6 7 8 8 8 8 9 10 11 11 11 11 12 13 14 15 15 16 16 16 16 16 17 17 17 17 18
1 2 16 0 2 16 0 1 4 5 3 5 6 7 17 3 4 4 4 9 10 11 17 8 8 8 12 13 14 11 11 11 16 17 0 1 15 17 18 4 8 15 16 16
-84.54390801
pd-25Y2-a
O H Pd C H C H H H Pd N Pd
0 0 0 1 2 2 2 2 3 3 3 3 3 4 4 5 5 5 5 5 6 7 8 9 9 10 10 10 10 11
1 10 11 0 3 4 5 10 2 4 5 9 10 2 3 2 3 6 7 8 5 5 5 3 10 0 2 3 9 0
-50.979212509999996
ru-49Y5-a
Ru O H C H H H C H H C H H Ru H N C Ru
0 0 0 1 1 1 2 2 3 3 3 3 4 5 6 7 7 7 7 8 9 10 10 10 10 11 12 13 14 14 15 15 15 15 16 16 16 17
1 2 15 0 2 15 0 1 4 5 6 16 3 3 3 8 9 10 16 7 7 7 11 12 14 10 10 14 10 13 0 1 16 17 3 7 15 15
-84.04934262
ir-49Y5-a
Ir O H C H H H C H H C H H H N C
0 0 1 1 1 2 2 3 3 3 3 4 5 6 7 7 7 7 8 9 10 10 10 10 11 12 13 14 14 15 15 15
1 2 0 2 14 0 1 4 5 6 15 3 3 3 8 9 10 15 7 7 7 11 12 13 10 10 10 1 15 3 7 14
-84.00149495
ag-37Y2-a
Ag O H C H C H H C H H H N Ag
0 1 1 2 2 3 3 3 4 5 5 5 5 6 7 8 8 8 8 9 10 11 12 12 12 13
2 2 12 0 1 4 5 12 3 3 6 7 8 5 5 5 9 10 11 8 8 8 1 3 13 12
-67.08150559
ru-13Y1-a
C H H Ru O H Ru N Ru
0 0 0 0 1 2 3 3 3 4 4 4 5 5 6 6 7 7 7 7 7 8
1 2 6 7 0 0 4 5 7 3 5 7 3 4 0 7 0 3 4 6 8 7
-34.44897904999999
pt-49Y6-a
Pt O H Pt C H H H C H H C H H H Pt Pt N C Pt
0 1 1 1 2 2 3 4 4 4 4 5 5 6 7 8 8 8 8 9 10 11 11 11 11 12 13 14 15 15 16 16 17 17 17 17 18 18 18 18 18 19
2 2 17 19 0 1 5 5 6 7 18 3 4 4 4 9 10 11 18 8 8 8 12 13 14 11 11 11 17 18 17 18 1 15 16 18 4 8 15 16 17 1
-84.12778259999999
zn-37Y2-a
O H C H C H H C H H H N Zn
0 0 1 2 2 2 3 4 4 4 4 5 6 7 7 7 7 8 9 10 11 11 11 12
1 11 0 3 4 11 2 2 5 6 7 4 4 4 8 9 10 7 7 7 0 2 12 11
-67.05036145999999
ir-49Y4-a
Ir O H C H C H H H C H C H H H Ir N Ir
0 0 0 1 1 1 2 2 3 3 3 3 4 5 5 5 5 6 7 8 9 9 9 9 10 11 11 11 11 12 13 14 15 15 16 16 16 16 16 17
1 2 16 0 2 16 0 1 4 9 15 16 3 6 7 8 9 5 5 5 3 5 10 11 9 9 12 13 14 11 11 11 3 16 0 1 3 15 17 16
-84.02527235999997
ag-37Y1-a
O H C H C H H C H H H N Ag
0 0 0 1 2 2 2 3 4 4 4 4 5 6 7 7 7 7 8 9 10 11 11 12
1 11 12 0 3 4 11 2 2 5 6 7 4 4 4 8 9 10 7 7 7 0 2 0
-66.92167924
ir-37Y3-a
Ir O H C H H H Ir C H H H Ir N C Ir
0 0 0 1 1 1 2 2 3 3 3 3 4 5 6 7 8 8 8 8 9 9 10 11 12 12 13 13 13 13 13 14 14 14 14 15
1 2 13 0 2 13 0 1 4 5 6 14 3 3 3 9 9 10 11 14 7 8 8 8 13 14 0 1 12 14 15 3 8 12 13 13
-67.37690721999996
cd-49Y2-a
O H C H C H H C H H C H H H N Cd
0 0 1 2 2 2 3 4 4 4 4 5 6 7 7 7 7 8 9 10 10 10 10 11 12 13 14 14 14 15
1 14 0 3 4 14 2 2 5 6 7 4 4 4 8 9 10 7 7 7 11 12 13 10 10 10 0 2 15 14
-83.51093548
rh-37Y3-a
Rh O H C H H H Rh C H H H Rh N C Rh
0 0 0 1 1 1 2 2 3 3 3 3 4 5 6 7 7 8 8 8 8 8 9 9 10 11 12 12 13 13 13 13 13 14 14 14 14 15
1 2 13 0 2 13 0 1 4 5 6 14 3 3 3 8 9 7 9 10 11 14 7 8 8 8 13 14 0 1 12 14 15 3 8 12 13 13
-67.62467956
cu-25Y1-a
Cu Cu O H C H C H H H N Cu
0 1 2 2 3 3 3 4 4 4 5 6 6 6 6 7 8 9 10 10 10 11
3 3 3 10 0 1 2 5 6 10 4 4 7 8 9 6 6 6 2 4 11 10
-50.68395869
pd-13Y1-a
C H H O H Pd Pd N Pd
0 0 0 0 0 1 2 3 3 3 3 4 5 5 5 6 6 7 7 7 7 8
1 2 5 6 7 0 0 4 5 7 8 3 0 3 7 0 7 0 3 5 6 3
-34.19558809000003
ir-37Y1-a
Ir O H Ir C H C H H C H H Ir H Ir N
0 0 1 1 1 1 2 2 3 4 4 4 4 5 5 6 6 6 6 7 8 9 9 9 9 10 11 12 13 13 14 14 14 15 15 15
1 2 0 2 14 15 0 1 5 5 6 14 15 3 4 4 7 8 9 6 6 6 10 11 13 9 9 13 9 12 1 4 15 1 4 14
-67.16729891
pt-49Y1-a
Pt O H C H C H Pt H C H H C H H H N Pt
0 1 1 2 2 3 3 3 4 5 5 5 5 6 7 8 8 9 9 9 9 10 11 12 12 12 12 13 14 15 16 16 16 17
2 2 16 0 1 4 5 16 3 3 6 8 9 5 8 5 7 5 10 11 12 9 9 9 13 14 15 12 12 12 1 3 17 16
-84.50953432
zn-49Y6-a
O H C H H H C H H C H H H N C Zn
0 0 1 2 2 2 2 3 4 5 6 6 6 6 7 8 9 9 9 9 10 11 12 13 13 13 14 14 14 15
1 13 0 3 4 5 14 2 2 2 7 8 9 14 6 6 6 10 11 12 9 9 9 0 14 15 2 6 13 13
-83.87857606
ru-37Y3-a
Ru O H C H H H Ru C H H H Ru N C Ru
0 0 0 1 1 1 2 2 3 3 3 3 4 5 6 7 7 8 8 8 8 8 9 9 10 11 12 12 13 13 13 13 13 14 14 14 14 15
1 2 13 0 2 13 0 1 4 5 6 14 3 3 3 8 9 7 9 10 11 14 7 8 8 8 13 14 0 1 12 14 15 3 8 12 13 13
-67.93845557000003
pd-49Y5-a
Pd Pd O H C H H H C H Pd H C H H H N C Pd
0 1 2 2 3 3 3 4 4 4 4 5 6 7 8 8 8 8 9 10 11 11 12 12 12 12 13 14 15 16 16 16 17 17 17 18
3 3 3 16 0 1 2 5 6 7 17 4 4 4 9 11 12 17 8 11 8 10 8 13 14 15 12 12 12 2 17 18 4 8 16 16
-84.62177578999999
os-49Y2-a
Os Os O H Os C H C H H C H H C H H H N Os
0 1 2 2 3 3 3 4 5 5 5 6 6 7 7 7 7 8 9 10 10 10 10 11 12 13 13 13 13 14 15 16 17 17 17 18
3 3 3 17 0 1 2 6 6 7 17 4 5 5 8 9 10 7 7 7 11 12 13 10 10 10 14 15 16 13 13 13 2 5 18 17
-84.61031508000008
cd-37Y3-a
O H C H H H C H H H N C Cd
0 0 1 2 2 2 2 3 4 5 6 6 6 6 7 8 9 10 10 10 11 11 11 12
1 10 0 3 4 5 11 2 2 2 7 8 9 11 6 6 6 0 11 12 2 6 10 10
-67.13427908
zn-49Y2-a
O H C H C H H C H H C H H H N Zn
0 0 1 2 2 2 3 4 4 4 4 5 6 7 7 7 7 8 9 10 10 10 10 11 12 13 14 14 14 15
1 14 0 3 4 14 2 2 5 6 7 4 4 4 8 9 10 7 7 7 11 12 13 10 10 10 0 2 15 14
-83.67244919999999
ir-25Y2-a
O H Ir C H C H H H Ir N
0 0 1 2 2 2 3 3 3 3 3 4 4 5 5 5 5 6 7 8 9 9 10 10 10 10
1 10 0 3 4 10 2 4 5 9 10 2 3 3 6 7 8 5 5 5 3 10 0 2 3 9
-51.029841429999976
cd-49Y6-a
O H C H H H C H H C H H H N C Cd
0 0 1 2 2 2 2 3 4 5 6 6 6 6 7 8 9 9 9 9 10 11 12 13 13 13 14 14 14 15
1 13 0 3 4 5 14 2 2 2 7 8 9 14 6 6 6 10 11 12 9 9 9 0 14 15 2 6 13 13
-83.66260208
cd-37Y1-a
O H C H C H H C H H H N
0 0 1 2 2 2 3 4 4 4 4 5 6 7 7 7 7 8 9 10 11 11
1 11 0 3 4 11 2 2 5 6 7 4 4 4 8 9 10 7 7 7 0 2
-66.80016973
cu-37Y3-a
Cu Cu O H C H H H Cu C H H H N C Cu
0 1 2 2 3 3 3 4 4 4 4 5 6 7 8 9 9 9 9 10 10 11 12 13 13 13 14 14 14 15
3 3 3 13 0 1 2 5 6 7 14 4 4 4 10 10 11 12 14 8 9 9 9 2 14 15 4 9 13 13
-67.51968774
os-25Y2-a
Os O H C H C H H H Os N Os
0 0 0 1 1 1 2 2 3 3 3 3 4 5 5 5 5 6 7 8 9 9 10 10 10 10 10 11
1 2 10 0 2 10 0 1 4 5 9 10 3 3 6 7 8 5 5 5 3 10 0 1 3 9 11 10
-51.248648520000074
ni-49Y5-a
Ni O H C H H H C H H C H H H N C
0 0 1 1 1 2 2 3 3 3 3 4 5 6 7 7 7 7 8 9 10 10 10 10 11 12 13 14 14 15 15 15
1 2 0 2 14 0 1 4 5 6 15 3 3 3 8 9 10 15 7 7 7 11 12 13 10 10 10 1 15 3 7 14
-83.99691196999999
pd-49Y2-a
O H Pd C H C H H C H H C H H H N Pd
0 0 1 2 3 3 3 4 4 5 5 5 5 6 7 8 8 8 8 9 10 11 11 11 11 12 13 14 15 15 15 16
1 15 0 4 4 5 15 2 3 3 6 7 8 5 5 5 9 10 11 8 8 8 12 13 14 11 11 11 0 3 16 15
-84.31817396
