rh-9801-a
C H Rh Rh Rh H Rh C H C H Rh C H Rh C H Rh C H Rh C H Rh C C
0 0 0 0 0 0 0 1 2 2 2 2 3 3 3 3 4 4 4 4 4 5 5 5 5 6 6 6 6 7 7 7 7 7 7 7 8 8 9 9 9 9 9 9 10 10 11 11 11 11 11 11 12 12 12 12 12 12 12 13 13 13 14 14 14 14 15 15 15 15 15 15 15 15 16 16 17 17 17 17 18 18 18 18 18 18 18 19 19 19 20 20 20 20 21 21 21 21 21 21 21 22 22 23 23 23 23 23 23 23 23 23 24 24 24 24 24 24 25 25 25 25 25 25
1 3 4 5 9 23 25 0 5 12 13 15 0 5 21 25 0 5 7 9 10 0 2 3 4 7 8 15 24 4 6 8 9 17 23 24 6 7 0 4 7 10 17 23 4 9 12 13 15 18 19 21 2 11 13 14 15 18 23 2 11 12 12 15 16 24 2 6 11 12 14 16 23 24 14 15 7 9 18 19 11 12 17 19 20 21 23 11 17 18 18 21 22 25 3 11 18 20 22 23 25 20 21 0 7 9 12 15 18 21 24 25 6 7 14 15 23 25 0 3 20 21 23 24
-113.28997107999999
cu-97N2-a
Cu Cu C H C H Cu Cu C H C H C H C H C H Cu C C Cu Cu N
0 0 1 1 1 1 1 1 2 2 2 2 2 2 2 3 3 3 4 4 4 4 5 6 7 7 7 7 7 8 8 8 8 8 8 9 9 9 10 10 10 10 10 11 12 12 12 12 13 14 14 14 15 16 16 16 16 17 18 18 19 19 19 19 20 20 20 20 20 20 21 21 22 22 22 23 23 23 23 23
2 3 2 3 10 19 20 23 0 1 3 8 19 22 23 0 1 2 5 7 8 20 4 9 4 8 9 20 23 2 4 7 9 22 23 6 7 8 1 11 16 18 19 10 13 14 20 21 12 12 15 16 14 10 14 17 18 16 10 16 1 2 10 20 1 4 7 12 19 21 12 20 2 8 23 1 2 7 8 22
-115.79943139
zn-87N2-a
N H C H C H C H C H C H C H Zn C C Zn Zn Zn
0 0 0 0 0 0 1 2 2 2 3 4 4 4 4 5 6 6 6 7 8 8 8 9 10 10 10 10 11 12 12 12 13 14 15 15 15 15 15 16 16 16 16 17 18 19
1 2 4 15 16 19 0 0 3 15 2 0 5 16 18 4 7 8 10 6 6 9 16 8 6 11 12 14 10 10 13 15 12 10 0 2 12 16 17 0 4 8 15 15 4 0
-106.46565769
pd-9802-a
Pd Pd C H H Pd C H Pd Pd Pd C H Pd Pd C H Pd C H Pd Pd C H C H C C
0 0 1 1 1 1 1 2 2 2 2 2 2 3 3 3 4 5 5 5 5 5 6 6 6 6 6 6 6 7 7 8 8 8 9 9 10 10 10 10 10 10 10 10 11 11 11 11 11 11 12 12 12 12 13 13 14 14 14 14 14 14 15 15 15 15 15 15 15 16 16 16 16 17 17 18 18 18 18 18 18 18 19 19 19 20 20 21 21 21 21 21 21 21 22 22 22 22 22 22 23 23 23 24 24 24 24 24 24 24 25 25 26 26 26 26 26 26 27 27 27 27 27 27
3 22 2 3 24 25 26 1 3 4 21 22 24 0 1 2 2 6 7 11 15 16 5 7 8 10 11 14 15 5 6 6 11 12 12 24 6 11 12 15 18 24 26 27 5 6 8 10 12 26 8 9 10 11 15 16 6 15 16 18 19 27 5 6 10 13 14 16 18 5 13 14 15 18 19 10 14 15 17 19 21 27 14 17 18 22 23 2 18 22 23 24 26 27 0 2 20 21 23 27 20 21 22 1 2 9 10 21 25 26 1 24 1 10 11 21 24 27 10 14 18 21 22 26
-113.00045979000001
zn-8612-a
C H C H C H C H C H C H Zn C C Zn Zn O
0 0 0 0 0 0 1 2 2 2 2 2 2 3 4 4 4 5 6 6 6 7 8 8 8 8 9 10 10 10 10 11 12 12 13 13 13 13 14 14 14 14 14 15 15 16 17 17
1 2 13 14 16 17 0 0 3 13 14 15 17 2 5 6 8 4 4 7 13 6 4 9 10 12 8 8 11 12 14 10 8 10 0 2 6 14 0 2 10 13 15 2 14 0 0 2
-100.36620980000001
ru-97N1-a
Ru Ru C H Ru C H Ru C H Ru C H Ru C H Ru C H C H Ru Ru C C N
0 0 0 0 0 0 1 1 1 1 2 2 2 2 2 2 2 3 3 3 4 4 4 4 5 5 5 5 5 5 5 6 6 6 7 7 7 7 7 8 8 8 8 8 8 9 9 10 10 10 10 10 11 11 11 11 11 11 11 12 12 13 13 13 13 13 13 14 14 14 14 14 14 14 15 15 15 16 16 16 16 17 17 17 17 17 17 17 18 18 19 19 19 19 19 19 19 20 20 20 21 21 21 21 21 21 21 21 21 21 22 22 22 22 23 23 23 23 23 23 24 24 24 24 24 24 25 25 25 25 25 25
2 3 5 6 8 11 2 3 14 15 0 1 3 5 7 8 21 0 1 2 5 6 19 20 0 2 4 6 10 11 21 0 4 5 2 8 9 17 24 0 2 7 9 21 24 7 8 5 11 12 23 25 0 5 10 12 21 22 23 10 11 14 15 17 19 20 25 1 13 15 19 21 22 25 1 13 14 17 18 19 24 7 13 16 18 19 21 24 16 17 4 13 14 16 17 20 21 4 13 19 2 5 8 11 14 17 19 23 24 25 11 14 23 25 10 11 21 22 24 25 7 8 16 17 21 23 10 13 14 21 22 23
-118.24148831999997
rh-8612-a
Rh C H Rh Rh C H Rh C H Rh Rh Rh C H Rh Rh C H Rh C H C C O Rh
0 0 0 0 1 1 1 1 1 1 1 1 2 2 3 3 3 3 3 3 3 4 4 5 5 5 5 5 5 5 5 6 6 6 7 7 7 7 7 8 8 8 8 8 8 8 9 9 10 10 10 11 11 11 11 11 11 11 12 12 12 13 13 13 13 13 13 14 14 14 14 15 15 15 15 15 15 16 16 17 17 17 17 17 17 17 18 18 18 18 19 19 19 20 20 20 20 20 20 21 21 21 22 22 22 22 22 22 22 22 23 23 23 23 23 23 23 24 24 24 24 24 25 25
1 2 22 24 0 2 3 5 11 12 22 24 0 1 1 5 6 20 22 23 24 5 6 1 3 4 6 22 23 24 25 3 4 5 8 9 13 17 18 7 9 10 11 13 15 17 7 8 8 13 14 1 8 13 14 17 22 23 1 14 22 7 8 10 11 14 22 10 11 12 13 8 17 18 20 21 23 17 18 7 8 11 15 16 18 20 7 15 16 17 20 21 23 3 15 17 19 21 23 15 19 20 0 1 3 5 11 12 13 23 3 5 11 15 19 20 22 0 1 3 5 25 5 24
-102.99101107000001
pt-86S1-a
Pt C H Pt C H Pt C H Pt C H Pt Pt C H Pt C H Pt C C Pt S
0 0 0 0 0 1 1 1 1 1 1 2 2 3 3 3 3 4 4 4 4 4 4 4 5 5 6 6 6 6 7 7 7 7 7 7 7 8 8 9 9 9 9 10 10 10 10 10 10 10 11 11 12 12 12 12 12 12 13 13 13 14 14 14 14 14 14 14 15 15 15 16 16 16 17 17 17 17 17 17 17 18 18 18 19 19 19 19 19 19 19 19 19 20 20 20 20 20 20 21 21 21 21 21 21 22 22 22 23 23 23 23 23 23
1 2 4 7 20 0 2 3 4 19 20 0 1 1 4 5 23 0 1 3 5 13 19 23 3 4 7 8 17 20 0 6 8 12 17 19 20 6 7 10 11 14 21 9 11 12 14 19 21 22 9 10 7 10 14 15 17 18 4 14 15 9 10 12 13 15 17 19 12 13 14 17 18 23 6 7 12 14 16 18 19 12 16 17 1 4 7 10 14 17 20 21 23 0 1 6 7 19 21 9 10 19 20 22 23 10 21 23 3 4 16 19 21 22
-100.77777101999999
cu-86S2-a
Cu Cu C H Cu C H C H Cu C H C H Cu C H Cu Cu C C Cu S Cu Cu Cu
0 0 0 1 1 1 1 1 1 1 2 2 2 2 2 2 2 3 3 3 4 4 4 4 5 5 5 5 5 5 6 6 7 7 7 7 7 8 9 9 9 10 10 10 10 10 10 11 11 12 12 12 12 12 13 14 14 14 14 15 15 15 15 15 16 16 17 17 18 18 18 18 19 19 19 19 19 19 20 20 20 20 20 20 21 22 22 22 22 22 22 22 23 24 24 25
2 3 22 2 3 5 15 19 20 22 0 1 3 19 22 23 24 0 1 2 5 6 20 22 1 4 6 9 20 22 4 5 8 10 12 17 18 7 5 10 11 7 9 11 18 20 21 9 10 7 13 14 15 17 12 12 15 16 19 1 12 14 16 19 14 15 7 12 7 10 19 20 1 2 14 15 18 20 1 4 5 10 18 19 10 0 1 2 4 5 24 25 2 2 22 22
-98.68902752000002
ag-8611-a
C H C H C H C H Ag C H Ag C H Ag C Ag C O Ag Ag
0 0 0 0 0 1 2 2 2 2 2 2 3 4 4 4 4 4 5 6 6 6 6 6 7 8 8 8 9 9 9 9 10 10 11 11 11 12 12 12 12 13 13 14 14 14 15 15 15 15 15 15 16 16 16 17 17 17 17 17 18 18 18 19 19 20
1 2 14 15 19 0 0 3 15 17 18 19 2 5 11 12 14 15 4 7 8 9 16 17 6 6 9 10 6 8 10 12 8 9 4 12 13 4 9 11 13 11 12 0 4 15 0 2 4 14 16 17 6 15 17 2 6 15 16 18 2 17 20 0 2 18
-100.99564004000001
ru-9801-a
C H Ru Ru Ru H Ru C H C H Ru C H Ru C H Ru C H Ru C H Ru C C
0 0 0 0 0 0 0 1 2 2 2 3 3 3 3 4 4 4 4 4 5 5 5 5 6 6 6 6 7 7 7 7 7 7 7 8 8 9 9 9 9 9 9 10 10 11 11 11 11 11 11 12 12 12 12 12 12 12 13 13 13 14 14 14 14 15 15 15 15 15 15 15 16 16 17 17 17 17 18 18 18 18 18 18 18 19 19 19 20 20 20 20 21 21 21 21 21 21 21 22 22 23 23 23 23 23 23 23 23 23 24 24 24 24 24 24 25 25 25 25 25 25
1 3 4 5 9 23 25 0 5 12 13 0 5 21 25 0 5 7 9 10 0 2 3 4 7 8 15 24 4 6 8 9 17 23 24 6 7 0 4 7 10 17 23 4 9 12 13 15 18 19 21 2 11 13 14 15 18 23 2 11 12 12 15 16 24 6 11 12 14 16 23 24 14 15 7 9 18 19 11 12 17 19 20 21 23 11 17 18 18 21 22 25 3 11 18 20 22 23 25 20 21 0 7 9 12 15 18 21 24 25 6 7 14 15 23 25 0 3 20 21 23 24
-112.91224147999998
ru-9802-a
Ru Ru C H H Ru C H Ru Ru Ru C H Ru Ru C H C H Ru Ru Ru C H C H C C
0 0 1 1 1 1 1 2 2 2 2 2 2 3 3 3 4 5 5 5 5 5 6 6 6 6 6 6 7 7 8 8 8 9 9 9 9 9 10 10 10 10 10 10 10 10 11 11 11 11 11 11 11 12 12 12 12 13 13 14 14 14 14 14 15 15 15 15 15 15 15 16 16 16 16 17 17 17 17 17 17 17 18 18 19 19 19 19 20 20 21 21 21 21 21 21 21 22 22 22 22 22 22 22 23 23 23 23 24 24 24 24 24 24 24 25 25 25 26 26 26 26 26 26 26 27 27 27 27 27 27 27
3 22 2 3 24 25 26 1 3 4 21 22 24 0 1 2 2 6 7 11 15 16 5 7 8 10 11 15 5 6 6 11 12 11 12 24 25 26 6 11 12 15 17 24 26 27 5 6 8 9 10 12 26 8 9 10 11 15 16 15 16 17 18 27 5 6 10 13 14 16 17 5 13 14 15 10 14 15 18 19 21 27 14 17 17 22 23 27 22 23 2 17 22 23 24 26 27 0 2 19 20 21 23 27 19 20 21 22 1 2 9 10 21 25 26 1 9 24 1 9 10 11 21 24 27 10 14 17 19 21 22 26
-113.28464309999998
cu-a801-a
C H C H Cu C H Cu C H Cu C H C H C H Cu C H Cu Cu C C Cu
0 0 0 0 0 1 2 2 2 2 3 4 4 5 5 5 5 5 5 6 6 7 7 7 7 8 8 8 8 9 9 10 10 10 10 11 11 11 11 12 12 13 13 13 13 13 14 15 15 15 15 16 17 17 18 18 18 18 18 18 19 19 20 20 20 21 21 21 21 22 22 22 22 23 23 23 23 23 23 24 24 24
1 2 7 8 20 0 0 3 5 20 2 5 6 2 4 6 20 21 22 4 5 0 8 9 23 0 7 9 23 7 8 11 12 13 23 10 12 13 23 10 11 10 11 14 15 24 13 13 16 18 24 15 18 19 15 17 19 21 22 24 17 18 0 2 5 5 18 22 23 5 18 21 23 7 8 10 11 21 22 13 15 18
-120.57480509999999
rh-86S1-a
Rh C H Rh C H Rh C H Rh C H Rh Rh C H Rh C H Rh C C Rh S
0 0 0 0 0 1 1 1 1 1 1 1 2 2 3 3 3 3 4 4 4 4 4 4 4 5 5 6 6 6 6 7 7 7 7 7 7 7 8 8 9 9 9 9 10 10 10 10 10 10 10 10 11 11 12 12 12 12 12 12 12 12 13 13 13 13 13 14 14 14 14 14 14 15 15 15 16 16 16 17 17 17 17 17 17 18 18 18 19 19 19 19 19 19 19 20 20 20 20 20 20 20 21 21 21 21 21 21 21 22 22 22 23 23 23 23 23 23
1 2 4 7 20 0 2 3 4 13 19 20 0 1 1 4 5 23 0 1 3 5 13 19 23 3 4 7 8 17 20 0 6 8 12 17 19 20 6 7 10 11 14 21 9 11 12 13 14 19 21 22 9 10 7 10 14 15 17 18 20 21 1 4 10 14 15 9 10 12 13 15 17 12 13 14 17 18 23 6 7 12 14 16 18 12 16 17 1 4 7 10 20 21 23 0 1 6 7 12 19 21 9 10 12 19 20 22 23 10 21 23 3 4 16 19 21 22
-101.51757952000003
pt-86S2-a
Pt C H Pt C H Pt Pt C H Pt C H Pt C H Pt C H Pt C C Pt S
0 0 0 0 0 1 1 1 1 1 1 2 2 3 3 3 3 3 4 4 4 4 4 4 5 5 6 6 6 6 6 6 7 7 7 8 8 8 8 8 8 8 9 9 9 10 10 10 10 11 11 11 11 11 11 11 12 12 13 13 13 14 14 14 14 14 14 14 15 15 15 16 16 16 16 17 17 17 17 17 17 17 18 18 19 19 19 19 19 19 19 19 19 20 20 20 20 20 20 21 21 21 21 21 21 22 22 22 23 23 23 23 23 23 23 23
1 2 17 20 23 0 2 19 20 22 23 0 1 4 5 11 21 23 3 5 19 21 22 23 3 4 8 9 11 14 15 17 8 9 23 6 7 9 10 11 14 19 6 7 8 8 11 12 21 3 6 8 10 12 19 21 10 11 14 15 23 6 8 13 15 16 17 19 6 13 14 14 17 18 20 0 6 14 16 18 19 20 16 17 1 4 8 11 14 17 20 21 23 0 1 16 17 19 21 3 4 10 11 19 20 1 4 23 0 1 3 4 7 13 19 22
-100.81529778999999
ni-87N2-a
Ni N H Ni C H Ni C H Ni Ni C H Ni C H Ni C H Ni C H Ni C C
0 0 0 0 1 1 1 1 1 1 1 2 2 3 3 3 3 4 4 4 4 4 4 4 5 5 6 6 6 6 7 7 7 7 7 7 7 8 8 9 9 9 9 9 9 9 9 10 10 10 10 10 11 11 11 11 11 11 12 12 12 13 13 13 13 14 14 14 14 14 14 14 14 15 15 16 16 16 16 16 17 17 17 17 17 17 18 18 18 19 19 19 19 20 20 20 20 20 20 20 20 21 21 22 22 22 22 22 22 22 23 23 23 23 23 23 23 24 24 24 24 24 24 24
1 2 4 7 0 2 4 7 10 16 22 0 1 4 5 20 23 0 1 3 5 10 22 23 3 4 7 8 14 24 0 1 6 8 16 22 24 6 7 11 12 14 17 18 20 23 24 1 4 11 12 14 9 10 12 13 14 17 9 10 11 11 14 15 24 6 9 10 11 13 15 22 24 13 14 1 7 17 18 20 9 11 16 18 19 20 9 16 17 17 20 21 23 3 9 16 17 19 21 22 23 19 20 1 4 7 14 20 23 24 3 4 9 19 20 22 24 6 7 9 13 14 22 23
-108.25941876000002
zn-87N1-a
N H C H C H C H C H C H C H C Zn C Zn
0 0 0 0 0 1 2 2 2 2 3 4 4 4 4 4 4 5 6 6 6 7 8 8 8 9 10 10 10 11 12 12 12 13 14 14 14 14 14 14 15 16 16 16 16 17
1 2 4 14 16 0 0 3 4 14 2 0 2 5 14 16 17 4 7 10 14 6 9 10 12 8 6 8 11 10 8 13 16 12 0 2 4 6 15 16 14 0 4 12 14 4
-106.79147258999998
pd-8611-a
Pd Pd C H Pd C H Pd Pd C H Pd Pd C H Pd C H Pd C H C C Pd O
0 0 0 1 1 1 1 1 2 2 2 2 2 2 2 2 3 3 3 4 4 4 4 4 5 5 5 5 5 5 5 5 6 6 7 7 7 7 7 7 8 8 9 9 9 9 9 9 10 10 10 11 11 12 12 12 12 12 12 12 12 12 13 13 13 13 13 13 14 14 14 15 15 15 15 16 16 16 16 16 16 16 17 17 18 18 18 19 19 19 19 19 19 19 20 20 20 21 21 21 21 21 21 22 22 22 22 22 22 22 22 23 23 24 24 24 24 24
2 3 5 2 3 5 9 21 0 1 3 4 5 12 21 22 0 1 2 2 5 6 22 24 0 1 2 4 6 12 22 24 4 5 9 10 16 19 20 21 9 10 1 7 8 10 19 21 7 8 9 13 14 2 5 13 14 16 19 21 22 24 11 12 14 15 16 22 11 12 13 13 16 17 19 7 12 13 15 17 18 19 15 16 16 19 20 7 9 12 15 16 18 20 7 18 19 1 2 7 9 12 22 2 4 5 12 13 21 23 24 22 24 4 5 12 22 23
-102.58076513
ag-9801-a
C H Ag Ag H Ag C H C H C H Ag C H C H C H Ag C Ag C Ag
0 0 0 0 1 2 3 3 4 4 4 5 5 6 6 6 6 7 7 8 8 8 8 8 9 10 10 10 10 10 11 12 12 12 13 13 13 13 14 14 15 15 15 15 16 17 17 17 17 17 18 19 19 20 20 20 20 20 21 21 21 22 22 22 22 23
1 4 8 22 0 4 4 8 0 2 3 6 7 5 7 8 20 5 6 0 3 6 9 20 8 11 12 13 15 19 10 10 13 14 10 12 14 20 12 13 10 16 17 19 15 15 18 21 22 23 17 10 15 6 8 13 21 22 17 20 22 0 17 20 21 17
-110.96874143
ag-97N1-a
C H C H C H Ag C H C H C H C H Ag Ag C C N Ag Ag Ag Ag
0 0 0 0 1 2 2 2 2 3 4 4 4 4 5 6 6 7 7 7 7 7 8 8 9 9 9 9 9 10 11 11 11 11 12 13 13 13 13 14 15 15 16 16 16 17 17 17 17 17 18 18 18 18 19 19 19 20 21 22 22 23
1 2 4 15 0 0 3 7 15 2 0 5 18 20 4 7 8 2 6 8 16 17 6 7 10 13 17 19 22 9 12 13 18 21 11 9 11 14 22 13 0 2 7 17 18 7 9 16 18 19 4 11 16 17 9 17 23 4 11 9 13 19
-115.69671647000001
ir-86S1-a
Ir C H Ir C H Ir C H Ir C H Ir Ir C H Ir C H Ir C C Ir S
0 0 0 0 0 1 1 1 1 1 1 1 2 2 3 3 3 3 4 4 4 4 4 4 4 5 5 6 6 6 6 7 7 7 7 7 7 7 8 8 9 9 9 9 10 10 10 10 10 10 10 10 11 11 12 12 12 12 12 12 12 13 13 13 13 13 14 14 14 14 14 14 15 15 15 16 16 16 17 17 17 17 17 17 17 18 18 18 19 19 19 19 19 19 19 19 20 20 20 20 20 20 21 21 21 21 21 21 21 22 22 22 23 23 23 23 23 23
1 2 4 7 20 0 2 3 4 13 19 20 0 1 1 4 5 23 0 1 3 5 13 19 23 3 4 7 8 17 20 0 6 8 12 17 19 20 6 7 10 11 14 21 9 11 12 13 14 19 21 22 9 10 7 10 14 15 17 18 21 1 4 10 14 15 9 10 12 13 15 17 12 13 14 17 18 23 6 7 12 14 16 18 19 12 16 17 1 4 7 10 17 20 21 23 0 1 6 7 19 21 9 10 12 19 20 22 23 10 21 23 3 4 16 19 21 22
-101.22290181999995
ni-8612-a
Ni C H Ni Ni C H Ni C H Ni Ni C H Ni Ni C H Ni C H Ni C C O Ni
0 0 0 0 1 1 1 1 1 1 1 1 2 2 3 3 3 3 3 3 3 4 4 5 5 5 5 5 5 5 5 6 6 6 7 7 7 7 8 8 8 8 8 8 8 9 9 10 10 10 11 11 11 11 11 11 11 12 12 12 12 12 12 12 13 13 13 14 14 14 14 14 14 15 15 16 16 16 16 16 16 16 17 17 17 18 18 18 19 19 19 19 19 19 20 20 20 21 21 21 22 22 22 22 22 22 22 22 23 23 23 23 23 23 23 24 24 24 24 24 25 25
1 2 22 24 0 2 3 5 11 21 22 24 0 1 1 5 6 19 22 23 24 5 6 1 3 4 6 22 23 24 25 3 4 5 8 9 12 16 7 9 10 11 12 14 16 7 8 8 12 13 1 8 12 13 16 22 23 7 8 10 11 13 21 22 10 11 12 8 16 17 19 20 23 16 17 7 8 11 14 15 17 19 14 15 16 19 20 23 3 14 16 18 20 23 14 18 19 1 12 22 0 1 3 5 11 12 21 23 3 5 11 14 18 19 22 0 1 3 5 25 5 24
-102.3744777
rh-87N1-a
Rh N H Rh Rh C H C H Rh C H Rh Rh C H Rh C H Rh C H Rh C C
0 0 0 0 1 1 1 1 1 1 2 2 3 3 3 3 4 4 4 4 4 5 5 5 5 5 5 6 6 6 7 7 7 7 7 7 7 7 8 8 9 9 9 9 9 10 10 10 10 10 10 10 11 11 12 12 12 12 12 12 13 13 14 14 14 14 14 14 14 15 15 15 16 16 16 17 17 17 17 17 17 17 18 18 18 18 19 19 19 19 20 20 20 20 20 20 21 21 22 22 22 22 22 22 22 22 22 23 23 23 23 23 23 24 24 24 24 24 24 24
1 2 7 24 0 2 4 7 22 24 0 1 5 6 10 23 1 5 6 7 8 3 4 6 7 22 23 3 4 5 0 1 4 5 8 16 22 24 4 7 10 11 17 18 23 3 9 11 12 17 22 23 9 10 10 14 15 17 18 20 14 15 12 13 15 17 19 20 22 12 13 14 7 17 18 9 10 12 14 16 18 22 9 12 16 17 14 20 21 24 12 14 19 21 22 24 19 20 1 5 7 10 14 17 20 23 24 3 5 9 10 22 24 0 1 7 19 20 22 23
-108.71249873
pd-97N2-a
Pd C H Pd C H Pd Pd C H Pd C H Pd C H Pd Pd C H C H Pd C C N
0 0 0 0 0 1 1 1 1 1 1 2 2 3 3 3 3 4 4 4 4 4 4 4 5 5 6 6 6 6 7 7 7 7 7 8 8 8 8 8 8 8 9 9 9 10 10 10 10 11 11 11 11 11 11 11 12 12 13 13 13 13 13 14 14 14 14 14 14 15 15 16 16 16 16 16 16 17 17 17 18 18 18 18 18 18 18 19 19 19 20 20 20 20 20 20 20 21 21 21 22 22 22 22 22 22 22 22 22 23 23 23 23 23 23 24 24 24 24 24 24 25 25 25 25 25
1 2 11 23 25 0 2 7 22 23 25 0 1 4 5 8 24 3 5 7 8 13 22 24 3 4 8 9 20 21 1 4 8 9 25 3 4 6 7 9 22 25 6 7 8 11 12 20 23 0 10 12 16 20 22 23 10 11 4 14 15 18 24 13 15 16 18 22 24 13 14 11 14 18 19 20 21 18 19 25 13 14 16 17 19 20 22 16 17 18 6 10 11 16 18 21 22 6 16 20 1 4 8 11 14 18 20 23 24 0 1 10 11 22 24 3 4 13 14 22 23 0 1 7 8 17
-117.71784463000003
cu-87N2-a
Cu N H C H Cu C H Cu C H Cu C H Cu C H Cu C H Cu C C Cu
0 0 0 1 1 1 1 1 1 1 2 2 3 3 3 3 3 3 4 5 5 5 5 6 6 6 6 7 7 8 8 9 9 9 9 9 9 10 10 11 11 11 11 12 12 12 12 13 13 14 14 14 14 15 15 15 15 16 16 17 17 18 18 18 18 18 18 19 19 20 20 20 20 21 21 21 21 21 22 22 22 22 22 22 22 23
1 2 3 0 2 3 5 6 21 22 0 1 0 1 4 20 21 23 3 1 6 7 22 1 5 7 22 5 6 9 10 8 10 11 12 14 15 8 9 9 12 13 22 9 11 13 22 11 12 9 15 16 18 9 14 16 18 14 15 18 19 14 15 17 19 20 21 17 18 3 18 21 22 1 3 18 20 22 1 5 6 11 12 20 21 3
-106.75592043
os-86S1-a
Os C H Os C H Os C H Os C H Os Os C H Os C H Os C C Os S
0 0 0 0 0 1 1 1 1 1 1 1 2 2 3 3 3 3 4 4 4 4 4 4 4 5 5 6 6 6 6 7 7 7 7 7 7 7 8 8 9 9 9 9 10 10 10 10 10 10 10 10 11 11 12 12 12 12 12 12 13 13 13 13 13 14 14 14 14 14 14 14 15 15 15 16 16 16 17 17 17 17 17 17 17 18 18 18 19 19 19 19 19 19 19 19 19 20 20 20 20 20 20 21 21 21 21 21 21 22 22 22 23 23 23 23 23 23
1 2 4 7 20 0 2 3 4 13 19 20 0 1 1 4 5 23 0 1 3 5 13 19 23 3 4 7 8 17 20 0 6 8 12 17 19 20 6 7 10 11 14 21 9 11 12 13 14 19 21 22 9 10 7 10 14 15 17 18 1 4 10 14 15 9 10 12 13 15 17 19 12 13 14 17 18 23 6 7 12 14 16 18 19 12 16 17 1 4 7 10 14 17 20 21 23 0 1 6 7 19 21 9 10 19 20 22 23 10 21 23 3 4 16 19 21 22
-101.35588429000006
rh-97N1-a
Rh Rh C H Rh C H Rh C H Rh C H Rh Rh C H Rh C H C H Rh C C N
0 0 0 0 0 0 1 1 1 1 2 2 2 2 2 2 2 3 3 3 4 4 4 4 5 5 5 5 5 5 5 6 6 6 7 7 7 7 7 8 8 8 8 8 8 9 9 10 10 10 10 11 11 11 11 11 11 11 12 12 13 13 13 13 13 14 14 14 14 14 14 15 15 15 15 15 15 15 16 16 16 16 17 17 17 17 18 18 18 18 18 18 18 19 19 20 20 20 20 20 20 20 21 21 21 22 22 22 22 22 22 22 22 22 22 23 23 23 23 23 23 24 24 24 24 24 24 25 25 25 25 25
2 3 5 6 8 11 2 3 15 16 0 1 3 5 7 8 22 0 1 2 5 6 20 21 0 2 4 6 10 11 22 0 4 5 2 8 9 18 24 0 2 7 9 22 24 7 8 5 11 12 23 0 5 10 12 13 22 23 10 11 11 15 16 23 25 15 16 18 20 21 25 1 13 14 16 20 22 25 1 13 14 15 18 19 20 24 7 14 17 19 20 22 24 17 18 4 14 15 17 18 21 22 4 14 20 2 5 8 11 15 18 20 23 24 25 10 11 13 22 24 25 7 8 17 18 22 23 13 14 15 22 23
-118.42499027000002
ir-9802-a
Ir Ir C H H Ir C H Ir Ir Ir C H Ir C H Ir C H Ir C H C H C C Ir Ir
0 0 1 1 1 1 1 2 2 2 2 2 2 3 3 3 4 5 5 5 5 5 6 6 6 6 6 6 7 7 8 8 8 9 9 9 10 10 10 10 10 10 10 10 11 11 11 11 11 11 12 12 12 12 13 13 13 14 14 14 14 14 14 14 15 15 15 16 16 16 16 17 17 17 17 17 17 17 18 18 19 19 19 19 19 19 20 20 20 20 20 20 20 21 21 22 22 22 22 22 22 22 23 23 24 24 24 24 24 24 24 25 25 25 25 25 25 26 26 27
3 20 2 3 22 23 24 1 3 4 19 20 22 0 1 2 2 6 7 11 14 15 5 7 8 10 11 14 5 6 6 11 12 12 22 24 6 11 12 14 17 22 24 25 5 6 8 10 12 24 8 9 10 11 14 15 17 5 6 10 13 15 16 17 5 13 14 14 17 18 25 10 13 14 16 18 25 26 16 17 2 20 21 22 24 25 0 2 19 21 25 26 27 19 20 1 2 9 10 19 23 24 1 22 1 9 10 11 19 22 25 10 16 17 19 20 24 17 20 20
-113.01730886999997
rh-86S2-a
Rh C H Rh C H Rh Rh C H Rh C H Rh C H Rh C H Rh C C Rh S Rh
0 0 0 0 1 1 1 1 1 1 1 2 2 3 3 3 3 4 4 4 4 4 4 4 5 5 6 6 6 6 6 6 6 6 7 7 7 7 8 8 8 8 8 8 9 9 9 10 10 10 10 11 11 11 11 11 11 11 12 12 13 13 13 13 14 14 14 14 14 14 15 15 15 16 16 16 16 17 17 17 17 17 17 17 18 18 19 19 19 19 19 19 19 20 20 20 20 20 20 20 21 21 21 21 21 21 21 22 22 22 23 23 23 23 23 23 23 24
1 2 17 20 0 2 7 19 20 22 23 0 1 4 5 11 21 3 5 13 19 21 22 23 3 4 8 9 11 14 15 17 20 21 1 8 9 23 6 7 9 10 11 14 6 7 8 8 11 12 21 3 6 8 10 12 19 21 10 11 4 14 15 23 6 8 13 15 16 17 6 13 14 14 17 18 20 0 6 14 16 18 19 20 16 17 1 4 11 17 20 21 23 0 1 6 16 17 19 21 3 4 6 10 11 19 20 1 4 23 1 4 7 13 19 22 24 23
-101.52893260000002
ni-97N2-a
Ni Ni C H Ni Ni C H Ni C H Ni Ni C H Ni Ni C H Ni C H Ni C H C C Ni N
0 0 1 1 1 1 1 1 2 2 2 2 2 2 2 3 3 3 4 4 4 5 5 5 5 5 5 5 5 6 6 6 6 6 6 7 7 7 8 8 9 9 9 9 9 9 10 10 10 11 11 11 11 11 11 12 12 13 13 13 13 13 13 14 14 14 15 15 15 15 15 15 15 16 16 16 17 17 17 17 17 17 18 18 18 19 19 19 19 20 20 20 20 20 20 20 20 21 21 22 22 22 23 23 23 23 23 23 23 24 24 24 25 25 25 25 25 25 25 26 26 26 26 26 26 26 27 27 27 28 28 28 28 28
2 3 2 3 13 25 26 28 0 1 3 5 25 27 28 0 1 2 6 7 26 2 6 7 9 10 25 26 28 4 5 7 9 15 26 4 5 6 9 10 5 6 8 10 27 28 5 8 9 13 14 20 23 24 25 13 14 1 11 12 14 23 25 11 12 13 6 17 18 20 23 25 26 17 18 20 15 16 18 19 20 26 15 16 17 17 20 21 23 11 15 16 17 19 21 22 23 19 20 20 23 24 11 13 15 19 20 22 24 11 22 23 1 2 5 11 13 15 26 1 4 5 6 15 17 25 2 9 28 1 2 5 9 27
-117.85779858000001
rh-87N2-a
Rh N H Rh C H Rh C H Rh Rh C H Rh C H Rh C H Rh C H Rh C C
0 0 0 0 1 1 1 1 1 1 1 2 2 3 3 3 3 4 4 4 4 4 4 4 5 5 6 6 6 6 7 7 7 7 7 7 7 8 8 9 9 9 9 9 9 9 9 10 10 10 10 11 11 11 11 11 11 12 12 12 13 13 13 13 14 14 14 14 14 14 14 15 15 16 16 16 16 17 17 17 17 17 17 18 18 18 19 19 19 19 20 20 20 20 20 20 20 21 21 22 22 22 22 22 22 22 23 23 23 23 23 23 23 24 24 24 24 24 24 24
1 2 4 7 0 2 4 7 10 16 22 0 1 4 5 20 23 0 1 3 5 10 22 23 3 4 7 8 14 24 0 1 6 8 16 22 24 6 7 11 12 14 17 18 20 23 24 1 4 11 12 9 10 12 13 14 17 9 10 11 11 14 15 24 6 9 11 13 15 22 24 13 14 1 7 17 18 9 11 16 18 19 20 9 16 17 17 20 21 23 3 9 17 19 21 22 23 19 20 1 4 7 14 20 23 24 3 4 9 19 20 22 24 6 7 9 13 14 22 23
-108.96522039000001
cd-97N2-a
C H C H C H C H C H C H C H Cd C Cd C Cd Cd N Cd
0 0 0 0 0 0 1 2 2 2 2 3 4 4 4 4 4 4 5 6 6 6 7 8 8 8 8 9 10 10 10 10 11 12 12 12 12 13 14 14 15 15 15 15 16 16 17 17 17 18 19 19 19 20 20 20 21 21
1 4 15 16 19 20 0 3 4 17 21 2 0 2 5 19 20 21 4 7 12 15 6 9 10 17 18 8 8 11 12 14 10 6 10 13 14 12 10 12 0 6 16 17 0 15 2 8 15 8 0 4 20 0 4 19 2 4
-115.50125674
ir-86S2-a
Ir C H Ir C H Ir Ir C H Ir C H Ir C H Ir C H Ir C C Ir S Ir
0 0 0 0 1 1 1 1 1 1 2 2 3 3 3 3 4 4 4 4 4 4 5 5 6 6 6 6 6 6 6 6 7 7 7 8 8 8 8 8 8 9 9 9 10 10 10 10 11 11 11 11 11 11 11 12 12 13 13 13 14 14 14 14 14 14 15 15 15 16 16 16 16 17 17 17 17 17 17 17 18 18 19 19 19 19 19 19 19 20 20 20 20 20 20 20 21 21 21 21 21 21 21 22 22 22 23 23 23 23 23 23 23 24
1 2 17 20 0 2 19 20 22 23 0 1 4 5 11 21 3 5 19 21 22 23 3 4 8 9 11 14 15 17 20 21 8 9 23 6 7 9 10 11 14 6 7 8 8 11 12 21 3 6 8 10 12 19 21 10 11 14 15 23 6 8 13 15 16 17 6 13 14 14 17 18 20 0 6 14 16 18 19 20 16 17 1 4 11 17 20 21 23 0 1 6 16 17 19 21 3 4 6 10 11 19 20 1 4 23 1 4 7 13 19 22 24 23
-101.25196155999998
cd-9801-a
C H Cd H C H C H C H C H C H C H Cd Cd C Cd C Cd
0 0 0 0 1 2 3 3 4 4 4 5 6 6 6 6 6 7 8 8 8 8 9 10 10 10 10 11 12 12 12 12 13 14 14 14 15 16 16 17 18 18 18 18 18 19 19 20 20 20 20 21
1 3 6 20 0 3 0 2 5 6 18 4 0 4 7 18 21 6 9 10 12 16 8 8 11 17 18 10 8 13 14 16 12 12 15 20 14 8 12 10 4 6 10 19 20 18 20 0 14 18 19 6
-110.77003735
ag-86S1-a
Ag C H C H Ag C H Ag C H C H C H Ag Ag C C S Ag Ag
0 0 1 1 1 1 1 1 2 2 3 3 3 3 4 5 5 6 6 6 6 6 7 7 8 8 9 9 9 9 10 10 11 11 11 11 12 13 13 13 13 14 15 15 16 16 16 16 16 17 17 17 17 18 18 18 18 19 19 19 19 19 19 20 20 21
1 2 0 2 3 16 17 19 0 1 1 4 19 20 3 6 7 5 7 13 16 17 5 6 9 10 8 10 11 18 8 9 9 12 13 15 11 6 11 14 15 13 11 13 1 6 17 18 19 1 6 16 18 9 16 17 19 1 3 16 18 20 21 3 19 19
-98.75030469000001
au-87N1-a
Au N H C H C H C H C H C H C H Au Au C Au C Au Au
0 0 1 1 1 1 1 1 2 2 3 3 3 3 3 4 5 5 5 5 5 5 6 7 7 7 7 8 9 9 9 9 10 11 11 11 11 12 13 13 13 13 14 15 15 16 17 17 17 17 17 17 18 18 19 19 19 19 19 20 21 21
1 2 0 2 3 5 17 19 0 1 1 4 5 17 21 3 1 3 6 17 19 21 5 8 11 16 17 7 10 11 13 15 9 7 9 12 15 11 9 14 19 20 13 9 11 7 1 3 5 7 18 19 17 19 1 5 13 17 18 13 3 5
-106.98308631000003
os-87N1-a
Os N H Os Os C H C H Os C H Os Os C H Os C H Os C H Os C C
0 0 0 0 0 1 1 1 1 1 2 2 3 3 3 3 4 4 4 4 5 5 5 5 5 5 6 6 6 7 7 7 7 7 7 7 7 8 8 9 9 9 9 10 10 10 10 10 10 10 11 11 12 12 12 12 12 12 13 13 14 14 14 14 14 14 14 15 15 15 16 16 16 17 17 17 17 17 17 17 18 18 18 19 19 19 19 20 20 20 20 20 20 20 21 21 22 22 22 22 22 22 22 22 22 23 23 23 23 23 23 24 24 24 24 24 24 24
1 2 7 20 24 0 2 7 22 24 0 1 5 6 10 23 5 6 7 8 3 4 6 7 22 23 3 4 5 0 1 4 5 8 16 22 24 4 7 10 11 17 23 3 9 11 12 17 22 23 9 10 10 14 15 17 18 20 14 15 12 13 15 17 19 20 22 12 13 14 7 17 18 9 10 12 14 16 18 22 12 16 17 14 20 21 24 0 12 14 19 21 22 24 19 20 1 5 7 10 14 17 20 23 24 3 5 9 10 22 24 0 1 7 19 20 22 23
-108.66165407000005
ir-87N2-a
Ir N H Ir C H Ir C H Ir Ir C H Ir C H Ir C H Ir C H Ir C C
0 0 0 0 1 1 1 1 1 2 2 3 3 3 3 4 4 4 4 4 4 4 5 5 6 6 6 6 7 7 7 7 7 7 7 8 8 9 9 9 9 9 9 10 10 10 11 11 11 11 11 11 11 12 12 12 13 13 13 13 14 14 14 14 14 14 14 15 15 16 16 16 17 17 17 17 17 17 17 18 18 18 19 19 19 19 20 20 20 20 20 20 20 21 21 22 22 22 22 22 22 22 22 22 23 23 23 23 23 23 24 24 24 24 24 24
1 2 4 7 0 2 4 7 22 0 1 4 5 20 23 0 1 3 5 10 22 23 3 4 7 8 14 24 0 1 6 8 16 22 24 6 7 11 12 14 17 18 20 4 11 12 9 10 12 13 14 17 22 9 10 11 11 14 15 24 6 9 11 13 15 22 24 13 14 7 17 18 9 11 16 18 19 20 22 9 16 17 17 20 21 23 3 9 17 19 21 22 23 19 20 1 4 7 11 14 17 20 23 24 3 4 19 20 22 24 6 7 13 14 22 23
-108.67835219999995
ni-86S2-a
Ni C H Ni C H Ni Ni C H Ni C H Ni C H Ni C H Ni C C Ni S Ni
0 0 0 0 0 1 1 1 1 1 1 1 2 2 3 3 3 3 3 4 4 4 4 4 4 4 5 5 6 6 6 6 6 6 6 6 7 7 7 7 7 8 8 8 8 8 8 9 9 9 10 10 10 10 11 11 11 11 11 11 11 11 12 12 13 13 13 13 13 14 14 14 14 14 14 15 15 15 16 16 16 16 17 17 17 17 17 17 17 17 18 18 19 19 19 19 19 19 19 20 20 20 20 20 20 20 21 21 21 21 21 21 21 22 22 22 23 23 23 23 23 23 23 23 23 24
1 2 17 20 23 0 2 7 19 20 22 23 0 1 4 5 11 21 23 3 5 13 19 21 22 23 3 4 8 9 11 14 15 17 20 21 1 8 9 11 23 6 7 9 10 11 14 6 7 8 8 11 12 21 3 6 7 8 10 12 19 21 10 11 4 14 15 17 23 6 8 13 15 16 17 6 13 14 14 17 18 20 0 6 13 14 16 18 19 20 16 17 1 4 11 17 20 21 23 0 1 6 16 17 19 21 3 4 6 10 11 19 20 1 4 23 0 1 3 4 7 13 19 22 24 23
-100.67704769
pd-86S2-a
Pd C H Pd C H Pd Pd C H Pd C H Pd C H Pd C H Pd C C Pd S Pd
0 0 0 0 0 1 1 1 1 1 1 2 2 3 3 3 3 4 4 4 4 4 4 5 5 6 6 6 6 6 6 6 6 7 7 7 8 8 8 8 8 8 9 9 9 10 10 10 10 11 11 11 11 11 11 11 12 12 13 13 13 14 14 14 14 14 14 15 15 15 16 16 16 16 17 17 17 17 17 17 17 18 18 19 19 19 19 19 19 19 20 20 20 20 20 20 20 21 21 21 21 21 21 21 22 22 22 23 23 23 23 23 23 23 23 24
1 2 17 20 23 0 2 19 20 22 23 0 1 4 5 11 21 3 5 19 21 22 23 3 4 8 9 11 14 15 17 20 21 8 9 23 6 7 9 10 11 14 6 7 8 8 11 12 21 3 6 8 10 12 19 21 10 11 14 15 23 6 8 13 15 16 17 6 13 14 14 17 18 20 0 6 14 16 18 19 20 16 17 1 4 11 17 20 21 23 0 1 6 16 17 19 21 3 4 6 10 11 19 20 1 4 23 0 1 4 7 13 19 22 24 23
-101.10926322000003
pd-87N2-a
Pd N H Pd C H Pd C H Pd Pd C H Pd C H Pd C H Pd C H Pd C C
0 0 0 0 1 1 1 1 1 2 2 3 3 3 3 4 4 4 4 4 4 5 5 6 6 6 6 7 7 7 7 7 7 8 8 9 9 9 9 9 9 10 10 11 11 11 11 11 11 11 12 12 12 13 13 13 13 14 14 14 14 14 14 14 15 15 16 16 17 17 17 17 17 17 17 18 18 18 19 19 19 19 20 20 20 20 20 20 20 21 21 22 22 22 22 22 22 22 22 22 23 23 23 23 23 23 24 24 24 24 24 24
1 2 4 7 0 2 4 7 22 0 1 4 5 20 23 0 1 3 5 22 23 3 4 7 8 14 24 0 1 6 8 22 24 6 7 11 12 14 17 18 20 11 12 9 10 12 13 14 17 22 9 10 11 11 14 15 24 6 9 11 13 15 22 24 13 14 17 18 9 11 16 18 19 20 22 9 16 17 17 20 21 23 3 9 17 19 21 22 23 19 20 1 4 7 11 14 17 20 23 24 3 4 19 20 22 24 6 7 13 14 22 23
-108.54472636
pd-97N1-a
Pd Pd C H Pd C H Pd C H Pd C H Pd Pd C H Pd C H C H Pd C C N
0 0 0 0 0 0 1 1 1 1 2 2 2 2 2 2 2 3 3 3 4 4 4 4 5 5 5 5 5 5 5 6 6 6 7 7 7 7 8 8 8 8 8 8 8 9 9 10 10 10 10 11 11 11 11 11 11 11 12 12 13 13 13 13 13 14 14 14 14 14 14 15 15 15 15 15 15 15 16 16 16 16 17 17 17 17 17 18 18 18 18 18 18 19 19 20 20 20 20 20 20 20 21 21 21 22 22 22 22 22 22 22 22 22 22 23 23 23 23 23 23 24 24 24 24 24 24 25 25 25 25 25
2 3 5 6 8 11 2 3 15 16 0 1 3 5 7 8 22 0 1 2 5 6 20 21 0 2 4 6 10 11 22 0 4 5 2 8 9 24 0 2 7 9 17 22 24 7 8 5 11 12 23 0 5 10 12 13 22 23 10 11 11 15 16 23 25 15 16 18 20 21 25 1 13 14 16 20 22 25 1 13 14 15 8 18 19 20 24 14 17 19 20 22 24 17 18 4 14 15 17 18 21 22 4 14 20 2 5 8 11 15 18 20 23 24 25 10 11 13 22 24 25 7 8 17 18 22 23 13 14 15 22 23
-118.01700952000002
ni-97N1-a
Ni Ni C H Ni C H Ni C H Ni C H Ni C H Ni C H C H Ni Ni C C N
0 0 0 0 0 0 0 0 1 1 1 1 1 2 2 2 2 2 2 3 3 3 4 4 4 4 4 5 5 5 5 5 5 6 6 6 7 7 7 7 7 8 8 8 8 8 8 8 9 9 10 10 10 10 11 11 11 11 11 11 11 12 12 13 13 13 13 13 13 13 13 14 14 14 14 14 14 15 15 15 16 16 16 16 17 17 17 17 17 17 17 17 18 18 19 19 19 19 19 19 20 20 20 21 21 21 21 22 22 22 22 22 22 23 23 23 23 23 23 23 23 24 24 24 24 24 24 24 24 25 25 25 25 25
2 3 5 6 8 11 23 24 2 3 8 14 15 0 1 3 5 7 8 0 1 2 5 6 17 19 20 0 2 4 6 10 11 0 4 5 2 8 9 17 24 0 1 2 7 9 22 24 7 8 5 11 12 23 0 5 10 12 21 22 23 10 11 14 15 17 19 20 23 24 25 1 13 15 19 21 25 1 13 14 17 18 19 24 4 7 13 16 18 19 22 24 16 17 4 13 14 16 17 20 4 13 19 11 14 23 25 8 11 17 23 24 25 0 10 11 13 21 22 24 25 0 7 8 13 16 17 22 23 13 14 21 22 23
-117.81756652999997
os-97N2-a
Os Os C H Os C H Os C H Os C H Os C H Os Os C H C H Os C C N
0 0 0 0 1 1 1 1 1 2 2 2 2 2 2 3 3 3 4 4 4 4 4 5 5 5 5 5 5 6 6 7 7 7 7 7 8 8 8 8 8 8 8 9 9 9 9 10 10 10 10 11 11 11 11 11 11 11 12 12 13 13 13 13 13 14 14 14 14 14 14 14 15 15 16 16 16 16 16 16 16 16 17 17 17 17 18 18 18 18 18 18 19 19 19 20 20 20 20 20 20 21 21 21 22 22 22 22 22 22 22 22 23 23 23 23 23 23 23 24 24 24 24 24 24 24 25 25 25 25 25 25
2 3 11 23 2 3 8 9 25 0 1 3 22 23 25 0 1 2 5 6 8 9 24 4 6 8 13 22 24 4 5 8 9 20 21 25 1 4 5 7 9 22 25 1 4 7 8 11 12 20 23 0 10 12 16 20 22 23 10 11 5 14 15 18 24 13 15 16 17 18 22 24 13 14 11 14 18 19 20 21 23 24 14 18 19 25 13 14 16 17 19 20 16 17 18 7 10 11 16 18 21 7 16 20 2 5 8 11 14 23 24 25 0 2 10 11 16 22 24 4 5 13 14 16 22 23 1 2 7 8 17 22
-118.07029169000009
zn-9801-a
C H Zn H C H C H C H C H C H C H Zn C C
0 0 0 0 1 2 3 3 4 4 4 5 6 6 6 6 7 8 8 8 8 9 10 10 10 11 12 12 12 13 14 14 14 15 16 17 17 17 17 18 18 18
1 3 6 18 0 3 0 2 5 6 17 4 0 4 7 17 6 9 10 12 16 8 8 11 17 10 8 13 14 12 12 15 18 14 8 4 6 10 18 0 14 17
-110.84116824
os-a801-a
Os Os C H Os C H Os C H Os C H Os C H Os C H C H Os C H Os C C
0 0 0 0 0 0 1 1 1 1 2 2 2 2 2 2 2 3 3 3 4 4 4 4 5 5 5 5 5 5 5 6 6 6 7 7 7 7 7 8 8 8 8 8 8 9 9 10 10 10 10 11 11 11 11 11 11 11 12 12 13 13 13 13 13 14 14 14 14 14 14 15 15 16 16 16 16 16 16 17 17 17 17 17 17 17 18 18 18 19 19 19 19 19 19 19 20 20 20 21 21 21 21 22 22 22 22 22 22 22 23 23 24 24 24 24 24 24 24 24 24 24 25 25 25 25 25 25 26 26 26 26 26 26
2 3 5 6 8 11 2 3 19 20 0 1 3 5 10 11 24 0 1 2 5 6 17 18 0 2 4 6 7 8 24 0 4 5 5 8 9 22 25 0 5 7 9 24 25 7 8 2 11 12 26 0 2 10 12 13 24 26 10 11 11 14 15 17 26 13 15 16 17 24 26 13 14 14 17 18 19 20 22 4 13 14 16 18 19 24 4 16 17 1 16 17 20 21 22 24 1 16 19 19 22 23 25 7 16 19 21 23 24 25 21 22 2 5 8 11 14 17 19 22 25 26 7 8 21 22 24 26 10 11 13 14 24 25
-123.03460421
au-87N2-a
N H C H C H C H C H C H C H Au Au C Au C Au Au Au Au
0 0 0 0 0 0 1 2 2 2 2 3 4 4 4 4 5 6 6 6 6 7 8 8 8 8 9 10 10 10 10 11 12 12 12 12 13 14 14 15 16 16 16 16 16 17 18 18 18 18 18 19 19 20 21 22
1 2 4 16 18 22 0 0 3 16 21 2 0 5 18 20 4 7 8 10 14 6 6 9 17 18 8 6 11 12 14 10 10 13 15 16 12 6 10 12 0 2 12 18 19 8 0 4 8 16 19 16 18 4 2 0
-106.66365568000003
pt-87N2-a
Pt N H Pt C H Pt C H Pt Pt C H Pt C H Pt C H Pt C H Pt C C
0 0 0 0 1 1 1 1 1 2 2 3 3 3 3 4 4 4 4 4 4 5 5 6 6 6 6 7 7 7 7 7 7 8 8 9 9 9 9 9 9 10 10 11 11 11 11 11 11 11 12 12 12 13 13 13 13 14 14 14 14 14 14 14 15 15 16 16 17 17 17 17 17 17 17 18 18 18 19 19 19 19 20 20 20 20 20 20 20 21 21 22 22 22 22 22 22 22 22 22 23 23 23 23 23 23 24 24 24 24 24 24
1 2 4 7 0 2 4 7 22 0 1 4 5 20 23 0 1 3 5 22 23 3 4 7 8 14 24 0 1 6 8 22 24 6 7 11 12 14 17 18 20 11 12 9 10 12 13 14 17 22 9 10 11 11 14 15 24 6 9 11 13 15 22 24 13 14 17 18 9 11 16 18 19 20 22 9 16 17 17 20 21 23 3 9 17 19 21 22 23 19 20 1 4 7 11 14 17 20 23 24 3 4 19 20 22 24 6 7 13 14 22 23
-108.18585833000003
rh-8611-a
Rh Rh Rh C H C H Rh Rh C H Rh Rh C H C H Rh C H Rh C C Rh O
0 0 1 1 1 1 1 2 2 2 2 2 2 3 3 3 3 3 3 3 4 4 4 4 5 5 5 5 5 5 5 5 6 6 7 7 7 7 7 7 8 9 9 9 9 9 9 10 10 10 10 11 11 11 11 11 12 12 12 12 13 13 13 13 13 13 14 14 14 15 15 15 15 15 15 15 16 16 17 17 17 17 18 18 18 18 18 18 18 19 19 19 20 20 20 20 20 20 20 20 20 21 21 21 21 21 21 21 22 22 22 22 22 22 22 23 23 23 24 24 24 24 24 24
3 4 3 4 9 10 21 3 4 5 6 21 24 0 1 2 4 5 20 21 0 1 2 3 2 3 6 17 20 22 23 24 2 5 9 10 15 18 19 21 10 1 7 10 18 20 21 1 7 8 9 13 14 15 16 18 13 14 22 24 11 12 14 15 20 22 11 12 13 7 11 13 16 17 18 20 11 15 5 15 18 19 7 9 11 15 17 19 20 7 17 18 3 5 9 13 15 18 21 22 24 1 2 3 7 9 20 22 5 12 13 20 21 23 24 5 22 24 2 5 12 20 22 23
-102.57425285
ag-86S2-a
Ag C H Ag C H C H Ag C H C H Ag C H Ag C Ag C S Ag
0 0 1 1 1 1 1 2 2 3 3 4 4 4 4 5 5 6 6 6 6 7 8 8 9 9 9 9 10 10 11 11 11 11 12 13 13 14 14 14 14 15 15 16 16 17 17 17 17 17 18 18 18 19 19 19 19 19 20 20 20 20 20 21
1 2 0 2 17 18 20 0 1 4 5 3 5 19 20 3 4 7 9 11 16 6 9 10 6 8 10 19 8 9 6 12 14 16 11 14 15 11 13 15 17 13 14 6 11 1 14 18 19 20 1 17 19 4 9 17 18 20 1 4 17 19 21 20
-98.39503988999999
zn-86S1-a
C H C H C H C H C H C H Zn C C S Zn
0 0 0 0 1 2 2 2 3 4 4 4 5 6 6 6 7 8 8 8 9 10 10 10 10 11 12 13 13 13 14 14 14 15 15 15 15 16
1 2 13 15 0 0 3 15 2 5 10 13 4 7 8 14 6 6 9 10 8 4 8 11 12 10 10 0 4 14 6 13 15 0 2 14 16 15
-98.62773822
ru-87N2-a
Ru N H Ru C H Ru C H Ru Ru C H Ru C H Ru C H Ru C H Ru C C
0 0 0 0 1 1 1 1 1 1 1 2 2 3 3 3 3 4 4 4 4 4 4 4 5 5 6 6 6 6 7 7 7 7 7 7 7 8 8 9 9 9 9 9 9 10 10 10 10 11 11 11 11 11 11 11 12 12 12 13 13 13 13 14 14 14 14 14 14 14 15 15 16 16 16 16 17 17 17 17 17 17 17 18 18 18 19 19 19 19 20 20 20 20 20 20 20 21 21 22 22 22 22 22 22 22 22 22 23 23 23 23 23 23 24 24 24 24 24 24
1 2 4 7 0 2 4 7 10 16 22 0 1 4 5 20 23 0 1 3 5 10 22 23 3 4 7 8 14 24 0 1 6 8 16 22 24 6 7 11 12 14 17 18 20 1 4 11 12 9 10 12 13 14 17 22 9 10 11 11 14 15 24 6 9 11 13 15 22 24 13 14 1 7 17 18 9 11 16 18 19 20 22 9 16 17 17 20 21 23 3 9 17 19 21 22 23 19 20 1 4 7 11 14 17 20 23 24 3 4 19 20 22 24 6 7 13 14 22 23
-108.71658921
cd-87N1-a
N H C H C H C H C H C H C H Cd Cd C Cd C Cd Cd Cd
0 0 0 0 0 0 1 2 2 2 2 3 4 4 4 4 4 4 5 6 6 6 6 7 8 8 8 8 9 10 10 10 10 11 12 12 12 12 13 14 14 15 16 16 16 16 16 16 17 17 18 18 18 18 18 19 20 21
1 2 4 16 18 21 0 0 3 4 16 2 0 2 5 16 18 20 4 7 10 15 16 6 9 10 12 14 8 6 8 11 14 10 8 13 18 19 12 8 10 6 0 2 4 6 17 18 16 18 0 4 12 16 17 12 4 0
-106.70908624
pt-9802-a
Pt Pt C H H Pt C H Pt Pt Pt C H Pt C H Pt C H Pt C H C H C C Pt
0 1 1 1 1 1 2 2 2 2 2 2 3 3 3 4 5 5 5 5 5 6 6 6 6 6 6 7 7 8 8 8 9 10 10 10 10 10 10 10 10 11 11 11 11 11 11 12 12 12 12 13 13 14 14 14 14 14 14 14 15 15 15 16 16 16 16 17 17 17 17 17 17 18 18 19 19 19 19 19 19 19 20 20 20 20 20 21 21 22 22 22 22 22 22 23 23 24 24 24 24 24 24 25 25 25 25 25 25 26
3 2 3 22 23 24 1 3 4 19 20 22 0 1 2 2 6 7 11 14 15 5 7 8 10 11 14 5 6 6 11 12 12 6 11 12 14 17 22 24 25 5 6 8 10 12 24 8 9 10 11 14 15 5 6 10 13 15 16 17 5 13 14 14 17 18 25 10 14 16 18 19 25 16 17 2 17 20 21 22 24 25 2 19 21 25 26 19 20 1 2 10 19 23 24 1 22 1 10 11 19 22 25 10 16 17 19 20 24 20
-112.63685170000002
ag-87N1-a
Ag N H C H Ag C H Ag C H C H C H Ag C H Ag Ag C C Ag
0 0 1 1 1 1 1 1 2 2 3 3 3 3 3 3 3 4 5 5 5 6 6 6 6 6 6 7 7 8 8 8 9 9 9 9 9 10 10 11 11 11 11 11 12 13 13 13 13 13 14 15 15 15 16 16 16 16 17 17 18 18 19 19 19 19 20 20 20 20 20 20 21 21 21 21 21 22
1 2 0 2 3 6 20 21 0 1 1 4 5 6 19 20 22 3 3 6 7 1 3 5 7 20 21 5 6 9 10 13 8 10 13 19 20 8 9 12 13 15 16 18 11 8 9 11 14 18 13 11 16 17 11 15 17 21 15 16 11 13 3 9 20 21 1 3 6 9 19 21 1 6 16 19 20 3
-106.93134566
cd-a801-a
C H C H C H C H C H C H C H C H Cd Cd C Cd C Cd Cd Cd Cd
0 0 0 0 1 2 2 2 2 3 4 4 4 4 5 6 6 6 6 7 8 8 8 8 9 10 10 10 10 11 12 12 12 12 13 14 14 14 14 15 16 16 17 18 18 18 18 19 19 20 20 20 20 21 22 23 23 24
1 2 6 16 0 0 3 4 16 2 2 5 17 18 4 0 7 20 21 6 9 10 20 22 8 8 11 12 23 10 10 13 14 23 12 12 15 18 24 14 0 2 4 4 14 19 20 18 20 6 8 18 19 6 8 10 12 14
-120.28831923000001
pd-86S1-a
Pd C H Pd C H Pd C H Pd C H Pd Pd C H Pd C H Pd C C Pd S
0 0 0 0 0 1 1 1 1 1 1 2 2 3 3 3 3 4 4 4 4 4 4 4 5 5 6 6 6 6 7 7 7 7 7 7 7 8 8 9 9 9 9 10 10 10 10 10 10 10 11 11 12 12 12 12 12 12 12 13 13 13 14 14 14 14 14 14 15 15 15 16 16 16 17 17 17 17 17 17 17 18 18 18 19 19 19 19 19 19 19 19 20 20 20 20 20 20 21 21 21 21 21 21 21 22 22 22 23 23 23 23 23 23
1 2 4 7 20 0 2 3 4 19 20 0 1 1 4 5 23 0 1 3 5 13 19 23 3 4 7 8 17 20 0 6 8 12 17 19 20 6 7 10 11 14 21 9 11 12 14 19 21 22 9 10 7 10 14 15 17 18 21 4 14 15 9 10 12 13 15 17 12 13 14 17 18 23 6 7 12 14 16 18 19 12 16 17 1 4 7 10 17 20 21 23 0 1 6 7 19 21 9 10 12 19 20 22 23 10 21 23 3 4 16 19 21 22
-101.11373749000003
cu-8612-a
Cu C H Cu C H Cu C H Cu Cu Cu C H Cu Cu C H Cu C H C Cu C O Cu
0 0 0 0 1 1 1 1 1 1 1 2 2 3 3 4 4 4 4 4 4 4 4 5 5 6 6 6 6 7 7 7 7 7 7 7 8 8 9 9 9 10 10 10 10 10 10 10 11 12 12 12 12 12 12 13 13 13 13 14 14 14 14 14 14 15 15 16 16 16 16 16 16 16 17 17 17 18 18 19 19 19 19 19 19 19 20 20 20 21 21 21 21 21 21 21 22 22 22 22 22 22 23 23 23 23 23 23 23 24 24 24 24 24 25 25
1 2 21 24 0 2 4 21 22 23 24 0 1 4 5 1 3 5 21 22 23 24 25 3 4 7 8 12 16 6 8 9 10 12 14 16 6 7 7 12 13 7 12 13 16 19 21 23 13 6 7 9 10 13 21 9 10 11 12 7 16 17 19 20 23 16 17 6 7 10 14 15 17 19 14 15 16 19 20 10 14 16 18 20 22 23 14 18 19 0 1 4 10 12 22 23 1 4 19 21 23 24 1 4 10 14 19 21 22 0 1 4 22 25 4 24
-100.59000273999999
ir-a801-a
Ir Ir C H Ir C H Ir C H Ir C H Ir C H Ir C H C H Ir C H Ir C C
0 0 0 0 0 0 1 1 1 1 2 2 2 2 2 2 2 3 3 3 4 4 4 4 5 5 5 5 5 5 5 6 6 6 7 7 7 7 7 8 8 8 8 8 8 9 9 10 10 10 10 11 11 11 11 11 11 11 12 12 13 13 13 13 13 14 14 14 14 14 14 15 15 16 16 16 16 16 16 17 17 17 17 17 17 17 18 18 18 19 19 19 19 19 19 19 20 20 20 21 21 21 21 22 22 22 22 22 22 22 23 23 24 24 24 24 24 24 24 24 24 24 25 25 25 25 25 25 26 26 26 26 26 26
2 3 5 6 8 11 2 3 19 20 0 1 3 5 10 11 24 0 1 2 5 6 17 18 0 2 4 6 7 8 24 0 4 5 5 8 9 22 25 0 5 7 9 24 25 7 8 2 11 12 26 0 2 10 12 13 24 26 10 11 11 14 15 17 26 13 15 16 17 24 26 13 14 14 17 18 19 20 22 4 13 14 16 18 19 24 4 16 17 1 16 17 20 21 22 24 1 16 19 19 22 23 25 7 16 19 21 23 24 25 21 22 2 5 8 11 14 17 19 22 25 26 7 8 21 22 24 26 10 11 13 14 24 25
-122.86741033999999
pt-97N1-a
Pt Pt C H Pt C H Pt C H Pt C H Pt C H Pt C H C H Pt Pt C C N
0 0 0 0 0 0 1 1 1 1 2 2 2 2 2 2 2 3 3 3 4 4 4 4 5 5 5 5 5 5 5 6 6 6 7 7 7 7 8 8 8 8 8 8 8 9 9 10 10 10 10 11 11 11 11 11 11 11 12 12 13 13 13 13 13 13 14 14 14 14 14 14 14 15 15 15 16 16 16 16 16 17 17 17 17 17 17 18 18 19 19 19 19 19 19 19 20 20 20 21 21 21 21 21 21 21 21 21 21 22 22 22 22 23 23 23 23 23 23 24 24 24 24 24 24 25 25 25 25 25
2 3 5 6 8 11 2 3 14 15 0 1 3 5 7 8 21 0 1 2 5 6 19 20 0 2 4 6 10 11 21 0 4 5 2 8 9 24 0 2 7 9 16 21 24 7 8 5 11 12 23 0 5 10 12 21 22 23 10 11 14 15 17 19 20 25 1 13 15 19 21 22 25 1 13 14 8 17 18 19 24 13 16 18 19 21 24 16 17 4 13 14 16 17 20 21 4 13 19 2 5 8 11 14 17 19 23 24 25 11 14 23 25 10 11 21 22 24 25 7 8 16 17 21 23 13 14 21 22 23
-117.42559201
ir-9801-a
C H Ir Ir H Ir C H C H Ir Ir C H Ir C H Ir C H Ir C H Ir C C
0 0 0 0 0 0 0 1 2 2 2 2 3 3 3 3 3 4 4 4 5 5 5 5 5 6 6 6 6 6 6 6 7 7 8 8 8 8 8 8 8 9 9 10 10 10 10 10 10 11 11 11 12 12 12 12 12 12 12 13 13 13 14 14 14 14 15 15 15 15 15 15 15 15 16 16 17 17 17 17 18 18 18 18 18 18 18 19 19 19 20 20 20 20 21 21 21 21 21 21 21 22 22 23 23 23 23 23 23 23 23 23 24 24 24 24 24 24 25 25 25 25 25 25
1 2 3 4 8 23 25 0 0 4 21 25 0 4 6 8 9 0 2 3 6 7 8 15 24 3 5 7 8 17 23 24 5 6 0 3 5 6 9 17 23 3 8 12 13 15 18 19 21 12 13 15 10 11 13 14 15 18 23 10 11 12 12 15 16 24 5 10 11 12 14 16 23 24 14 15 6 8 18 19 10 12 17 19 20 21 23 10 17 18 18 21 22 25 2 10 18 20 22 23 25 20 21 0 6 8 12 15 18 21 24 25 5 6 14 15 23 25 0 2 20 21 23 24
-113.15417619999994
ag-9802-a
Ag Ag C H H C H Ag C H C H Ag C H Ag C H C H Ag Ag C C
0 0 1 1 1 1 1 2 2 2 2 2 2 3 3 3 4 5 5 5 5 5 6 7 7 7 7 7 7 8 8 8 8 8 9 9 10 10 10 10 10 11 12 12 12 12 13 13 13 13 13 14 14 15 15 15 15 15 15 15 16 16 16 16 16 17 17 18 18 18 18 18 18 19 19 20 20 21 22 22 22 22 22 22 23 23 23 23 23 23
3 16 2 3 18 19 22 1 3 4 15 16 18 0 1 2 2 6 7 8 10 20 5 5 8 9 18 22 23 5 7 9 21 22 7 8 5 11 12 13 20 10 10 13 14 23 10 12 14 15 23 12 13 2 13 16 17 18 22 23 0 2 15 17 23 15 16 1 2 7 15 19 22 1 18 5 10 8 1 7 8 15 18 23 7 12 13 15 16 22
-110.17083602
os-86S2-a
Os C H Os C H Os Os C H Os C H Os C H Os C H Os C C Os S Os
0 0 0 0 0 1 1 1 1 1 1 2 2 3 3 3 3 3 4 4 4 4 4 4 4 5 5 6 6 6 6 6 6 7 7 7 8 8 8 8 8 8 8 9 9 9 10 10 10 10 11 11 11 11 11 11 11 12 12 13 13 13 13 14 14 14 14 14 14 14 15 15 15 16 16 16 16 17 17 17 17 17 17 17 18 18 19 19 19 19 19 19 19 19 19 20 20 20 20 20 20 21 21 21 21 21 21 22 22 22 23 23 23 23 23 23 23 23 23 24
1 2 17 20 23 0 2 19 20 22 23 0 1 4 5 11 21 23 3 5 13 19 21 22 23 3 4 8 9 11 14 15 17 8 9 23 6 7 9 10 11 14 19 6 7 8 8 11 12 21 3 6 8 10 12 19 21 10 11 4 14 15 23 6 8 13 15 16 17 19 6 13 14 14 17 18 20 0 6 14 16 18 19 20 16 17 1 4 8 11 14 17 20 21 23 0 1 16 17 19 21 3 4 10 11 19 20 1 4 23 0 1 3 4 7 13 19 22 24 23
-101.44506507000006
zn-86S2-a
C H C H C H C H C H C H Zn C C S Zn
0 0 0 1 2 2 2 3 4 4 4 5 6 6 6 7 8 8 8 8 9 10 10 10 11 12 13 13 13 13 14 14 14 14 15 15 15 15 15 16
1 13 15 0 3 14 15 2 5 6 8 4 4 7 14 6 4 9 10 12 8 8 11 13 10 8 0 10 14 15 2 6 13 15 0 2 13 14 16 15
-98.26657621999999
ni-86S1-a
Ni C H Ni C H Ni C H Ni C H Ni Ni C H Ni C H Ni C C Ni S
0 0 0 0 1 1 1 1 1 1 1 2 2 3 3 3 3 4 4 4 4 4 4 5 5 6 6 6 6 7 7 7 7 7 7 7 7 8 8 9 9 9 9 10 10 10 10 10 10 10 10 11 11 12 12 12 12 12 12 12 12 13 13 13 13 13 14 14 14 14 14 14 15 15 15 16 16 16 16 17 17 17 17 17 17 18 18 18 19 19 19 19 19 19 19 20 20 20 20 20 20 20 21 21 21 21 21 21 21 22 22 22 23 23 23 23 23 23
1 2 7 20 0 2 3 4 13 19 20 0 1 1 4 5 23 1 3 5 13 19 23 3 4 7 8 17 20 0 6 8 12 16 17 19 20 6 7 10 11 14 21 9 11 12 13 14 19 21 22 9 10 7 10 14 15 17 18 20 21 1 4 10 14 15 9 10 12 13 15 17 12 13 14 7 17 18 23 6 7 12 14 16 18 12 16 17 1 4 7 10 20 21 23 0 1 6 7 12 19 21 9 10 12 19 20 22 23 10 21 23 3 4 16 19 21 22
-100.70893372
ru-97N2-a
Ru Ru Ru C H Ru Ru C H Ru C H Ru Ru C H Ru Ru C H Ru C H C H Ru C C N
0 0 1 1 1 1 1 1 2 2 2 2 2 3 3 3 3 3 3 3 4 4 4 4 5 5 5 5 6 6 6 6 6 6 6 7 7 7 7 7 7 8 8 8 9 9 10 10 10 10 10 10 11 11 11 11 12 12 12 12 12 12 13 13 14 14 14 14 14 14 14 15 15 15 15 16 16 16 16 16 16 16 16 17 17 17 18 18 18 18 18 18 19 19 19 19 20 20 20 21 21 21 21 21 21 22 22 22 22 23 23 23 23 23 24 24 25 26 26 26 26 26 26 27 27 27 27 27 27 28 28 28 28 28
3 4 3 4 14 15 26 27 3 4 10 11 28 0 1 2 4 6 26 28 0 1 2 3 7 8 18 19 3 7 8 10 11 26 27 5 6 8 10 16 27 5 6 7 10 11 2 6 7 9 11 28 2 6 9 10 14 15 21 22 23 24 14 15 1 12 13 15 16 23 26 1 12 13 14 7 14 18 19 21 22 26 27 18 19 28 5 16 17 19 21 27 5 16 17 18 21 22 28 12 16 18 20 22 23 12 16 20 21 12 14 21 24 25 12 23 23 1 3 6 14 16 27 1 6 7 16 18 26 2 3 10 17 20
-118.43396620000004
ir-97N2-a
Ir Ir C H Ir C H Ir C H Ir C H Ir C H Ir Ir C H C H Ir C C N
0 0 0 0 1 1 1 1 2 2 2 2 2 2 3 3 3 4 4 4 4 4 4 5 5 5 5 5 5 6 6 7 7 7 7 7 8 8 8 8 8 8 8 9 9 9 10 10 10 10 11 11 11 11 11 11 11 12 12 13 13 13 13 13 14 14 14 14 14 14 14 15 15 16 16 16 16 16 16 16 16 17 17 17 18 18 18 18 18 18 19 19 19 20 20 20 20 20 20 21 21 21 22 22 22 22 22 22 22 22 23 23 23 23 23 23 23 24 24 24 24 24 24 24 25 25 25 25 25 25
2 3 11 23 2 3 8 25 0 1 3 22 23 25 0 1 2 5 6 8 9 24 25 4 6 8 13 22 24 4 5 8 9 20 21 25 1 4 5 7 9 22 25 4 7 8 11 12 20 23 0 10 12 16 20 22 23 10 11 5 14 15 18 24 13 15 16 17 18 22 24 13 14 11 14 18 19 20 21 23 24 14 18 19 13 14 16 17 19 20 16 17 18 7 10 11 16 18 21 7 16 20 2 5 8 11 14 23 24 25 0 2 10 11 16 22 24 4 5 13 14 16 22 23 1 2 4 7 8 22
-117.16529072999992
ir-97N1-a
Ir Ir C H Ir C H Ir C H Ir C H Ir C H Ir C H C H Ir Ir C C N
0 0 0 0 0 0 1 1 1 1 2 2 2 2 2 2 2 3 3 3 4 4 4 4 5 5 5 5 5 5 5 6 6 6 7 7 7 7 7 8 8 8 8 8 8 9 9 10 10 10 10 11 11 11 11 11 11 11 12 12 13 13 13 13 13 13 14 14 14 14 14 14 14 15 15 15 16 16 16 16 17 17 17 17 17 17 17 18 18 19 19 19 19 19 19 19 20 20 20 21 21 21 21 21 21 21 21 21 21 22 22 22 22 23 23 23 23 23 23 24 24 24 24 24 24 25 25 25 25 25
2 3 5 6 8 11 2 3 14 15 0 1 3 5 7 8 21 0 1 2 5 6 19 20 0 2 4 6 10 11 21 0 4 5 2 8 9 17 24 0 2 7 9 21 24 7 8 5 11 12 23 0 5 10 12 21 22 23 10 11 14 15 17 19 20 25 1 13 15 19 21 22 25 1 13 14 17 18 19 24 7 13 16 18 19 21 24 16 17 4 13 14 16 17 20 21 4 13 19 2 5 8 11 14 17 19 23 24 25 11 14 23 25 10 11 21 22 24 25 7 8 16 17 21 23 13 14 21 22 23
-117.93872234999992
ag-97N2-a
Ag C H C H C H Ag C H C H C H C H Ag Ag C C Ag Ag N Ag
0 1 1 1 1 1 1 2 2 3 3 3 3 4 5 5 5 5 5 5 6 7 7 8 8 8 8 8 9 9 10 10 10 10 11 12 12 12 12 13 14 14 14 14 15 16 16 17 17 17 17 18 18 18 18 19 19 19 19 19 20 20 21 21 21 22 22 22 23 23
2 2 5 17 18 21 22 0 1 4 5 19 23 3 1 3 6 21 22 23 5 8 9 7 9 14 17 18 7 8 11 12 19 20 10 10 13 14 16 12 8 12 15 16 14 12 14 1 8 18 19 1 8 17 19 3 10 17 18 20 10 19 1 5 22 1 5 21 3 5
-115.67855918000001
pt-97N2-a
Pt C H Pt C H Pt Pt C H Pt C H Pt C H Pt Pt C H C H Pt C C N
0 0 0 0 0 1 1 1 1 1 1 2 2 3 3 3 3 4 4 4 4 4 4 4 5 5 6 6 6 6 7 7 7 7 7 8 8 8 8 8 8 8 9 9 9 10 10 10 10 11 11 11 11 11 11 11 12 12 13 13 13 13 13 14 14 14 14 14 14 15 15 16 16 16 16 16 16 17 17 17 18 18 18 18 18 18 18 19 19 19 20 20 20 20 20 20 20 21 21 21 22 22 22 22 22 22 22 22 22 23 23 23 23 23 23 24 24 24 24 24 24 25 25 25 25 25
1 2 11 23 25 0 2 7 22 23 25 0 1 4 5 8 24 3 5 7 8 13 22 24 3 4 8 9 20 21 1 4 8 9 25 3 4 6 7 9 22 25 6 7 8 11 12 20 23 0 10 12 16 20 22 23 10 11 4 14 15 18 24 13 15 16 18 22 24 13 14 11 14 18 19 20 21 18 19 25 13 14 16 17 19 20 22 16 17 18 6 10 11 16 18 21 22 6 16 20 1 4 8 11 14 18 20 23 24 0 1 10 11 22 24 3 4 13 14 22 23 0 1 7 8 17
-117.10093180000001
ni-87N1-a
Ni N H Ni Ni Ni C H C H Ni C H Ni C H Ni C H Ni C H Ni C C
0 0 0 0 1 1 1 1 1 1 2 2 3 3 3 3 4 4 4 4 5 5 5 5 5 5 6 6 6 6 6 6 7 7 7 7 8 8 8 8 8 8 8 8 9 9 10 10 10 10 11 11 11 11 11 11 11 12 12 13 13 13 13 13 13 14 14 14 14 14 14 14 15 15 15 16 16 16 17 17 17 17 17 17 17 18 18 18 19 19 19 19 20 20 20 20 20 20 20 21 21 22 22 22 22 22 22 22 22 22 23 23 23 23 23 23 24 24 24 24 24 24 24 24
1 2 8 24 0 2 5 8 22 24 0 1 6 7 11 23 7 14 15 20 1 6 7 8 9 24 3 5 7 8 22 23 3 4 5 6 0 1 5 6 9 16 22 24 5 8 11 12 17 23 3 10 12 13 17 22 23 10 11 11 14 15 17 18 20 4 13 15 17 19 20 22 4 13 14 8 17 18 10 11 13 14 16 18 22 13 16 17 14 20 21 24 4 13 14 19 21 22 24 19 20 1 6 8 11 14 17 20 23 24 3 6 10 11 22 24 0 1 5 8 19 20 22 23
-108.23289478999999
pd-87N1-a
Pd Pd N H Pd C H C H Pd C H Pd Pd C H Pd C H Pd C H Pd C C
0 0 0 0 1 1 1 1 1 2 2 2 2 2 2 3 3 3 4 4 4 4 5 5 5 5 5 5 6 6 7 7 7 7 7 7 7 8 8 9 9 9 9 10 10 10 10 10 10 10 11 11 12 12 12 12 12 12 13 13 13 14 14 14 14 14 14 14 15 15 15 16 16 17 17 17 17 17 17 17 18 18 18 19 19 19 19 20 20 20 20 20 20 20 21 21 22 22 22 22 22 22 22 22 22 23 23 23 23 23 23 24 24 24 24 24 24 24
2 3 20 24 2 3 5 7 8 0 1 3 7 22 24 0 1 2 5 6 10 23 1 4 6 7 22 23 4 5 1 2 5 8 13 22 24 1 7 10 11 17 23 4 9 11 12 17 22 23 9 10 10 14 15 17 18 20 7 14 15 12 13 15 17 19 20 22 12 13 14 17 18 9 10 12 14 16 18 22 12 16 17 14 20 21 24 0 12 14 19 21 22 24 19 20 2 5 7 10 14 17 20 23 24 4 5 9 10 22 24 0 2 7 19 20 22 23
-108.69458915999999
cu-8611-a
C H C H C H C H Cu C H Cu Cu C H Cu C Cu C O Cu Cu Cu
0 0 0 0 0 1 2 2 2 2 2 2 3 4 4 4 4 4 5 6 6 6 6 6 6 7 8 8 8 8 9 9 9 9 10 10 11 11 11 12 13 13 13 13 13 14 14 14 15 15 15 16 16 16 16 16 16 17 17 17 18 18 18 18 18 19 19 19 20 21 21 22
1 2 15 16 21 0 0 3 16 18 19 21 2 5 11 13 15 16 4 7 8 9 17 18 20 6 6 9 10 13 6 8 10 13 8 9 4 13 14 14 4 8 9 11 14 11 12 13 0 4 16 0 2 4 15 17 18 6 16 18 2 6 16 17 19 2 18 22 6 0 2 19
-101.05700731999997
os-87N2-a
Os N H Os C H Os C H Os Os C H Os C H Os C H Os C H Os C C
0 0 0 0 1 1 1 1 1 1 2 2 3 3 3 3 4 4 4 4 4 4 4 5 5 6 6 6 6 7 7 7 7 7 7 7 8 8 9 9 9 9 9 9 10 10 10 11 11 11 11 11 11 11 12 12 12 13 13 13 13 14 14 14 14 14 14 14 15 15 16 16 16 16 17 17 17 17 17 17 17 18 18 18 19 19 19 19 20 20 20 20 20 20 20 21 21 22 22 22 22 22 22 22 22 22 23 23 23 23 23 23 24 24 24 24 24 24
1 2 4 7 0 2 4 7 16 22 0 1 4 5 20 23 0 1 3 5 10 22 23 3 4 7 8 14 24 0 1 6 8 16 22 24 6 7 11 12 14 17 18 20 4 11 12 9 10 12 13 14 17 22 9 10 11 11 14 15 24 6 9 11 13 15 22 24 13 14 1 7 17 18 9 11 16 18 19 20 22 9 16 17 17 20 21 23 3 9 17 19 21 22 23 19 20 1 4 7 11 14 17 20 23 24 3 4 19 20 22 24 6 7 13 14 22 23
-108.99681911000005
pt-8612-a
Pt C H Pt C H Pt C H Pt Pt C H Pt Pt C H Pt C H C C Pt O Pt
0 0 0 0 1 1 1 1 1 1 1 1 2 2 3 3 3 3 3 3 3 4 4 4 4 4 4 5 5 6 6 6 6 7 7 7 7 7 7 8 8 9 9 10 10 10 10 10 10 10 11 11 11 11 11 11 12 12 12 13 13 13 13 13 13 14 14 15 15 15 15 15 15 15 16 16 16 17 17 18 18 18 18 18 18 19 19 19 20 20 20 20 20 20 21 21 21 21 21 21 22 23 23 23 23 23 24 24
1 2 20 23 0 2 3 4 10 20 22 23 0 1 1 4 5 18 20 21 23 1 3 5 21 23 24 3 4 7 8 11 15 6 8 10 11 13 15 6 7 11 12 1 7 11 12 15 20 21 6 7 9 10 12 20 9 10 11 7 15 16 18 19 21 15 16 6 7 10 13 14 16 18 13 14 15 18 19 3 13 15 17 19 21 13 17 18 0 1 3 10 11 21 3 4 10 13 18 20 1 0 1 3 4 24 4 23
-102.46869533
pt-8611-a
Pt C H Pt C H Pt Pt C H Pt Pt C H Pt C H Pt C H C C O Pt Pt
0 0 0 0 0 0 1 1 1 1 1 1 1 2 2 3 3 3 3 3 4 4 4 4 4 4 4 5 5 6 6 6 6 6 6 7 7 8 8 8 8 8 8 9 9 9 10 10 11 11 11 11 11 11 11 12 12 12 12 12 12 13 13 13 14 14 14 14 15 15 15 15 15 15 16 16 17 17 18 18 18 18 18 18 18 19 19 19 20 20 20 20 20 20 21 21 21 21 21 21 21 21 22 22 22 22 22 23 23 24
1 2 4 8 20 21 0 2 3 4 20 21 23 0 1 1 4 5 21 22 0 1 3 5 21 22 23 3 4 8 9 15 18 19 20 8 9 0 6 7 9 18 20 6 7 8 12 13 12 13 15 18 20 21 22 10 11 13 14 15 21 10 11 12 12 15 16 18 6 11 12 14 16 18 14 15 18 19 6 8 11 14 15 17 19 6 17 18 0 1 6 8 11 21 0 1 3 4 11 12 20 22 3 4 11 21 24 1 4 22
-102.26261700000003
zn-97N2-a
C H C H C H C H C H C H C H C C N Zn
0 0 0 0 1 2 2 2 3 4 4 4 4 5 6 6 6 7 8 8 8 9 10 10 10 11 12 12 12 13 14 14 14 15 15 15 16 16 16 17
1 4 14 16 0 3 4 15 2 0 2 5 16 4 7 12 14 6 9 10 15 8 8 11 12 10 6 10 13 12 0 6 15 2 8 14 0 4 17 16
-115.57310049
cu-9802-a
Cu Cu C H H Cu C H Cu Cu C H Cu C H Cu Cu Cu C H Cu Cu C H C H C Cu C
0 0 1 1 1 1 1 2 2 2 2 2 2 3 3 3 4 5 5 5 5 6 6 6 6 6 6 6 7 7 8 8 8 9 9 9 9 9 9 9 9 10 10 10 10 10 10 11 11 11 12 12 13 13 13 13 13 13 13 14 14 15 15 15 16 16 16 16 16 17 18 18 18 18 18 18 18 19 19 19 19 20 20 21 21 21 21 21 21 21 22 22 22 22 22 22 22 23 23 23 24 24 24 24 24 24 24 25 25 26 26 26 26 26 26 26 27 27 28 28 28 28 28 28
3 22 2 3 24 25 26 1 3 4 21 22 24 0 1 2 2 6 7 10 13 5 7 8 9 10 13 16 5 6 6 10 11 6 10 11 13 18 24 26 28 5 6 8 9 11 26 8 9 10 13 14 5 6 9 12 14 16 18 12 13 18 19 22 6 13 18 19 28 19 9 13 15 16 19 21 28 15 16 17 18 22 23 2 18 22 23 24 26 28 0 2 15 20 21 23 28 20 21 22 1 2 9 21 25 26 27 1 24 1 9 10 21 24 27 28 24 26 9 16 18 21 22 26
-110.93979803999997
cu-86S1-a
C H Cu C H C H Cu C H C H C H Cu C Cu C Cu S Cu Cu Cu
0 0 0 0 0 1 2 2 2 3 3 3 3 3 4 4 5 5 5 6 7 7 7 7 8 8 8 8 9 9 10 10 10 10 11 12 12 12 12 13 14 14 15 15 15 15 16 16 16 16 17 17 17 17 17 17 18 18 18 19 19 19 19 19 19 19 19 20 21 22
1 2 3 15 16 0 0 3 4 0 2 4 18 19 2 3 6 12 15 5 8 9 17 19 7 9 10 17 7 8 8 11 12 14 10 5 10 13 14 12 10 12 0 5 16 17 0 15 17 19 7 8 15 16 18 19 3 17 19 3 7 16 17 18 20 21 22 19 19 19
-98.89386695999997
ir-87N1-a
Ir Ir N H Ir C H C H Ir C H Ir Ir C H Ir C H Ir C H Ir C C
0 0 0 0 1 1 1 1 1 2 2 2 2 2 2 3 3 3 4 4 4 4 5 5 5 5 5 5 5 6 6 7 7 7 7 7 7 7 8 8 9 9 9 9 10 10 10 10 10 10 10 10 11 11 12 12 12 12 12 12 13 13 13 13 14 14 14 14 14 14 14 15 15 15 16 16 16 17 17 17 17 17 17 17 18 18 18 19 19 19 19 20 20 20 20 20 20 20 21 21 22 22 22 22 22 22 22 22 22 23 23 23 23 23 23 24 24 24 24 24 24 24
2 3 20 24 2 3 5 7 8 0 1 3 7 22 24 0 1 2 5 6 10 23 1 4 6 7 13 22 23 4 5 1 2 5 8 13 22 24 1 7 10 11 17 23 4 9 11 12 16 17 22 23 9 10 10 14 15 17 18 20 5 7 14 15 12 13 15 17 19 20 22 12 13 14 10 17 18 9 10 12 14 16 18 22 12 16 17 14 20 21 24 0 12 14 19 21 22 24 19 20 2 5 7 10 14 17 20 23 24 4 5 9 10 22 24 0 2 7 19 20 22 23
-108.62842639999997
pd-a801-a
Pd Pd C H Pd C H Pd C H Pd C H Pd C H Pd C H C H Pd C H Pd C C
0 0 0 0 0 0 1 1 1 1 2 2 2 2 2 2 2 3 3 3 4 4 4 4 5 5 5 5 5 5 5 6 6 6 7 7 7 7 7 8 8 8 8 8 8 9 9 10 10 10 10 11 11 11 11 11 11 11 12 12 13 13 13 13 13 14 14 14 14 14 14 15 15 16 16 16 16 16 16 17 17 17 17 17 17 17 18 18 18 19 19 19 19 19 19 19 20 20 20 21 21 21 21 22 22 22 22 22 22 22 23 23 24 24 24 24 24 24 24 24 24 24 25 25 25 25 25 25 26 26 26 26 26 26
2 3 5 6 8 11 2 3 19 20 0 1 3 5 10 11 24 0 1 2 5 6 17 18 0 2 4 6 7 8 24 0 4 5 5 8 9 22 25 0 5 7 9 24 25 7 8 2 11 12 26 0 2 10 12 13 24 26 10 11 11 14 15 17 26 13 15 16 17 24 26 13 14 14 17 18 19 20 22 4 13 14 16 18 19 24 4 16 17 1 16 17 20 21 22 24 1 16 19 19 22 23 25 7 16 19 21 23 24 25 21 22 2 5 8 11 14 17 19 22 25 26 7 8 21 22 24 26 10 11 13 14 24 25
-122.88403708000001
au-8612-a
C H C H C H C H C H C H Au Au Au C C Au Au O
0 0 0 0 0 0 1 2 2 2 2 2 2 3 4 4 4 4 5 6 6 6 6 7 8 8 8 8 9 10 10 10 10 11 12 12 13 14 14 15 15 15 15 15 16 16 16 16 16 17 17 18 19 19
1 2 15 16 18 19 0 0 3 15 16 17 19 2 5 6 8 13 4 4 7 14 15 6 4 9 10 12 8 8 11 12 16 10 8 10 4 6 15 0 2 6 14 16 0 2 10 15 17 2 16 0 0 2
-100.54824453
os-97N1-a
Os Os C H Os C H Os C H Os C H Os Os C H Os C H C H Os C C N
0 0 0 0 0 0 1 1 1 1 2 2 2 2 2 2 2 3 3 3 4 4 4 4 5 5 5 5 5 5 5 6 6 6 7 7 7 7 7 8 8 8 8 8 8 9 9 10 10 10 10 11 11 11 11 11 11 11 12 12 13 13 13 13 13 14 14 14 14 14 14 15 15 15 15 15 15 15 16 16 16 16 17 17 17 17 18 18 18 18 18 18 18 19 19 20 20 20 20 20 20 20 21 21 21 22 22 22 22 22 22 22 22 22 22 23 23 23 23 23 23 24 24 24 24 24 24 25 25 25 25 25
2 3 5 6 8 11 2 3 15 16 0 1 3 5 7 8 22 0 1 2 5 6 20 21 0 2 4 6 10 11 22 0 4 5 2 8 9 18 24 0 2 7 9 22 24 7 8 5 11 12 23 0 5 10 12 13 22 23 10 11 11 15 16 23 25 15 16 18 20 21 25 1 13 14 16 20 22 25 1 13 14 15 18 19 20 24 7 14 17 19 20 22 24 17 18 4 14 15 17 18 21 22 4 14 20 2 5 8 11 15 18 20 23 24 25 10 11 13 22 24 25 7 8 17 18 22 23 13 14 15 22 23
-118.21878734000006
cd-97N1-a
C H C H C H C H C H C H C H Cd Cd C Cd C N Cd Cd
0 0 0 0 1 2 2 2 2 3 4 4 4 5 6 6 6 6 7 8 8 8 8 8 9 10 10 10 11 12 12 12 12 13 14 14 15 16 16 16 16 16 17 18 18 18 19 19 19 20 20 21
1 2 4 14 0 0 3 6 14 2 0 5 18 4 2 7 15 16 6 9 12 16 19 20 8 11 12 18 10 8 10 13 20 12 0 2 6 6 8 17 18 19 16 4 10 16 8 16 21 8 12 19
-115.52589934
cd-87N2-a
N H C H C H C H C H C H C H Cd Cd C Cd C Cd Cd Cd Cd
0 0 0 0 0 0 1 2 2 2 2 3 4 4 4 4 5 6 6 6 6 7 8 8 8 8 9 10 10 10 10 11 12 12 12 12 13 14 14 15 16 16 16 16 16 17 18 18 18 18 18 19 19 20 21 22
1 2 4 16 18 22 0 0 3 16 21 2 0 5 18 20 4 7 8 10 14 6 6 9 17 18 8 6 11 12 14 10 10 13 15 16 12 6 10 12 0 2 12 18 19 8 0 4 8 16 19 16 18 4 2 0
-106.38495407000002
cu-9801-a
C H Cu H Cu C H C H Cu C H Cu C H C H C H Cu Cu Cu C C Cu
0 0 0 0 1 2 3 3 4 4 5 5 5 5 5 6 6 7 7 7 7 7 8 9 10 10 10 10 10 11 11 12 12 12 13 13 13 13 13 13 14 14 15 15 15 15 15 16 17 17 17 17 18 19 19 19 20 20 21 21 21 22 22 22 22 22 23 23 23 23 24 24
1 3 7 23 0 3 0 2 5 6 4 6 7 22 24 4 5 0 5 8 22 24 7 11 11 12 13 15 19 9 10 10 13 14 10 12 14 19 21 22 12 13 10 16 17 19 20 15 15 18 20 23 17 10 13 15 15 17 13 22 23 5 7 13 21 23 0 17 21 22 5 7
-111.05416779000001
rh-a801-a
Rh Rh C H Rh C H Rh C H Rh C H Rh C H Rh C H C H Rh C H Rh C C
0 0 0 0 0 0 1 1 1 1 2 2 2 2 2 2 2 3 3 3 4 4 4 4 5 5 5 5 5 5 5 6 6 6 7 7 7 7 7 8 8 8 8 8 8 9 9 10 10 10 10 11 11 11 11 11 11 11 12 12 13 13 13 13 13 14 14 14 14 14 14 15 15 16 16 16 16 16 16 17 17 17 17 17 17 17 18 18 18 19 19 19 19 19 19 19 20 20 20 21 21 21 21 22 22 22 22 22 22 22 23 23 24 24 24 24 24 24 24 24 24 24 25 25 25 25 25 25 26 26 26 26 26 26
2 3 5 6 8 11 2 3 19 20 0 1 3 5 10 11 24 0 1 2 5 6 17 18 0 2 4 6 7 8 24 0 4 5 5 8 9 22 25 0 5 7 9 24 25 7 8 2 11 12 26 0 2 10 12 13 24 26 10 11 11 14 15 17 26 13 15 16 17 24 26 13 14 14 17 18 19 20 22 4 13 14 16 18 19 24 4 16 17 1 16 17 20 21 22 24 1 16 19 19 22 23 25 7 16 19 21 23 24 25 21 22 2 5 8 11 14 17 19 22 25 26 7 8 21 22 24 26 10 11 13 14 24 25
-123.25459417000002
zn-8611-a
C H C H C H C H C H C H Zn Zn C C O
0 0 0 1 2 2 2 2 2 3 4 4 4 5 6 6 6 7 8 8 8 8 9 10 10 10 10 11 12 13 14 14 14 14 15 15 15 15 16 16
1 2 14 0 0 3 14 15 16 2 5 10 14 4 7 8 15 6 6 9 10 12 8 4 8 11 13 10 8 10 0 2 4 15 2 6 14 16 2 15
-100.88482529000001
ni-9801-a
C H Ni Ni Ni H Ni C H C H Ni C H Ni C H Ni C H Ni C H Ni C C
0 0 0 0 0 0 0 1 2 2 2 2 3 3 3 3 4 4 4 4 4 4 5 5 5 5 6 6 6 6 7 7 7 7 7 7 7 8 8 9 9 9 9 9 9 10 10 11 11 11 11 11 11 11 11 12 12 12 12 12 12 13 13 13 14 14 14 14 15 15 15 15 15 15 15 15 16 16 17 17 17 17 18 18 18 18 18 18 18 19 19 19 20 20 20 20 21 21 21 21 21 21 21 22 22 23 23 23 23 23 23 23 23 24 24 24 24 24 24 24 25 25 25 25 25 25 25 25
1 3 4 5 9 23 25 0 5 12 13 15 0 5 21 25 0 5 7 9 10 25 0 2 3 4 7 8 15 24 4 6 8 9 17 23 24 6 7 0 4 7 10 17 23 4 9 12 13 15 18 19 21 24 25 2 11 13 14 15 18 2 11 12 12 15 16 24 2 6 11 12 14 16 23 24 14 15 7 9 18 19 11 12 17 19 20 21 23 11 17 18 18 21 22 25 3 11 18 20 22 23 25 20 21 0 7 9 15 18 21 24 25 6 7 11 14 15 23 25 0 3 4 11 20 21 23 24
-112.68674972999997
zn-97N1-a
C H C H C H C H C H C H C H C C N Zn Zn
0 0 0 1 2 2 2 3 4 4 4 5 6 6 6 7 8 8 8 8 8 9 10 10 10 11 12 12 12 13 14 14 14 14 15 15 15 16 16 16 17 18
1 2 4 0 0 3 6 2 0 5 15 4 2 7 14 6 9 12 14 16 17 8 11 12 15 10 8 10 13 12 6 8 15 16 4 10 14 8 14 18 8 16
-115.59760193
ag-8612-a
C H C H Ag C H C H C H C H Ag Ag C C Ag Ag O
0 0 0 0 0 0 1 2 2 2 2 2 2 3 4 4 4 5 5 5 5 5 6 6 7 7 7 7 8 9 9 9 9 9 10 11 11 11 11 12 13 13 14 14 14 15 15 15 15 15 16 16 16 16 16 17 17 18 18 19 19 19
1 2 15 16 18 19 0 0 3 15 16 17 19 2 5 6 9 4 6 7 9 14 4 5 5 8 14 15 7 4 5 10 11 13 9 9 12 13 16 11 9 11 5 7 15 0 2 7 14 16 0 2 11 15 17 2 16 0 19 0 2 18
-100.49252328
cd-86S2-a
C H C H C H C H C H C H Cd Cd C Cd C S Cd Cd
0 0 0 1 2 2 2 3 4 4 4 4 5 6 6 6 6 7 8 8 8 8 9 10 10 10 10 11 12 12 13 14 14 14 14 14 15 15 16 16 16 16 16 17 17 17 17 17 18 19
1 14 17 0 3 16 17 2 5 6 8 12 4 4 7 16 18 6 4 9 10 12 8 8 11 13 14 10 4 8 10 0 10 15 16 17 14 16 2 6 14 15 17 0 2 14 16 19 6 17
-98.19641496
ni-a801-a
Ni Ni C H Ni C H Ni C H Ni C H Ni C H Ni C H C H Ni C H Ni C C
0 0 0 0 0 0 0 0 1 1 1 1 1 1 2 2 2 2 2 2 3 3 3 4 4 4 4 4 4 5 5 5 5 5 5 6 6 6 7 7 7 7 7 8 8 8 8 8 8 8 9 9 10 10 10 10 10 11 11 11 11 11 11 11 12 12 13 13 13 13 14 14 14 14 14 14 14 14 15 15 16 16 16 16 16 16 16 16 17 17 17 17 17 17 18 18 18 19 19 19 19 19 19 20 20 20 21 21 21 21 22 22 22 22 22 22 22 22 23 23 24 24 24 24 24 24 25 25 25 25 25 25 25 25 26 26 26 26 26 26 26 26
2 3 5 6 8 11 25 26 2 3 11 19 20 22 0 1 3 5 10 11 0 1 2 5 6 8 14 17 18 0 2 4 6 7 8 0 4 5 5 8 9 22 25 0 4 5 7 9 24 25 7 8 2 11 12 14 26 0 1 2 10 12 24 26 10 11 14 15 17 26 4 10 13 15 16 17 24 26 13 14 14 17 18 19 20 22 25 26 4 13 14 16 18 19 4 16 17 1 16 17 20 21 22 1 16 19 19 22 23 25 1 7 16 19 21 23 24 25 21 22 8 11 14 22 25 26 0 7 8 16 21 22 24 26 0 10 11 13 14 16 24 25
-122.52036582
cd-8611-a
C H C H C H C H C H C H Cd Cd C C Cd O Cd
0 0 0 0 0 1 2 2 2 2 2 2 3 4 4 4 4 5 6 6 6 7 8 8 8 8 9 10 10 10 10 11 12 13 13 14 14 14 14 15 15 15 15 15 15 16 17 17 18 18
1 2 14 15 18 0 0 3 14 15 17 18 2 5 10 13 14 4 7 8 15 6 6 9 10 12 8 4 8 11 13 10 8 4 10 0 2 4 15 0 2 6 14 16 17 15 2 15 0 2
-100.82072096000002
os-9801-a
C H Os Os H Os C H C H Os Os C H Os C H Os C H Os C H Os C C
0 0 0 0 0 0 0 1 2 2 2 2 3 3 3 3 3 4 4 4 5 5 5 5 5 6 6 6 6 6 6 6 7 7 8 8 8 8 8 8 8 9 9 10 10 10 10 10 10 11 11 11 12 12 12 12 12 12 12 13 13 13 14 14 14 14 15 15 15 15 15 15 15 15 16 16 17 17 17 17 18 18 18 18 18 18 18 19 19 19 20 20 20 20 21 21 21 21 21 21 21 22 22 23 23 23 23 23 23 23 23 23 24 24 24 24 24 24 25 25 25 25 25 25
1 2 3 4 8 23 25 0 0 4 21 25 0 4 6 8 9 0 2 3 6 7 8 15 24 3 5 7 8 17 23 24 5 6 0 3 5 6 9 17 23 3 8 12 13 15 18 19 21 12 13 15 10 11 13 14 15 18 23 10 11 12 12 15 16 24 5 10 11 12 14 16 23 24 14 15 6 8 18 19 10 12 17 19 20 21 23 10 17 18 18 21 22 25 2 10 18 20 22 23 25 20 21 0 6 8 12 15 18 21 24 25 5 6 14 15 23 25 0 2 20 21 23 24
-113.20465601000001
pd-8612-a
Pd C H Pd Pd C H Pd C H Pd Pd C H Pd Pd C H Pd C H C C Pd O Pd
0 0 0 0 1 1 1 1 1 1 1 1 2 2 3 3 3 3 3 3 3 4 5 5 5 5 5 5 5 6 6 6 7 7 7 7 8 8 8 8 8 8 8 9 9 10 10 10 11 11 11 11 11 11 11 12 12 12 12 12 12 13 13 13 14 14 14 14 14 14 15 15 16 16 16 16 16 16 16 17 17 17 18 18 19 19 19 19 19 19 20 20 20 21 21 21 21 21 21 21 22 22 22 22 22 22 23 24 24 24 24 24 25 25
1 2 21 24 0 2 3 5 11 21 23 24 0 1 1 5 6 19 21 22 24 6 1 3 6 21 22 24 25 3 4 5 8 9 12 16 7 9 10 11 12 14 16 7 8 8 12 13 1 8 12 13 16 21 22 7 8 10 11 13 21 10 11 12 8 16 17 19 20 22 16 17 7 8 11 14 15 17 19 14 15 16 19 20 3 14 16 18 20 22 14 18 19 0 1 3 5 11 12 22 3 5 11 14 19 21 1 0 1 3 5 25 5 24
-102.66838838999999
pt-a801-a
Pt Pt C H Pt C H Pt C H Pt C H Pt C H Pt C H C H Pt C H Pt C C
0 0 0 0 0 0 1 1 1 1 2 2 2 2 2 2 2 3 3 3 4 4 4 4 5 5 5 5 5 5 5 6 6 6 7 7 7 7 7 8 8 8 8 8 8 9 9 10 10 10 10 11 11 11 11 11 11 11 12 12 13 13 13 13 13 14 14 14 14 14 14 15 15 16 16 16 16 16 16 17 17 17 17 17 17 17 18 18 18 19 19 19 19 19 19 19 20 20 20 21 21 21 21 22 22 22 22 22 22 22 23 23 24 24 24 24 24 24 24 24 24 24 25 25 25 25 25 25 26 26 26 26 26 26
2 3 5 6 8 11 2 3 19 20 0 1 3 5 10 11 24 0 1 2 5 6 17 18 0 2 4 6 7 8 24 0 4 5 5 8 9 22 25 0 5 7 9 24 25 7 8 2 11 12 26 0 2 10 12 13 24 26 10 11 11 14 15 17 26 13 15 16 17 24 26 13 14 14 17 18 19 20 22 4 13 14 16 18 19 24 4 16 17 1 16 17 20 21 22 24 1 16 19 19 22 23 25 7 16 19 21 23 24 25 21 22 2 5 8 11 14 17 19 22 25 26 7 8 21 22 24 26 10 11 13 14 24 25
-122.39584868000003
cu-97N1-a
C H C H C H Cu C H Cu Cu C H C H C H Cu Cu C Cu C N Cu Cu
0 0 0 0 1 2 2 2 2 2 3 4 4 4 4 5 6 6 6 7 7 7 7 7 7 8 8 9 10 10 10 10 11 11 11 11 11 11 12 12 12 13 13 13 13 14 15 15 15 15 16 17 17 17 18 18 18 18 19 19 19 19 19 19 20 20 20 21 21 21 21 22 22 22 22 22 23 24
1 2 4 17 0 0 3 6 7 17 2 0 5 21 23 4 2 7 8 2 6 8 17 18 19 6 7 12 11 12 15 22 10 12 15 19 20 22 9 10 11 14 15 21 24 13 10 11 13 16 15 0 2 7 7 19 21 22 7 11 18 20 21 22 11 19 22 4 13 18 19 10 11 18 19 20 4 13
-115.77577587999997
au-86S2-a
C H C H C H C H C H C H Au Au C Au C S Au Au Au Au
0 0 0 0 1 2 2 2 2 3 4 4 4 4 5 6 6 6 6 7 8 8 8 8 9 10 10 10 10 11 12 12 13 14 14 14 14 14 15 15 16 16 16 16 16 17 17 17 17 17 18 19 20 21
1 14 17 20 0 3 16 17 19 2 5 6 8 12 4 4 7 16 18 6 4 9 10 12 8 8 11 13 14 10 4 8 10 0 10 15 16 17 14 16 2 6 14 15 17 0 2 14 16 21 6 2 0 17
-98.45478138000001
pt-9801-a
C H Pt Pt H Pt C H C H Pt Pt C H Pt C H Pt C H Pt C H Pt C C
0 0 0 0 0 0 1 2 2 2 3 3 3 3 3 4 4 4 5 5 5 5 5 6 6 6 6 6 6 7 7 8 8 8 8 8 8 8 9 9 10 10 10 10 10 10 11 11 12 12 12 12 12 12 12 13 13 13 14 14 14 14 15 15 15 15 15 15 15 16 16 17 17 17 18 18 18 18 18 18 18 19 19 19 20 20 20 20 21 21 21 21 21 21 21 22 22 23 23 23 23 23 23 23 23 23 24 24 24 24 24 24 25 25 25 25 25 25
1 3 4 8 23 25 0 4 21 25 0 4 6 8 9 0 2 3 6 7 8 15 24 3 5 7 8 23 24 5 6 0 3 5 6 9 17 23 3 8 12 13 15 18 19 21 12 13 10 11 13 14 15 18 23 10 11 12 12 15 16 24 5 10 12 14 16 23 24 14 15 8 18 19 10 12 17 19 20 21 23 10 17 18 18 21 22 25 2 10 18 20 22 23 25 20 21 0 6 8 12 15 18 21 24 25 5 6 14 15 23 25 0 2 20 21 23 24
-112.91067952999998
rh-97N2-a
Rh Rh C H Rh Rh C H Rh C H Rh C H Rh C H Rh Rh C H C H Rh C C N
0 0 0 0 1 1 1 1 2 2 2 2 2 2 3 3 3 4 5 5 5 5 5 5 6 6 6 6 6 6 7 7 7 8 8 8 8 8 9 9 9 9 9 9 9 10 10 10 11 11 11 11 11 12 12 12 12 12 12 12 13 13 14 14 14 14 14 15 15 15 15 15 15 15 16 16 17 17 17 17 17 17 17 17 18 18 18 19 19 19 19 19 19 20 20 20 21 21 21 21 21 21 22 22 22 22 23 23 23 23 23 23 23 23 24 24 24 24 24 24 24 25 25 25 25 25 25 25 26 26 26 26 26 26
2 3 12 24 2 3 9 26 0 1 3 23 24 26 0 1 2 7 6 7 9 10 25 26 5 7 9 14 23 25 4 5 6 9 10 21 22 26 1 5 6 8 10 23 26 5 8 9 12 13 21 22 24 0 11 13 17 21 23 24 11 12 6 15 16 19 25 14 16 17 18 19 23 25 14 15 12 15 19 20 21 22 24 25 15 19 20 14 15 17 18 20 21 17 18 19 8 11 12 17 19 22 8 11 17 21 2 6 9 12 15 24 25 26 0 2 11 12 17 23 25 5 6 14 15 17 23 24 1 2 5 8 9 23
-117.95660299000002
au-97N1-a
C H C H C H C H C H C H C H Au Au C Au C N Au Au Au Au
0 0 0 0 1 2 2 2 2 3 4 4 4 4 5 6 6 6 6 7 8 8 8 8 8 9 10 10 10 10 11 12 12 12 12 13 14 14 15 16 16 16 16 16 17 17 18 18 18 18 19 19 19 20 21 22 22 23
1 2 4 14 0 0 3 6 14 2 0 5 18 20 4 2 7 15 16 6 9 12 16 19 22 8 11 12 18 21 10 8 10 13 22 12 0 2 6 6 8 17 18 19 16 18 4 10 16 17 8 16 23 4 10 8 12 19
-115.75444120999998
os-8611-a
Os C H Os C H Os Os C H Os Os C H Os C H Os C H C C Os O Os
0 0 0 0 0 1 1 1 1 1 1 1 2 2 3 3 3 3 4 4 4 4 4 4 4 4 5 5 6 6 6 6 6 6 7 7 8 8 8 8 8 8 9 9 9 10 10 10 11 11 11 11 11 11 11 11 11 12 12 12 12 12 12 13 13 13 14 14 14 14 15 15 15 15 15 15 15 16 16 17 17 18 18 18 18 18 18 18 19 19 19 20 20 20 20 20 20 21 21 21 21 21 21 22 22 23 23 23 23 23 24 24
1 2 4 8 20 0 2 3 4 11 20 24 0 1 1 4 5 23 0 1 3 5 11 21 23 24 3 4 8 9 15 18 19 20 8 9 0 6 7 9 18 20 6 7 8 12 13 15 1 4 12 13 15 18 20 21 23 10 11 13 14 15 21 10 11 12 12 15 16 18 6 10 11 12 14 16 18 14 15 18 19 6 8 11 14 15 17 19 6 17 18 0 1 6 8 11 21 4 11 12 20 22 23 21 23 3 4 11 21 22 1 4
-103.08208228000001
cd-86S1-a
C H C H C H C H C H C H Cd Cd C Cd C S Cd Cd
0 0 0 0 1 2 2 2 2 3 4 4 4 4 5 6 6 6 7 8 8 8 8 9 10 10 10 10 11 12 12 13 14 14 14 14 15 16 16 16 17 17 17 17 18 19
1 2 14 17 0 0 3 17 18 2 5 10 13 14 4 7 8 16 6 6 9 10 12 8 4 8 11 12 10 8 10 4 0 4 15 16 14 6 14 17 0 2 16 19 2 17
-98.55353713
ni-8611-a
Ni Ni C H Ni C H Ni Ni C H Ni Ni C H C H Ni C H Ni C Ni C Ni O
0 0 0 1 1 1 1 2 2 2 2 2 2 2 3 3 3 4 4 4 4 5 5 5 5 5 5 5 5 5 6 6 7 7 7 7 7 7 7 7 8 8 9 9 9 9 9 9 9 10 10 10 11 11 11 11 11 12 12 12 13 13 13 13 13 13 13 14 14 14 15 15 15 15 15 15 16 16 17 17 17 17 18 18 18 18 18 18 19 19 19 20 21 21 21 21 21 21 22 22 22 22 22 22 23 23 23 23 23 23 23 23 24 24 24 25 25 25 25 25
2 3 5 2 3 9 21 0 1 3 4 5 21 22 0 1 2 2 5 6 25 0 2 4 6 17 22 23 24 25 4 5 9 10 13 15 18 19 21 23 9 10 1 7 8 10 18 20 21 7 8 9 13 14 15 16 18 13 14 23 7 11 12 14 15 22 23 11 12 13 7 11 13 16 17 18 11 15 5 15 18 19 7 9 11 15 17 19 7 17 18 9 1 2 7 9 22 23 2 5 13 21 23 25 5 7 12 13 21 22 24 25 5 23 25 4 5 22 23 24
-102.30430798999998
ir-8612-a
Ir C H Ir Ir C H Ir C H Ir Ir C H Ir Ir C H Ir C H C Ir C O Ir
0 0 0 0 1 1 1 1 1 1 1 1 2 2 3 3 3 3 3 3 3 4 4 5 5 5 5 5 5 5 6 6 6 7 7 7 7 8 8 8 8 8 8 8 9 9 10 10 10 11 11 11 11 11 11 11 12 12 12 12 12 12 13 13 13 14 14 14 14 14 14 15 15 16 16 16 16 16 16 16 17 17 17 18 18 18 19 19 19 19 19 19 20 20 20 21 21 21 21 21 21 21 22 22 23 23 23 23 23 23 23 24 24 24 24 24 25 25
1 2 21 24 0 2 3 5 11 21 22 24 0 1 1 5 6 19 21 23 24 5 6 1 3 4 6 23 24 25 3 4 5 8 9 12 16 7 9 10 11 12 14 16 7 8 8 12 13 1 8 12 13 16 21 23 7 8 10 11 13 21 10 11 12 8 16 17 19 20 23 16 17 7 8 11 14 15 17 19 14 15 16 19 20 23 3 14 16 18 20 23 14 18 19 0 1 3 11 12 22 23 1 21 3 5 11 14 18 19 21 0 1 3 5 25 5 24
-102.70841593
cu-87N1-a
Cu N H C H C H Cu C H Cu C H Cu C H Cu C H Cu C C Cu Cu
0 0 0 0 1 1 1 1 1 1 2 2 3 3 3 3 3 3 3 4 5 5 5 5 5 5 5 6 7 7 8 8 8 8 8 8 9 9 10 10 11 11 11 11 11 11 12 12 13 13 13 13 14 14 14 14 15 15 16 16 16 16 17 17 17 17 18 18 19 19 19 19 20 20 20 20 20 20 21 21 21 21 21 21 21 22 23 23
1 2 5 21 0 2 3 5 20 21 0 1 1 4 5 19 20 22 23 3 0 1 3 6 20 21 23 5 8 9 7 9 13 14 19 20 7 8 11 12 10 12 13 14 16 17 10 11 8 11 14 15 8 11 13 15 13 14 11 17 18 21 11 16 18 21 16 17 3 8 20 21 1 3 5 8 19 21 0 1 5 16 17 19 20 3 3 5
-107.0466116
ni-9802-a
Ni Ni C H H Ni C H Ni Ni C H Ni C H Ni C H Ni Ni C H C H Ni C C Ni
0 0 0 1 1 1 1 1 2 2 2 2 2 2 2 3 3 3 4 5 5 5 5 5 6 6 6 6 6 6 7 7 8 8 8 9 9 9 9 10 10 10 10 10 10 10 11 11 11 12 12 12 13 13 13 13 13 13 13 14 14 14 15 15 15 15 16 16 16 16 16 16 16 16 17 17 18 18 19 19 19 19 19 19 19 20 20 20 20 20 20 20 21 21 21 22 22 22 22 22 22 22 23 23 24 24 24 24 24 24 24 25 25 25 25 25 25 25 26 26 26 26 26 26 26 27 27 27
2 3 20 2 3 22 23 25 0 1 3 4 19 20 22 0 1 2 2 6 7 10 13 14 5 7 8 10 13 24 5 6 6 10 11 10 11 22 25 5 6 8 9 11 24 25 8 9 10 13 14 16 5 6 12 14 15 16 24 5 12 13 13 16 17 26 12 13 15 17 19 24 26 27 15 16 20 21 2 16 20 21 22 25 26 0 2 18 19 21 26 27 18 19 20 1 2 9 19 23 24 25 1 22 6 10 13 16 22 25 26 1 9 10 19 22 24 26 15 16 19 20 24 25 27 16 20 26
-112.69199997999999
ru-86S2-a
Ru C H Ru C H Ru Ru C H Ru C H Ru C H Ru C H Ru C C Ru S Ru
0 0 0 0 0 1 1 1 1 1 1 1 2 2 3 3 3 3 3 4 4 4 4 4 4 4 5 5 6 6 6 6 6 6 6 6 7 7 7 7 8 8 8 8 8 8 9 9 9 10 10 10 10 11 11 11 11 11 11 11 12 12 13 13 13 13 14 14 14 14 14 14 15 15 15 16 16 16 16 17 17 17 17 17 17 17 18 18 19 19 19 19 19 19 19 20 20 20 20 20 20 20 21 21 21 21 21 21 21 22 22 22 23 23 23 23 23 23 23 23 23 24
1 2 17 20 23 0 2 7 19 20 22 23 0 1 4 5 11 21 23 3 5 13 19 21 22 23 3 4 8 9 11 14 15 17 20 21 1 8 9 23 6 7 9 10 11 14 6 7 8 8 11 12 21 3 6 8 10 12 19 21 10 11 4 14 15 23 6 8 13 15 16 17 6 13 14 14 17 18 20 0 6 14 16 18 19 20 16 17 1 4 11 17 20 21 23 0 1 6 16 17 19 21 3 4 6 10 11 19 20 1 4 23 0 1 3 4 7 13 19 22 24 23
-101.18823698
au-97N2-a
C H C H C H C H C H C H C H Au C Au C Au N Au Au
0 0 0 0 0 1 2 2 2 2 3 4 4 4 4 4 5 6 6 6 7 8 8 8 8 9 10 10 10 10 11 12 12 12 12 13 14 14 15 15 15 15 16 16 17 17 17 18 19 19 19 20 20 21
1 4 15 16 19 0 3 4 17 20 2 0 2 5 19 20 4 7 12 15 6 9 10 17 18 8 8 11 12 14 10 6 10 13 14 12 10 12 0 6 16 17 0 15 2 8 15 8 0 4 21 2 4 19
-115.72877850999998
au-9801-a
C H Au H C H C H C H Au C H C H C H Au C Au C Au Au Au
0 0 0 0 1 2 3 3 4 4 4 4 5 6 6 6 6 6 7 8 8 8 8 9 10 10 11 11 11 11 12 12 13 13 13 13 14 15 15 15 15 16 17 17 18 18 18 18 18 19 19 20 20 20 20 21 22 23
1 3 6 20 0 3 0 2 5 6 18 22 4 0 4 7 18 23 6 9 11 13 17 8 11 12 8 10 12 18 10 11 8 14 15 17 13 13 16 20 21 15 8 13 4 6 11 19 20 18 20 0 15 18 19 15 4 6
-111.02904673
ag-a801-a
C H C H Ag C H Ag C H Ag C H C H C H Ag C H Ag C Ag C Ag
0 0 0 0 1 2 2 2 2 3 4 4 5 5 5 5 6 6 7 7 8 8 8 8 9 9 10 10 11 11 11 11 12 12 13 13 13 13 14 15 15 15 15 16 17 17 18 18 18 18 19 19 20 20 21 21 21 21 22 22 23 23 23 23 24 24
1 2 8 20 0 0 3 5 20 2 5 6 2 4 6 21 4 5 8 9 0 7 9 23 7 8 11 12 10 12 13 23 10 11 11 14 15 24 13 13 16 18 24 15 18 19 15 17 19 21 17 18 0 2 5 18 22 23 21 23 8 11 21 22 13 15
-120.49103716000002
pd-9801-a
C H Pd Pd H Pd C H C H Pd Pd C H Pd C H Pd C H Pd C H Pd C C
0 0 0 0 0 0 1 2 2 2 3 3 3 3 3 4 4 4 5 5 5 5 5 6 6 6 6 6 6 7 7 8 8 8 8 8 8 8 9 9 10 10 10 10 10 10 11 11 12 12 12 12 12 12 12 13 13 13 14 14 14 14 15 15 15 15 15 15 15 16 16 17 17 17 18 18 18 18 18 18 18 19 19 19 20 20 20 20 21 21 21 21 21 21 21 22 22 23 23 23 23 23 23 23 23 23 24 24 24 24 24 24 25 25 25 25 25 25
1 3 4 8 23 25 0 4 21 25 0 4 6 8 9 0 2 3 6 7 8 15 24 3 5 7 8 23 24 5 6 0 3 5 6 9 17 23 3 8 12 13 15 18 19 21 12 13 10 11 13 14 15 18 23 10 11 12 12 15 16 24 5 10 12 14 16 23 24 14 15 8 18 19 10 12 17 19 20 21 23 10 17 18 18 21 22 25 2 10 18 20 22 23 25 20 21 0 6 8 12 15 18 21 24 25 5 6 14 15 23 25 0 2 20 21 23 24
-113.07024697
pt-87N1-a
Pt Pt N H Pt C H C H Pt C H Pt Pt C H Pt C H Pt C H Pt C C
0 0 0 0 1 1 1 1 1 2 2 2 2 2 2 3 3 3 4 4 4 4 4 5 5 5 5 5 5 6 6 7 7 7 7 7 7 7 8 8 9 9 9 9 10 10 10 10 10 10 10 11 11 12 12 12 12 12 12 13 13 14 14 14 14 14 14 14 15 15 15 16 16 17 17 17 17 17 17 17 18 18 18 19 19 19 19 20 20 20 20 20 20 20 21 21 22 22 22 22 22 22 22 22 22 23 23 23 23 23 23 24 24 24 24 24 24 24
2 3 20 24 2 3 5 7 8 0 1 3 7 22 24 0 1 2 5 6 7 10 23 1 4 6 7 22 23 4 5 1 2 4 5 8 22 24 1 7 10 11 17 23 4 9 11 12 17 22 23 9 10 10 14 15 17 18 20 14 15 12 13 15 17 19 20 22 12 13 14 17 18 9 10 12 14 16 18 22 12 16 17 14 20 21 24 0 12 14 19 21 22 24 19 20 2 5 7 10 14 17 20 23 24 4 5 9 10 22 24 0 2 7 19 20 22 23
-108.47604352000002
cd-8612-a
C H C H C H C H C H C H Cd Cd C C Cd Cd O
0 0 0 0 0 0 1 2 2 2 2 2 2 3 4 4 4 5 6 6 6 6 7 8 8 8 8 9 10 10 10 10 11 12 12 13 13 14 14 14 14 14 15 15 15 15 15 16 16 17 18 18
1 2 14 15 17 18 0 0 3 14 15 16 18 2 5 6 8 4 4 7 13 14 6 4 9 10 12 8 8 11 12 15 10 8 10 6 14 0 2 6 13 15 0 2 10 14 16 2 15 0 0 2
-100.29685183000001
au-8611-a
C H C H C H C H C H C H Au Au C Au C O Au
0 0 0 0 1 2 2 2 2 2 2 3 4 4 4 4 5 6 6 6 7 8 8 8 8 9 10 10 10 10 11 12 13 13 14 14 14 14 14 15 15 16 16 16 16 16 17 17 18 18
1 2 14 18 0 0 3 14 16 17 18 2 5 10 13 14 4 7 8 16 6 6 9 10 12 8 4 8 11 13 10 8 4 10 0 2 4 15 16 14 16 2 6 14 15 17 2 16 0 2
-101.05082587000001
ir-8611-a
Ir C H Ir C H Ir C H Ir C H Ir Ir C H Ir C H Ir C C Ir O
0 0 0 0 0 1 1 1 1 1 1 1 2 2 3 3 3 3 4 4 4 4 4 4 4 4 5 5 6 6 6 6 7 7 7 7 7 7 7 7 8 8 9 9 9 9 10 10 10 10 10 10 10 11 11 12 12 12 12 13 13 13 13 13 13 14 14 14 14 14 14 14 15 15 15 16 16 16 17 17 17 17 17 17 17 18 18 18 19 19 19 19 19 19 19 19 19 20 20 20 20 20 20 21 21 21 21 21 21 21 22 22 22 23 23 23 23 23
1 2 4 7 20 0 2 3 4 12 19 20 0 1 1 4 5 23 0 1 3 5 12 19 21 23 3 4 7 8 17 20 0 6 8 13 16 17 19 20 6 7 10 11 14 21 9 11 13 14 19 21 22 9 10 1 4 14 15 7 10 14 15 17 18 9 10 12 13 15 17 19 12 13 14 7 17 18 6 7 13 14 16 18 19 13 16 17 1 4 7 10 14 17 20 21 23 0 1 6 7 19 21 4 9 10 19 20 22 23 10 21 23 3 4 19 21 22
-102.87825526999995
ru-8611-a
Ru Ru Ru C H C H Ru Ru C H Ru Ru C H C H Ru C H Ru C C Ru O
0 0 1 1 1 1 1 2 2 2 2 2 3 3 3 3 3 3 3 4 4 4 4 5 5 5 5 5 5 5 5 6 6 7 7 7 7 7 7 8 9 9 9 9 9 9 10 10 10 10 11 11 11 11 11 12 12 12 12 13 13 13 13 13 13 14 14 14 15 15 15 15 15 15 15 16 16 17 17 17 17 18 18 18 18 18 18 18 19 19 19 20 20 20 20 20 20 20 20 20 21 21 21 21 21 21 22 22 22 22 22 22 22 23 23 23 24 24 24 24 24 24
3 4 3 4 9 10 21 3 4 5 6 24 0 1 2 4 5 20 21 0 1 2 3 2 3 6 17 20 22 23 24 2 5 9 10 15 18 19 21 10 1 7 10 18 20 21 1 7 8 9 13 14 15 16 18 13 14 22 24 11 12 14 15 20 22 11 12 13 7 11 13 16 17 18 20 11 15 5 15 18 19 7 9 11 15 17 19 20 7 17 18 3 5 9 13 15 18 21 22 24 1 3 7 9 20 22 5 12 13 20 21 23 24 5 22 24 2 5 12 20 22 23
-102.68357498999995
ru-8612-a
Ru C H Ru Ru C H Ru C H Ru Ru Ru C H Ru Ru C H Ru C H C C O Ru
0 0 0 0 1 1 1 1 1 1 1 1 2 2 3 3 3 3 3 3 3 4 4 5 5 5 5 5 5 5 5 5 6 6 6 7 7 7 7 7 8 8 8 8 8 8 8 9 9 10 10 10 11 11 11 11 11 11 11 11 12 12 12 12 13 13 13 13 13 13 13 14 14 14 14 15 15 15 15 15 15 16 16 17 17 17 17 17 17 17 18 18 18 18 19 19 19 19 20 20 20 20 20 20 20 21 21 21 22 22 22 22 22 22 22 22 23 23 23 23 23 23 23 24 24 24 24 24 25 25
1 2 22 24 0 2 3 5 11 12 22 24 0 1 1 5 6 20 22 23 24 5 6 1 3 4 6 19 22 23 24 25 3 4 5 8 9 13 17 18 7 9 10 11 13 15 17 7 8 8 13 14 1 8 13 14 17 20 22 23 1 13 14 22 7 8 10 11 12 14 22 10 11 12 13 8 17 18 20 21 23 17 18 7 8 11 15 16 18 20 7 15 16 17 5 20 21 23 3 11 15 17 19 21 23 15 19 20 0 1 3 5 11 12 13 23 3 5 11 15 19 20 22 0 1 3 5 25 5 24
-102.83915671000005
au-86S1-a
C H C H C H C H C H C H Au Au C Au C S Au Au Au Au
0 0 0 0 0 1 2 2 2 2 3 4 4 4 4 5 6 6 6 6 7 8 8 8 8 9 10 10 10 10 11 12 12 13 14 14 14 14 15 15 16 16 16 16 17 17 17 17 18 19 20 21
1 2 14 17 19 0 0 3 17 20 2 5 10 13 14 4 7 8 16 18 6 6 9 10 12 8 4 8 11 12 10 8 10 4 0 4 15 16 14 16 6 14 15 17 0 2 16 21 6 0 2 17
-98.81088783000001
ru-86S1-a
Ru Ru C H C H Ru C H Ru C H Ru Ru C H Ru C H Ru C C Ru S Ru Ru
0 0 0 0 1 1 1 1 2 2 2 2 2 2 3 3 3 4 4 4 4 4 4 4 5 5 6 6 6 6 7 7 7 7 7 7 7 8 8 9 9 9 9 9 10 10 10 10 10 10 10 11 11 12 12 12 12 12 12 12 13 13 13 14 14 14 14 14 14 14 15 15 15 16 16 16 16 17 17 17 17 17 17 17 18 18 18 19 19 19 19 19 19 19 19 19 20 20 20 20 20 20 21 21 21 21 21 21 21 22 22 22 23 23 23 23 23 23 23 23 24 25
2 3 7 20 2 3 4 5 0 1 3 4 19 20 0 1 2 1 2 5 16 19 22 23 1 4 7 8 17 20 0 6 8 12 17 19 20 6 7 10 11 14 21 23 9 11 12 13 14 19 21 9 10 7 10 14 15 17 18 21 10 14 15 9 10 12 13 15 17 19 12 13 14 4 17 18 23 6 7 12 14 16 18 19 12 16 17 2 4 7 10 14 17 20 21 23 0 2 6 7 19 21 9 10 12 19 20 22 23 4 21 23 4 9 16 19 21 22 24 25 23 23
-101.19950889
ru-87N1-a
Ru N H Ru Ru C H C H Ru C H Ru Ru C H Ru C H Ru C H Ru C C
0 0 0 0 1 1 1 1 1 1 1 1 2 2 3 3 3 3 4 4 4 4 4 5 5 5 5 5 5 6 6 6 7 7 7 7 7 7 7 8 8 9 9 9 9 10 10 10 10 10 10 10 11 11 12 12 12 12 12 12 13 13 13 14 14 14 14 14 14 14 15 15 15 16 16 16 16 17 17 17 17 17 17 17 18 18 18 18 19 19 19 19 19 20 20 20 20 20 20 20 21 21 22 22 22 22 22 22 22 22 22 23 23 23 23 23 24 24 24 24 24 24
1 2 7 24 0 2 4 7 16 19 22 24 0 1 5 6 10 23 1 5 6 7 8 3 4 6 7 22 23 3 4 5 0 1 4 5 8 16 22 4 7 10 11 17 18 3 9 11 12 17 22 23 9 10 10 14 15 17 18 20 14 15 20 12 13 15 17 19 20 22 12 13 14 1 7 17 18 9 10 12 14 16 18 22 9 12 16 17 1 14 20 21 24 12 13 14 19 21 22 24 19 20 1 5 7 10 14 17 20 23 24 3 5 10 22 24 0 1 19 20 22 23
-108.81917699000002
zn-9802-a
Zn C H H C H C H C H C H Zn C H Zn C H Zn C C Zn
0 1 1 1 1 1 1 2 2 3 4 4 4 5 6 6 6 6 7 8 8 8 9 10 10 10 10 11 12 12 12 12 12 12 13 13 13 13 14 14 15 15 15 15 16 16 16 16 16 17 17 18 18 18 19 19 19 19 19 19 20 20 20 20 20 20 21 21
2 2 3 12 13 15 16 0 1 1 5 6 8 4 4 7 18 19 6 4 9 10 8 8 11 20 21 10 1 13 14 16 19 20 1 12 14 20 12 13 1 16 17 19 1 12 15 17 19 15 16 6 19 20 6 12 15 16 18 20 10 12 13 18 19 21 10 20
-110.27640973999999
au-a801-a
C H C H C H C H C H C H C H C H Au Au C Au C Au Au Au Au
0 0 0 0 1 2 2 2 2 3 4 4 4 4 5 6 6 6 6 7 8 8 8 8 9 10 10 10 10 11 12 12 12 12 13 14 14 14 14 15 16 16 17 18 18 18 18 19 19 20 20 20 20 21 22 23 23 24
1 2 6 16 0 0 3 4 16 2 2 5 17 18 4 0 7 20 21 6 9 10 20 22 8 8 11 12 23 10 10 13 14 23 12 12 15 18 24 14 0 2 4 4 14 19 20 18 20 6 8 18 19 6 8 10 12 14
-120.54957295000003
os-8612-a
Os C H Os Os C H Os C H Os Os Os C H Os Os C H Os C H C C O Os
0 0 0 0 1 1 1 1 1 1 1 1 2 2 3 3 3 3 3 3 3 4 4 5 5 5 5 5 5 5 5 6 6 6 7 7 7 7 7 8 8 8 8 8 8 8 9 9 10 10 10 11 11 11 11 11 11 11 11 12 12 12 13 13 13 13 13 13 14 14 14 14 15 15 15 15 15 15 16 16 17 17 17 17 17 17 17 18 18 18 18 19 19 19 20 20 20 20 20 20 20 21 21 21 22 22 22 22 22 22 22 22 23 23 23 23 23 23 23 24 24 24 24 24 25 25
1 2 22 24 0 2 3 5 11 12 22 24 0 1 1 5 6 20 22 23 24 5 6 1 3 4 6 22 23 24 25 3 4 5 8 9 13 17 18 7 9 10 11 13 15 17 7 8 8 13 14 1 8 13 14 17 20 22 23 1 14 22 7 8 10 11 14 22 10 11 12 13 8 17 18 20 21 23 17 18 7 8 11 15 16 18 20 7 15 16 17 20 21 23 3 11 15 17 19 21 23 15 19 20 0 1 3 5 11 12 13 23 3 5 11 15 19 20 22 0 1 3 5 25 5 24
-102.90672638000001
ag-87N2-a
Ag N H Ag C H Ag C H C H Ag C H C H Ag C H Ag Ag C C
0 0 1 1 1 1 1 1 2 2 3 3 4 4 4 4 4 5 5 6 6 7 7 7 7 7 8 8 9 9 9 9 9 10 11 11 11 12 12 12 12 13 13 14 14 14 14 15 16 16 17 17 17 17 17 18 18 19 19 20 20 20 20 20 21 21 21 21 21 22 22 22 22 22
1 2 0 2 4 7 21 22 0 1 4 5 1 3 5 20 21 3 4 7 8 1 6 8 20 22 6 7 10 11 12 14 19 9 9 12 13 9 11 13 22 11 12 9 15 17 19 14 17 18 14 16 18 20 21 16 17 9 14 4 7 17 21 22 1 4 17 20 22 1 7 12 20 21
-106.61071573000001
rh-9802-a
Rh Rh Rh C H H Rh C H Rh Rh Rh C H Rh C H Rh C H Rh Rh C H C H C C
0 0 1 1 1 1 1 1 1 2 2 2 2 2 3 3 3 3 3 3 4 4 4 4 5 6 6 6 6 6 7 7 7 7 7 7 8 8 9 9 9 10 10 10 10 11 11 11 11 11 11 11 11 12 12 12 12 12 12 12 13 13 13 13 14 14 14 15 15 15 15 15 15 15 16 16 16 17 17 17 17 18 18 18 18 18 18 18 19 19 20 20 20 20 21 21 22 22 22 22 22 22 22 23 23 23 23 24 24 24 24 24 24 24 25 25 26 26 26 26 26 26 26 27 27 27 27 27 27 27
4 22 3 4 22 23 24 26 27 3 4 24 25 26 1 2 4 5 22 24 0 1 2 3 3 7 8 12 15 16 6 8 9 11 12 15 6 7 7 12 13 12 13 24 26 7 12 13 15 18 24 26 27 6 7 9 10 11 13 26 9 10 11 12 15 16 18 6 7 11 14 16 17 18 6 14 15 15 18 19 27 11 14 15 17 19 20 27 17 18 18 22 23 27 22 23 0 1 3 20 21 23 27 1 20 21 22 1 2 3 10 11 25 26 2 24 1 2 10 11 12 24 27 1 11 17 18 20 22 26
-113.30077999000002
zn-a801-a
C H C H C H C H C H C H C H C H C C
0 0 0 1 2 2 2 3 4 4 4 5 6 6 6 7 8 8 8 9 10 10 10 11 12 12 12 13 14 14 14 15 16 16 16 17 17 17
1 2 6 0 0 3 4 2 2 5 16 4 0 7 17 6 9 10 17 8 8 11 12 10 10 13 14 12 12 15 16 14 4 14 17 6 8 16
-120.36621790000001
au-9802-a
Au Au C H H C H C H C H C H Au C H C H Au C C Au
0 1 1 1 1 1 2 2 2 2 2 2 3 3 3 4 5 5 5 6 7 7 7 7 8 9 9 9 10 11 11 11 11 12 13 13 13 13 13 13 14 14 14 14 15 15 16 16 16 16 16 17 17 18 18 18 19 19 19 19 19 19 20 20 20 20 20 21
3 2 3 16 17 19 1 3 4 13 14 16 0 1 2 2 6 7 9 5 5 8 18 19 7 5 10 11 9 9 12 20 21 11 2 14 15 16 19 20 2 13 15 20 13 14 1 2 13 17 19 1 16 7 19 20 1 7 13 16 18 20 11 13 14 18 19 11
-110.39279498000002
os-9802-a
Os Os C H H Os C H Os Os Os C H Os Os C H C H Os Os C H C H C C Os
0 0 1 1 1 1 1 2 2 2 2 2 2 3 3 3 4 5 5 5 5 5 6 6 6 6 6 6 7 7 8 8 8 9 9 9 10 10 10 10 10 10 10 10 11 11 11 11 11 11 12 12 12 12 13 13 14 14 14 14 14 15 15 15 15 15 15 15 16 16 16 16 17 17 17 17 17 17 17 18 18 19 19 20 20 20 20 20 20 20 21 21 21 21 21 21 21 22 22 22 23 23 23 23 23 23 23 24 24 25 25 25 25 25 25 25 26 26 26 26 26 26 27 27
3 21 2 3 23 24 25 1 3 4 20 21 23 0 1 2 2 6 7 11 15 16 5 7 8 10 11 15 5 6 6 11 12 12 23 25 6 11 12 15 17 23 25 26 5 6 8 10 12 25 8 9 10 11 15 16 15 16 17 18 26 5 6 10 13 14 16 17 5 13 14 15 10 14 15 18 20 26 27 14 17 21 22 2 17 21 22 23 25 26 0 2 19 20 22 26 27 19 20 21 1 2 9 10 20 24 25 1 23 1 9 10 11 20 23 26 10 14 17 20 21 25 17 21
-113.5095867
cd-9802-a
Cd Cd C H H C H C H C H Cd C H Cd C H C H Cd Cd C C
0 1 1 1 1 1 2 2 2 2 2 2 3 3 3 4 5 5 5 6 7 7 7 7 8 9 9 9 9 10 11 11 12 12 12 12 13 13 14 14 14 14 14 14 15 15 15 15 16 16 17 17 17 17 17 18 18 19 20 20 20 21 21 21 21 21 21 22 22 22 22 22
3 2 3 17 18 21 1 3 4 14 15 17 0 1 2 2 6 7 9 5 5 8 20 21 7 5 10 12 19 9 12 13 9 11 13 22 11 12 2 15 16 17 21 22 2 14 16 22 14 15 1 2 14 18 21 1 17 9 7 21 22 1 7 14 17 20 22 12 14 15 20 21
-110.12192582
ru-a801-a
Ru Ru Ru C H C H Ru Ru C H Ru C H Ru C H Ru C H Ru C H Ru C H C C Ru
0 0 0 0 0 0 1 1 2 2 2 2 2 2 2 2 3 3 3 3 3 3 4 4 4 4 5 5 5 5 6 6 7 7 8 8 8 8 8 8 9 9 9 9 9 9 9 10 10 10 10 11 11 11 11 12 12 12 12 12 12 13 13 13 14 14 14 14 14 14 14 14 15 15 15 15 15 15 16 16 16 17 17 17 18 18 18 18 18 18 19 19 19 20 20 20 20 20 21 21 21 21 21 21 22 22 23 23 24 24 24 24 24 24 24 25 25 25 25 26 26 26 26 26 26 27 27 27 27 27 27 28
3 4 5 6 9 10 3 4 3 4 9 12 13 15 26 27 0 1 2 4 5 12 0 1 2 3 0 3 6 9 0 5 9 10 9 10 24 25 26 27 0 2 5 7 8 10 26 0 7 8 9 12 13 15 16 2 3 11 13 14 27 2 11 12 12 15 16 18 19 24 26 27 2 11 14 16 18 27 11 14 15 18 19 21 14 15 17 19 20 21 14 17 18 18 21 22 24 25 17 18 20 22 24 28 20 21 24 25 8 14 20 21 23 25 26 8 20 23 24 2 8 9 14 24 27 2 8 12 14 15 26 21
-123.18045390000003
