rh-9801-a
C H Rh H Rh C H C H C H Rh C H C H Rh C H Rh Rh C C Rh
0 0 0 0 0 0 1 2 2 3 3 4 4 4 4 5 5 5 5 5 5 6 6 7 7 7 7 7 8 9 9 9 9 9 10 11 11 11 11 12 12 12 12 12 12 13 13 14 14 14 14 14 15 16 16 16 16 17 17 17 17 17 17 18 18 19 19 19 19 20 20 20 20 20 21 21 21 21 21 21 22 22 22 22 22 23 23 23
1 2 3 7 22 23 0 0 3 0 2 5 6 7 21 4 6 7 20 21 23 4 5 0 4 5 8 23 7 10 11 12 14 19 9 9 12 13 21 9 11 13 19 20 21 11 12 9 15 16 17 19 14 14 17 18 22 14 16 18 19 20 22 16 17 9 12 14 17 5 12 17 21 22 4 5 11 12 20 22 0 16 17 20 21 0 5 7
-113.28997107999999
cu-97N2-a
C H C H C H C H C H C H C H C C Cu Cu N Cu
0 0 0 0 0 1 2 2 2 2 3 4 4 4 4 4 5 6 6 6 7 8 8 8 9 10 10 10 11 12 12 12 13 14 14 14 15 15 15 16 17 17 17 18 18 18 19 19
1 14 16 17 18 0 3 4 15 19 2 2 5 17 18 19 4 7 12 14 6 9 10 15 8 8 11 12 10 6 10 13 12 0 6 15 2 8 14 0 0 4 18 0 4 17 2 4
-115.79943139
zn-87N2-a
N H C H C H C H C H C H C H C C
0 0 0 1 2 2 2 3 4 4 4 5 6 6 6 7 8 8 8 9 10 10 10 11 12 12 12 13 14 14 14 15 15 15
1 2 4 0 0 3 14 2 0 5 15 4 7 8 10 6 6 9 15 8 6 11 12 10 10 13 14 12 2 12 15 4 8 14
-106.46565769
pd-9802-a
Pd C H H Pd C H C H C H C H C H C H Pd Pd C Pd Pd C
0 1 1 1 1 1 2 2 3 4 4 4 4 5 5 5 5 5 6 6 7 7 7 7 7 8 9 9 9 9 9 10 11 11 11 11 12 13 13 13 13 14 15 15 15 15 15 16 17 17 17 18 18 18 18 18 19 19 19 19 19 19 20 20 20 21 21 21 22 22 22 22 22 22
2 2 3 13 15 21 0 1 1 5 6 7 9 4 6 7 9 18 4 5 4 5 8 18 19 7 4 5 10 11 17 9 9 12 17 22 11 1 14 20 22 13 1 16 18 19 21 15 9 11 22 5 7 15 19 22 7 15 18 20 21 22 13 19 22 1 15 19 11 13 17 18 19 20
-113.00045979000001
zn-8612-a
C H C H C H C H C H C H C C O
0 0 0 1 2 2 2 3 4 4 4 5 6 6 6 7 8 8 8 9 10 10 10 11 12 12 12 13 13 13 14 14
1 12 14 0 3 13 14 2 5 6 8 4 4 7 12 6 4 9 10 8 8 11 13 10 0 6 13 2 10 12 0 2
-100.36620980000001
ru-97N1-a
C H C H C H Ru C H C H C H C H Ru Ru Ru Ru C Ru C N Ru Ru Ru
0 0 0 0 0 0 1 2 2 2 2 2 3 4 4 4 4 4 5 6 6 6 6 7 7 7 7 7 7 8 8 9 9 9 9 9 10 11 11 11 11 12 13 13 13 13 13 13 14 15 15 15 15 16 17 17 17 18 18 18 18 19 19 19 19 19 19 20 20 20 21 21 21 21 21 21 22 22 22 22 22 23 23 23 24 25 25 25
1 2 4 15 16 17 0 0 3 6 7 15 2 0 5 15 17 21 4 2 7 8 19 2 6 8 15 18 19 6 7 10 13 20 22 25 9 12 13 21 23 11 9 11 14 23 24 25 13 0 2 4 7 0 0 4 21 7 19 21 22 6 7 18 20 21 22 9 19 22 4 11 17 18 19 23 9 18 19 20 25 11 13 21 13 9 13 22
-118.24148831999997
rh-8612-a
C H C H Rh C H C H C H C H Rh Rh C Rh Rh C O
0 0 0 0 0 1 2 2 2 2 3 4 4 4 4 5 5 5 5 5 5 6 6 7 7 7 7 7 8 9 9 9 9 9 10 11 11 11 11 11 12 13 13 13 13 14 14 14 14 14 15 15 15 15 15 15 16 16 16 17 17 17 17 18 18 18 18 18 18 19 19 19
1 14 15 16 19 0 3 17 18 19 2 5 6 7 9 4 6 7 9 13 14 4 5 4 5 8 14 15 7 4 5 10 11 13 9 9 12 13 17 18 11 5 9 11 18 0 5 7 15 18 0 7 14 16 17 18 0 15 19 2 11 15 18 2 11 13 14 15 17 0 2 16
-102.99101107000001
pt-86S1-a
C H C H C H C H C H C H Pt Pt Pt Pt C Pt C S Pt Pt
0 0 0 0 0 0 1 2 2 2 2 2 3 4 4 4 4 4 4 5 6 6 6 6 6 6 7 8 8 8 8 8 9 10 10 10 10 10 11 12 12 12 12 13 13 13 14 14 14 15 15 15 15 15 15 16 16 16 16 16 16 17 17 17 18 18 18 18 18 19 19 19 19 19 20 20 20 21
1 2 15 16 17 20 0 0 3 17 19 20 2 5 10 12 14 15 16 4 7 8 12 13 15 18 6 6 9 10 12 13 8 4 8 11 12 14 10 4 6 8 10 6 8 18 4 10 16 0 4 6 16 18 19 0 4 14 15 17 18 0 2 16 6 13 15 16 19 2 15 18 20 21 0 2 19 19
-100.77777101999999
cu-86S2-a
C H C H C H C H C H C H Cu C Cu C Cu Cu S Cu
0 0 0 0 1 2 2 2 2 3 4 4 4 5 6 6 6 6 7 8 8 8 9 10 10 10 10 11 12 13 13 13 13 14 14 14 15 15 15 15 15 16 16 17 17 17 18 18 18 18 18 19
1 13 14 18 0 3 15 17 18 2 5 6 8 4 4 7 15 16 6 4 9 10 8 8 11 12 13 10 10 0 10 14 15 0 13 18 2 6 13 16 17 6 15 2 15 18 0 2 14 17 19 18
-98.68902752000002
ag-8611-a
C H C H C H C H C H C H C C O
0 0 0 1 2 2 2 3 4 4 4 5 6 6 6 7 8 8 8 9 10 10 10 11 12 12 12 13 13 13 14 14
1 2 12 0 0 3 14 2 5 10 12 4 7 8 13 6 6 9 10 8 4 8 11 10 0 4 13 6 12 14 2 13
-100.99564004000001
ru-9801-a
C H Ru H Ru C H C H C H Ru C H C H Ru C H Ru Ru C C Ru
0 0 0 0 0 0 0 1 2 2 3 3 4 4 4 4 5 5 5 5 5 5 6 6 7 7 7 7 7 8 9 9 9 9 9 10 11 11 11 11 12 12 12 12 12 12 13 13 14 14 14 14 14 15 16 16 16 16 17 17 17 17 17 17 18 18 19 19 19 19 20 20 20 20 20 20 21 21 21 21 21 21 22 22 22 22 22 23 23 23
1 2 3 7 20 22 23 0 0 3 0 2 5 6 7 21 4 6 7 20 21 23 4 5 0 4 5 8 23 7 10 11 12 14 19 9 9 12 13 21 9 11 13 19 20 21 11 12 9 15 16 17 19 14 14 17 18 22 14 16 18 19 20 22 16 17 9 12 14 17 0 5 12 17 21 22 4 5 11 12 20 22 0 16 17 20 21 0 5 7
-112.91224147999998
ru-9802-a
C H H C H C H C H C H C H C H Ru Ru Ru Ru Ru C Ru Ru C
0 0 0 0 0 0 1 2 3 3 3 3 3 4 5 5 5 5 5 5 6 7 7 7 7 7 7 8 9 9 9 9 10 11 11 11 11 12 13 13 13 13 13 14 15 15 15 16 17 17 17 18 18 18 18 18 19 20 20 20 20 20 20 21 21 21 21 22 22 22 23 23 23 23 23 23
1 2 11 13 21 22 0 0 4 5 7 15 18 3 3 6 15 18 19 20 5 3 8 9 15 16 17 7 7 10 17 23 9 0 12 21 23 11 0 14 18 20 22 13 3 5 7 7 7 9 23 3 5 13 20 23 5 5 13 18 21 22 23 0 11 20 23 0 13 20 9 11 17 18 20 21
-113.28464309999998
cu-a801-a
C H C H C H C H C H C H C H C H C C
0 0 0 1 2 2 2 3 4 4 4 5 6 6 6 7 8 8 8 9 10 10 10 11 12 12 12 13 14 14 14 15 16 16 16 17 17 17
1 2 6 0 0 3 4 2 2 5 16 4 0 7 17 6 9 10 17 8 8 11 12 10 10 13 14 12 12 15 16 14 4 14 17 6 8 16
-120.57480509999999
rh-86S1-a
Rh C H C H Rh C H C H C H C H Rh Rh Rh C C Rh S Rh
0 0 0 0 1 1 1 1 1 1 2 2 3 3 3 3 3 4 5 5 5 5 6 6 6 6 6 6 7 7 8 8 8 8 8 8 9 10 10 10 10 10 11 12 12 12 12 12 13 14 14 14 14 15 15 15 16 16 16 16 16 16 17 17 17 17 17 17 18 18 18 18 18 18 19 19 20 20 20 20 20 21 21 21
1 2 3 17 0 2 3 16 17 21 0 1 0 1 4 20 21 3 6 7 12 17 5 7 12 14 16 17 5 6 9 10 14 15 16 18 8 8 11 12 14 15 10 5 6 10 13 14 12 6 8 10 12 8 10 18 1 6 8 17 18 20 0 1 5 6 16 18 8 15 16 17 19 20 18 20 3 16 18 19 21 1 3 20
-101.51757952000003
pt-86S2-a
C H C H C H C H C H C H Pt Pt Pt Pt C Pt C Pt S Pt
0 0 0 0 0 1 2 2 2 2 2 3 4 4 4 4 4 5 6 6 6 6 6 6 7 8 8 8 8 8 9 10 10 10 10 10 10 11 12 12 12 12 13 13 13 14 14 14 15 15 15 15 15 15 16 16 16 16 16 16 17 17 17 18 18 18 18 18 18 19 19 19 20 20 20 20 20 21
1 15 16 17 20 0 3 15 18 19 20 2 5 6 8 12 13 4 4 7 12 13 15 18 6 4 9 10 12 14 8 8 11 12 14 15 16 10 4 6 8 10 4 6 18 8 10 16 0 2 6 10 16 18 0 10 14 15 17 18 0 16 20 2 6 13 15 16 19 2 18 20 0 2 17 19 21 20
-100.81529778999999
ni-87N2-a
N H C H C H C H C H C H C H Ni Ni Ni Ni C C Ni Ni Ni
0 0 0 0 1 2 2 2 2 2 2 3 4 4 4 4 4 4 5 6 6 6 6 6 7 8 8 8 8 8 8 9 10 10 10 10 10 11 12 12 12 12 12 12 13 14 14 14 14 15 15 15 16 16 16 17 17 17 17 17 17 18 18 18 18 18 18 19 19 19 19 19 19 20 20 21 21 22 22 22
1 2 4 22 0 0 3 17 18 21 22 2 0 5 17 19 20 22 4 7 8 10 14 15 6 6 9 14 15 17 19 8 6 11 12 14 16 10 10 13 14 16 17 18 12 6 8 10 12 6 8 19 10 12 18 2 4 8 12 18 19 2 12 16 17 19 21 4 8 15 17 18 20 4 19 2 18 0 2 4
-108.25941876000002
zn-87N1-a
N H C H C H C H C H C H C H C C
0 0 0 1 2 2 2 3 4 4 4 5 6 6 6 7 8 8 8 9 10 10 10 11 12 12 12 13 14 14 14 15 15 15
1 4 15 0 3 4 14 2 0 2 5 4 7 10 14 6 9 10 12 8 6 8 11 10 8 13 15 12 2 6 15 0 12 14
-106.79147258999998
pd-8611-a
C H C H C H C H Pd C H C H Pd Pd C Pd C O Pd Pd
0 0 0 0 0 1 2 2 2 2 2 3 4 4 4 4 4 5 6 6 6 6 6 6 7 8 8 8 8 9 9 9 9 10 10 11 11 11 11 11 12 13 13 13 14 14 14 14 15 15 15 15 15 15 16 16 16 16 17 17 17 17 18 18 18 18 19 20 20 20
1 2 14 15 20 0 0 3 14 18 20 2 5 11 13 14 15 4 7 8 9 16 17 19 6 6 9 10 11 6 8 10 11 8 9 4 8 9 12 13 11 4 11 15 0 2 4 15 0 4 13 14 16 17 6 15 17 18 6 15 16 18 2 16 17 20 6 0 2 18
-102.58076513
ag-9801-a
C H H C H C H C H C H C H C H C C
0 0 0 0 1 2 3 3 3 4 5 5 5 6 7 7 7 8 9 9 9 10 11 11 11 12 13 13 13 14 15 15 15 16 16 16
1 2 5 16 0 0 4 5 15 3 0 3 6 5 8 9 11 7 7 10 15 9 7 12 13 11 11 14 16 13 3 9 16 0 13 15
-110.96874143
ag-97N1-a
C H C H C H C H C H C H C H C C N
0 0 0 1 2 2 2 3 4 4 4 5 6 6 6 7 8 8 8 9 10 10 10 11 12 12 12 13 14 14 14 15 15 15 16 16
1 2 4 0 0 3 6 2 0 5 15 4 2 7 14 6 9 12 16 8 11 12 15 10 8 10 13 12 6 15 16 4 10 14 8 14
-115.69671647000001
ir-86S1-a
C H C H C H C H C H C H Ir Ir Ir Ir C Ir C Ir S Ir
0 0 0 0 0 0 1 2 2 2 2 2 3 4 4 4 4 4 4 5 6 6 6 6 6 6 7 8 8 8 8 8 9 10 10 10 10 10 11 12 12 12 12 13 13 13 14 14 14 15 15 15 15 15 15 16 16 16 16 16 16 17 17 17 18 18 18 18 18 18 19 19 20 20 20 20 20 21 21 21
1 2 15 16 17 21 0 0 3 17 20 21 2 5 10 12 14 15 16 4 7 8 12 13 15 18 6 6 9 10 12 13 8 4 8 11 12 14 10 4 6 8 10 6 8 18 4 10 16 0 4 6 16 18 20 0 4 14 15 17 18 0 2 16 6 13 15 16 19 20 18 20 2 15 18 19 21 0 2 20
-101.22290181999995
ni-8612-a
C H C H C H C H C H C H Ni Ni Ni Ni Ni C Ni Ni C O
0 0 0 0 1 2 2 2 2 3 4 4 4 4 4 5 6 6 6 6 6 6 7 8 8 8 8 8 8 9 10 10 10 10 11 12 12 12 13 13 13 14 15 15 15 15 16 17 17 17 17 17 17 18 18 19 19 19 20 20 20 20 20 20 21 21
1 17 18 21 0 3 19 20 21 2 5 6 8 12 15 4 4 7 12 15 16 17 6 4 9 10 12 13 14 8 8 11 13 20 10 4 6 8 8 10 20 8 4 6 17 20 6 0 6 15 18 19 20 0 17 2 17 20 2 10 13 15 17 19 0 2
-102.3744777
rh-87N1-a
Rh N H Rh C H C H Rh C H C H C H C H Rh Rh Rh C C Rh
0 0 0 1 1 1 1 2 2 3 3 3 4 4 4 4 4 4 5 5 6 6 6 6 7 8 8 8 8 9 9 9 9 9 9 10 10 11 11 11 11 11 12 13 13 13 13 13 14 15 15 15 15 15 15 16 17 17 17 17 18 18 18 19 19 19 19 19 20 20 20 20 20 20 21 21 21 21 21 21 22 22
1 2 21 0 2 6 21 0 1 4 5 20 3 5 6 19 20 22 3 4 1 4 7 22 6 9 10 13 20 8 10 13 17 19 20 8 9 12 13 15 17 18 11 8 9 11 14 17 13 11 16 17 18 19 21 15 9 11 13 15 11 15 21 4 9 15 20 21 3 4 8 9 19 21 0 1 15 18 19 20 4 6
-108.71249873
pd-97N2-a
Pd C H Pd C H C H Pd C H Pd C H C H C H Pd Pd C C Pd N
0 0 0 0 1 1 1 1 1 1 2 2 3 3 3 3 4 4 4 4 4 4 5 5 6 6 6 6 6 7 8 8 8 8 9 9 9 9 9 9 10 10 11 11 11 11 12 12 12 12 12 12 13 13 14 14 14 14 14 15 16 16 16 16 16 17 18 18 18 18 19 19 19 19 19 19 20 20 20 20 20 20 21 21 21 21 21 21 22 22 22 22 23 23 23 23
1 2 20 23 0 2 19 20 22 23 0 1 4 5 6 21 3 5 6 19 21 22 3 4 3 4 7 22 23 6 9 10 16 20 8 10 16 18 19 20 8 9 12 13 14 21 11 13 14 18 19 21 11 12 11 12 15 16 18 14 8 9 14 17 18 16 9 12 14 16 1 4 9 12 20 21 0 1 8 9 19 21 3 4 11 12 19 20 1 4 6 23 0 1 6 22
-117.71784463000003
cu-87N2-a
N H C H C H C H C H C H C H Cu C Cu C Cu Cu
0 0 0 1 2 2 2 3 4 4 4 4 5 6 6 6 7 8 8 8 8 9 10 10 10 10 11 12 12 12 13 14 15 15 15 15 16 17 17 17 18 19
1 2 4 0 0 3 15 2 0 5 17 19 4 7 8 10 6 6 9 16 17 8 6 11 12 14 10 10 13 15 12 10 2 12 17 18 8 4 8 15 15 4
-106.75592043
os-86S1-a
C H C H C H C H C H C H Os Os Os Os C Os C Os S Os
0 0 0 0 0 0 1 2 2 2 2 3 4 4 4 4 4 4 5 6 6 6 6 6 6 7 8 8 8 8 8 9 10 10 10 10 10 11 12 12 12 12 13 13 13 14 14 14 15 15 15 15 15 15 16 16 16 16 16 16 17 17 18 18 18 18 18 18 19 19 20 20 20 20 20 21 21 21
1 2 15 16 17 21 0 0 3 20 21 2 5 10 12 14 15 16 4 7 8 12 13 15 18 6 6 9 10 12 13 8 4 8 11 12 14 10 4 6 8 10 6 8 18 4 10 16 0 4 6 16 18 20 0 4 14 15 17 18 0 16 6 13 15 16 19 20 18 20 2 15 18 19 21 0 2 20
-101.35588429000006
rh-97N1-a
C H C H Rh C H Rh C H C H Rh C H C H Rh Rh C Rh C N Rh
0 0 0 0 0 1 2 2 2 2 2 3 4 4 4 4 5 5 5 5 5 5 6 6 7 7 7 7 8 8 8 8 8 8 9 9 10 10 10 10 10 11 12 12 12 12 13 13 13 13 13 13 14 14 15 15 15 15 15 16 17 17 17 17 18 18 18 18 18 18 19 19 19 19 19 19 20 20 20 21 21 21 21 21 21 22 22 22 22 22 23 23 23 23
1 2 4 5 17 0 0 3 7 8 17 2 0 5 6 21 0 4 6 17 18 21 4 5 2 8 9 19 2 7 9 17 18 19 7 8 11 15 20 22 23 10 13 14 15 21 12 14 15 18 21 23 12 13 10 12 13 16 23 15 0 2 5 8 5 8 13 19 21 22 7 8 18 20 21 22 10 19 22 4 5 12 13 18 19 10 18 19 20 23 10 13 15 22
-118.42499027000002
ir-9802-a
C H H C H C H C H C H C H C H Ir Ir Ir Ir C Ir Ir C
0 0 0 0 0 1 2 3 3 3 3 3 4 5 5 5 5 5 5 6 7 7 7 7 7 8 9 9 9 9 10 11 11 11 11 12 13 13 13 13 13 14 15 15 15 16 16 16 17 17 17 17 17 18 19 19 19 19 19 19 20 20 20 20 21 21 22 22 22 22 22 22
1 2 11 13 20 0 0 4 5 7 15 17 3 3 6 15 17 18 19 5 3 8 9 15 16 7 7 10 16 22 9 0 12 20 22 11 0 14 17 19 21 13 3 5 7 7 9 22 3 5 13 19 22 5 5 13 17 20 21 22 0 11 19 22 13 19 9 11 16 17 19 20
-113.01730886999997
rh-86S2-a
C H C H C H Rh C H C H Rh C H Rh Rh C Rh C Rh Rh S
0 0 0 0 0 0 1 2 2 2 2 2 2 3 4 4 4 4 4 5 6 6 6 6 7 7 7 7 7 7 8 8 9 9 9 9 9 10 11 11 11 11 12 12 12 12 12 12 13 13 14 14 14 14 15 15 15 15 15 15 16 16 16 16 16 16 17 17 17 18 18 18 18 18 18 19 19 19 20 20 20 21 21 21 21 21
1 15 16 17 20 21 0 3 15 18 19 20 21 2 5 6 7 9 14 4 4 7 8 18 4 6 8 14 15 18 6 7 4 10 11 12 14 9 9 12 13 16 9 11 13 14 15 16 11 12 4 7 9 12 0 2 7 12 16 18 0 11 12 15 17 18 0 16 21 2 6 7 15 16 19 2 18 21 0 2 21 0 2 17 19 20
-101.52893260000002
ni-97N2-a
C H C H C H C H C H C H C H Ni Ni Ni Ni C C Ni Ni Ni Ni N
0 0 0 0 0 0 1 2 2 2 2 2 3 4 4 4 4 4 5 6 6 6 6 6 7 8 8 8 8 8 8 9 10 10 10 10 10 10 11 12 12 12 12 12 13 14 14 14 14 15 15 15 16 16 16 16 16 17 17 17 17 17 18 18 18 18 18 18 19 19 19 19 19 19 20 20 20 21 22 23 23 23 24 24 24 24
1 17 18 22 23 24 0 3 4 16 19 20 2 2 5 20 23 24 4 7 12 14 17 18 6 9 10 15 16 19 21 8 8 11 12 14 15 16 10 6 10 13 14 15 12 6 10 12 18 8 10 12 2 8 10 18 19 0 6 18 19 24 0 6 14 16 17 19 2 8 16 17 18 20 2 4 19 8 0 0 4 24 0 4 17 23
-117.85779858000001
rh-87N2-a
N H C H C H C H Rh C H C H Rh C H Rh Rh C C Rh Rh Rh
0 0 0 0 1 2 2 2 2 2 2 3 4 4 4 4 4 4 5 6 6 6 6 6 7 8 8 8 8 9 9 9 9 9 9 10 10 11 11 11 11 11 12 13 13 13 13 14 14 14 14 14 14 15 15 16 16 16 16 17 17 17 17 17 17 18 18 18 18 18 18 19 19 19 19 19 19 20 20 21 21 22 22 22
1 2 4 22 0 0 3 17 18 21 22 2 0 5 17 19 20 22 4 7 8 9 11 16 6 6 9 10 19 6 8 10 16 17 19 8 9 6 12 13 14 16 11 11 14 15 18 11 13 15 16 17 18 13 14 6 9 11 14 2 4 9 14 18 19 2 13 14 17 19 21 4 8 9 17 18 20 4 19 2 18 0 2 4
-108.96522039000001
cd-97N2-a
C H C H C H C H C H C H C H C C N
0 0 0 1 2 2 2 3 4 4 4 5 6 6 6 7 8 8 8 9 10 10 10 11 12 12 12 13 14 14 14 15 15 15 16 16
1 14 16 0 3 4 15 2 2 5 16 4 7 12 14 6 9 10 15 8 8 11 12 10 6 10 13 12 0 6 15 2 8 14 0 4
-115.50125674
ir-86S2-a
C H C H C H C H C H C H Ir Ir Ir Ir C Ir C Ir Ir S
0 0 0 0 0 0 1 2 2 2 2 2 2 3 4 4 4 4 4 5 6 6 6 6 6 6 7 8 8 8 8 8 9 10 10 10 10 10 10 11 12 12 12 12 13 13 13 14 14 14 15 15 15 15 15 15 16 16 16 16 16 16 17 17 17 18 18 18 18 18 18 19 19 19 20 20 20 21 21 21 21 21
1 15 16 17 20 21 0 3 15 18 19 20 21 2 5 6 8 12 13 4 4 7 12 13 15 18 6 4 9 10 12 14 8 8 11 12 14 15 16 10 4 6 8 10 4 6 18 8 10 16 0 2 6 10 16 18 0 10 14 15 17 18 0 16 21 2 6 13 15 16 19 2 18 21 0 2 21 0 2 17 19 20
-101.25196155999998
cd-9801-a
C H H C H C H C H C H C H C H C C
0 0 0 0 1 2 3 3 3 4 5 5 5 6 7 7 7 8 9 9 9 10 11 11 11 12 13 13 13 14 15 15 15 16 16 16
1 2 5 16 0 0 4 5 15 3 0 3 6 5 8 9 11 7 7 10 15 9 7 12 13 11 11 14 16 13 3 9 16 0 13 15
-110.77003735
ag-86S1-a
C H C H C H C H C H C H C C S
0 0 0 1 2 2 2 3 4 4 4 5 6 6 6 7 8 8 8 9 10 10 10 11 12 12 12 13 13 13 14 14
1 2 12 0 0 3 14 2 5 10 12 4 7 8 13 6 6 9 10 8 4 8 11 10 0 4 13 6 12 14 2 13
-98.75030469000001
au-87N1-a
N H C H C H C H C H C H C H C C
0 0 0 1 2 2 2 3 4 4 4 5 6 6 6 7 8 8 8 9 10 10 10 11 12 12 12 13 14 14 14 15 15 15
1 4 15 0 3 4 14 2 0 2 5 4 7 10 14 6 9 10 12 8 6 8 11 10 8 13 15 12 2 6 15 0 12 14
-106.98308631000003
os-87N1-a
Os N H Os C H C H C H C H C H C H Os Os Os Os C C Os
0 0 0 1 1 1 1 2 2 3 3 4 4 4 4 4 4 5 5 6 6 6 6 7 8 8 8 8 8 8 9 10 10 10 10 10 11 12 12 12 12 12 13 14 14 14 14 15 16 16 16 17 17 17 18 18 18 19 19 19 19 20 20 20 20 20 21 21 21 21 21 21 22 22
1 2 21 0 2 6 21 0 1 4 5 3 5 6 19 20 22 3 4 1 4 7 22 6 9 12 16 18 19 20 8 11 12 14 16 17 10 8 10 13 16 18 12 10 15 17 21 14 8 10 12 10 14 21 8 12 20 4 8 20 21 4 8 18 19 21 0 1 14 17 19 20 4 6
-108.66165407000005
ir-87N2-a
N H C H C H C H C H C H C H Ir Ir Ir Ir C C Ir Ir Ir
0 0 0 0 1 2 2 2 2 2 2 3 4 4 4 4 4 4 5 6 6 6 6 6 7 8 8 8 8 8 8 9 10 10 10 10 10 11 12 12 12 12 12 12 13 14 14 14 14 15 15 15 16 16 16 17 17 17 17 17 17 18 18 18 18 18 18 19 19 19 19 19 19 20 20 21 21 22 22 22
1 2 4 22 0 0 3 17 18 21 22 2 0 5 17 19 20 22 4 7 8 10 14 15 6 6 9 14 15 17 19 8 6 11 12 14 16 10 10 13 14 16 17 18 12 6 8 10 12 6 8 19 10 12 18 2 4 8 12 18 19 2 12 16 17 19 21 4 8 15 17 18 20 4 19 2 18 0 2 4
-108.67835219999995
ni-86S2-a
C H C H C H C H C H C H Ni Ni Ni Ni Ni C Ni Ni C Ni Ni S
0 0 0 0 0 0 1 2 2 2 2 2 2 3 4 4 4 4 4 4 5 6 6 6 6 6 7 8 8 8 8 8 8 9 10 10 10 10 10 11 12 12 12 12 13 14 14 14 15 16 16 16 17 17 17 17 17 17 18 18 19 19 19 19 20 20 20 20 20 20 21 21 22 22 22 23 23 23
1 17 18 19 22 23 0 3 19 20 21 22 23 2 5 6 8 12 13 14 4 4 7 12 14 20 6 4 9 10 12 15 16 8 8 11 12 16 17 10 4 6 8 10 4 4 6 20 8 8 10 17 0 10 16 18 19 20 0 17 0 2 17 20 2 6 14 17 19 21 2 20 0 2 23 0 2 22
-100.67704769
pd-86S2-a
Pd C H C H C H Pd C H C H Pd C H Pd Pd C C Pd Pd S
0 0 0 0 1 1 1 1 1 1 2 2 3 3 3 3 3 3 4 5 5 5 5 5 6 7 7 7 7 8 8 8 8 8 8 9 9 10 10 10 10 10 11 12 12 12 12 13 13 13 13 13 13 14 14 15 15 15 15 16 16 16 16 16 16 17 17 17 17 17 17 18 18 18 18 18 18 19 19 19 20 20 20 21 21 21 21 21
1 2 17 21 0 2 16 17 20 21 0 1 4 16 18 19 20 21 3 6 7 8 10 15 5 5 8 9 18 5 7 9 15 16 18 7 8 5 11 12 13 15 10 10 13 14 17 10 12 14 15 16 17 12 13 5 8 10 13 1 3 8 13 17 18 0 1 12 13 16 18 3 7 8 16 17 19 3 18 21 1 3 21 0 1 3 19 20
-101.10926322000003
pd-87N2-a
N H Pd C H Pd C H C H Pd C H C H Pd C H Pd Pd C C Pd
0 0 0 0 1 2 2 2 3 3 3 3 3 3 4 4 5 5 5 6 6 6 6 6 6 7 7 8 8 8 8 8 9 10 10 10 10 11 11 11 11 11 11 12 12 13 13 13 13 13 14 15 15 15 15 16 16 16 16 16 16 17 17 18 18 18 18 19 19 19 19 19 19 20 20 20 20 20 20 21 21 21 21 21 21 22 22 22
1 3 6 22 0 3 4 20 0 2 4 19 20 22 2 3 6 7 21 0 5 7 19 21 22 5 6 9 10 11 13 18 8 8 11 12 21 8 10 12 18 19 21 10 11 8 14 15 16 18 13 13 16 17 20 13 15 17 18 19 20 15 16 8 11 13 16 3 6 11 16 20 21 2 3 15 16 19 21 5 6 10 11 19 20 0 3 6
-108.54472636
pd-97N1-a
C H C H Pd C H Pd C H C H Pd C H C H Pd Pd C Pd C N Pd
0 0 0 0 0 1 2 2 2 2 2 3 4 4 4 4 5 5 5 5 5 5 6 6 7 7 7 7 8 8 8 8 8 8 9 9 10 10 10 10 10 11 12 12 12 12 13 13 13 13 13 13 14 14 15 15 15 15 15 16 17 17 17 17 18 18 18 18 18 18 19 19 19 19 19 19 20 20 20 21 21 21 21 21 21 22 22 22 22 22 23 23 23 23
1 2 4 5 17 0 0 3 7 8 17 2 0 5 6 21 0 4 6 17 18 21 4 5 2 8 9 19 2 7 9 17 18 19 7 8 11 15 20 22 23 10 13 14 15 21 12 14 15 18 21 23 12 13 10 12 13 16 23 15 0 2 5 8 5 8 13 19 21 22 7 8 18 20 21 22 10 19 22 4 5 12 13 18 19 10 18 19 20 23 10 13 15 22
-118.01700952000002
ni-97N1-a
C H C H C H C H C H C H C H Ni Ni Ni Ni C Ni C N Ni Ni
0 0 0 0 0 1 2 2 2 2 2 3 4 4 4 4 4 4 5 6 6 6 6 6 6 7 8 8 8 8 8 9 10 10 10 10 10 11 12 12 12 12 12 13 14 14 14 14 15 15 15 16 16 16 17 17 17 17 17 18 18 18 18 18 18 19 19 19 20 20 20 20 20 20 21 21 21 21 21 22 22 22 23 23 23 23
1 2 4 14 15 0 0 3 6 14 16 2 0 5 14 15 17 20 4 2 7 14 16 17 18 6 9 12 19 21 23 8 11 12 20 22 23 10 8 10 13 22 23 12 0 2 4 6 0 4 20 2 6 18 4 6 18 20 21 6 16 17 19 20 21 8 18 21 4 10 15 17 18 22 8 17 18 19 23 10 12 20 8 10 12 21
-117.81756652999997
os-97N2-a
Os C H C H C H C H C H C H C H Os Os Os Os Os C C Os Os N Os
0 0 1 1 1 1 1 1 2 2 3 3 3 3 4 5 5 5 5 5 5 6 7 7 7 7 7 7 8 9 9 9 9 10 11 11 11 11 11 11 12 13 13 13 13 13 14 15 15 15 16 17 17 17 18 18 19 19 19 19 20 20 20 20 21 21 21 21 21 21 22 22 22 23 23 23 24 24 24 25
1 2 0 2 19 20 23 24 0 1 4 5 21 22 3 3 6 22 23 24 25 5 8 13 15 18 19 20 7 10 11 17 21 9 9 12 13 15 16 17 11 7 11 14 15 18 13 7 11 13 11 9 11 21 7 13 1 7 20 21 1 7 19 21 3 9 17 19 20 22 3 5 21 1 5 24 1 5 23 5
-118.07029169000009
zn-9801-a
C H H C H C H C H C H C H C H C C
0 0 0 0 1 2 3 3 3 4 5 5 5 6 7 7 7 8 9 9 9 10 11 11 11 12 13 13 13 14 15 15 15 16 16 16
1 2 5 16 0 0 4 5 15 3 0 3 6 5 8 9 11 7 7 10 15 9 7 12 13 11 11 14 16 13 3 9 16 0 13 15
-110.84116824
os-a801-a
C H C H C H C H C H C H C H C H Os Os Os Os C Os C Os Os
0 0 0 0 0 1 2 2 2 2 2 3 4 4 4 4 4 4 5 6 6 6 6 6 6 7 8 8 8 8 8 8 9 10 10 10 10 10 11 12 12 12 12 12 13 14 14 14 14 14 14 15 16 16 16 16 17 17 17 18 18 18 19 19 19 19 19 19 20 20 20 20 20 20 21 21 21 22 22 22 22 22 22 23 23 23 24 24 24 24
1 2 6 16 17 0 0 3 4 16 18 2 2 5 16 18 19 20 4 0 7 16 17 19 22 6 9 10 19 22 23 24 8 8 11 12 23 24 10 10 13 14 21 24 12 12 15 19 20 21 24 14 0 2 4 6 0 6 22 2 4 20 4 6 8 14 20 22 4 14 18 19 21 22 12 14 20 6 8 17 19 20 23 8 10 22 8 10 12 14
-123.03460421
au-87N2-a
N H C H C H C H C H C H C H C C
0 0 0 1 2 2 2 3 4 4 4 5 6 6 6 7 8 8 8 9 10 10 10 11 12 12 12 13 14 14 14 15 15 15
1 2 4 0 0 3 14 2 0 5 15 4 7 8 10 6 6 9 15 8 6 11 12 10 10 13 14 12 2 12 15 4 8 14
-106.66365568000003
pt-87N2-a
N H C H C H C H C H C H C H Pt Pt Pt Pt C C Pt Pt Pt
0 0 0 0 1 2 2 2 2 2 2 3 4 4 4 4 4 4 5 6 6 6 6 6 7 8 8 8 8 8 8 9 10 10 10 10 10 11 12 12 12 12 12 12 13 14 14 14 14 15 15 15 16 16 16 17 17 17 17 17 17 18 18 18 18 18 18 19 19 19 19 19 19 20 20 21 21 22 22 22
1 2 4 22 0 0 3 17 18 21 22 2 0 5 17 19 20 22 4 7 8 10 14 15 6 6 9 14 15 17 19 8 6 11 12 14 16 10 10 13 14 16 17 18 12 6 8 10 12 6 8 19 10 12 18 2 4 8 12 18 19 2 12 16 17 19 21 4 8 15 17 18 20 4 19 2 18 0 2 4
-108.18585833000003
rh-8611-a
C H C H C H C H C H C H Rh Rh Rh Rh C Rh C O Rh Rh
0 0 0 0 0 0 1 2 2 2 2 2 3 4 4 4 4 4 4 5 6 6 6 6 6 6 7 8 8 8 8 8 9 10 10 10 10 10 11 12 12 12 12 13 13 13 14 14 14 15 15 15 15 15 15 16 16 16 16 16 16 16 17 17 17 18 18 18 18 19 19 19 19 20 21 21
1 2 14 15 16 17 0 0 3 17 19 21 2 5 10 12 14 15 16 4 7 8 13 15 18 20 6 6 9 10 12 13 8 4 8 11 12 13 10 4 8 10 16 6 8 10 0 4 16 0 4 6 16 18 19 0 4 12 14 15 17 18 0 2 16 6 15 16 19 2 15 18 21 6 2 19
-102.57425285
ag-86S2-a
C H C H C H C H C H C H C C S Ag
0 0 0 1 2 2 2 3 4 4 4 5 6 6 6 7 8 8 8 9 10 10 10 11 12 12 12 13 13 13 14 14 14 15
1 12 14 0 3 13 14 2 5 6 8 4 4 7 13 6 4 9 10 8 8 11 12 10 0 10 13 2 6 12 0 2 15 14
-98.39503988999999
zn-86S1-a
C H C H C H C H C H C H C C S
0 0 0 1 2 2 2 3 4 4 4 5 6 6 6 7 8 8 8 9 10 10 10 11 12 12 12 13 13 13 14 14
1 2 12 0 0 3 14 2 5 10 12 4 7 8 13 6 6 9 10 8 4 8 11 10 0 4 13 6 12 14 2 13
-98.62773822
ru-87N2-a
N H C H C H C H C H C H Ru C H Ru Ru Ru C C Ru Ru Ru
0 0 0 0 1 2 2 2 2 2 2 3 4 4 4 4 4 4 5 6 6 6 6 6 7 8 8 8 8 8 8 9 10 10 10 10 10 11 12 12 12 12 13 13 13 13 13 13 14 14 15 15 15 15 16 16 16 17 17 17 17 17 17 18 18 18 18 18 18 19 19 19 19 19 19 20 20 21 21 22 22 22
1 2 4 22 0 0 3 17 18 21 22 2 0 5 17 19 20 22 4 7 8 10 15 16 6 6 9 15 16 17 19 8 6 11 12 13 15 10 10 13 14 18 10 12 14 15 17 18 12 13 6 8 10 13 6 8 19 2 4 8 13 18 19 2 12 13 17 19 21 4 8 16 17 18 20 4 19 2 18 0 2 4
-108.71658921
cd-87N1-a
N H C H C H C H C H C H C H C C
0 0 0 1 2 2 2 3 4 4 4 5 6 6 6 7 8 8 8 9 10 10 10 11 12 12 12 13 14 14 14 15 15 15
1 4 15 0 3 4 14 2 0 2 5 4 7 10 14 6 9 10 12 8 6 8 11 10 8 13 15 12 2 6 15 0 12 14
-106.70908624
pt-9802-a
C H H C H C H C H C H C H C H Pt Pt Pt C Pt C Pt
0 0 0 0 1 2 3 3 3 3 3 4 5 5 5 5 6 7 7 7 7 7 8 9 9 9 9 10 11 11 11 11 12 13 13 13 13 13 14 15 15 16 16 16 17 17 17 17 17 18 18 18 18 18 19 19 20 20 20 20 20 20 21 21
1 2 11 13 0 0 4 5 7 15 17 3 3 6 17 18 5 3 8 9 15 16 7 7 10 16 20 9 0 12 20 21 11 0 14 17 18 19 13 3 7 7 9 20 3 5 13 18 20 5 13 17 19 20 13 18 9 11 16 17 18 21 11 20
-112.63685170000002
ag-87N1-a
N H C H C H C H C H C H C H C C
0 0 0 1 2 2 2 3 4 4 4 5 6 6 6 7 8 8 8 9 10 10 10 11 12 12 12 13 14 14 14 15 15 15
1 4 15 0 3 4 14 2 0 2 5 4 7 10 14 6 9 10 12 8 6 8 11 10 8 13 15 12 2 6 15 0 12 14
-106.93134566
cd-a801-a
C H C H C H C H C H C H C H C H C C
0 0 0 1 2 2 2 3 4 4 4 5 6 6 6 7 8 8 8 9 10 10 10 11 12 12 12 13 14 14 14 15 16 16 16 17 17 17
1 2 6 0 0 3 4 2 2 5 16 4 0 7 17 6 9 10 17 8 8 11 12 10 10 13 14 12 12 15 16 14 4 14 17 6 8 16
-120.28831923000001
pd-86S1-a
Pd C H C H Pd C H Pd C H C H C H Pd Pd C C Pd S Pd
0 0 0 0 1 1 1 1 1 1 2 2 3 3 3 3 3 4 5 5 5 5 6 6 6 6 6 6 7 7 8 8 8 8 9 9 9 9 9 9 10 10 11 11 11 11 11 12 13 13 13 13 13 14 15 15 15 15 16 16 16 16 16 16 17 17 17 17 17 17 18 18 18 18 18 18 19 19 20 20 20 20 20 21 21 21
1 2 3 17 0 2 3 16 17 21 0 1 0 1 4 20 21 3 6 7 13 17 5 7 13 15 16 17 5 6 9 10 11 18 8 10 11 15 16 18 8 9 8 9 12 13 15 11 5 6 11 14 15 13 6 9 11 13 1 6 9 17 18 20 0 1 5 6 16 18 8 9 16 17 19 20 18 20 3 16 18 19 21 1 3 20
-101.11373749000003
cu-8612-a
C H C H C H C H C H C H Cu Cu Cu C Cu Cu C O
0 0 0 0 1 2 2 2 2 3 4 4 4 4 4 5 6 6 6 6 7 8 8 8 8 9 10 10 10 10 10 11 12 12 13 13 13 14 15 15 15 15 15 15 16 16 17 17 17 17 18 18 18 18 19 19
1 15 16 19 0 3 17 18 19 2 5 6 8 13 14 4 4 7 13 15 6 4 9 10 12 8 8 11 12 17 18 10 8 10 4 6 15 4 0 6 13 16 17 18 0 15 2 10 15 18 2 10 15 17 0 2
-100.59000273999999
ir-a801-a
C H C H C H C H C H C H C H C H Ir Ir Ir Ir C Ir C Ir Ir
0 0 0 0 0 1 2 2 2 2 2 3 4 4 4 4 4 4 5 6 6 6 6 6 6 7 8 8 8 8 8 8 9 10 10 10 10 10 11 12 12 12 12 12 13 14 14 14 14 14 14 15 16 16 16 16 17 17 17 18 18 18 19 19 19 19 19 19 20 20 20 20 20 20 21 21 21 22 22 22 22 22 22 23 23 23 24 24 24 24
1 2 6 16 17 0 0 3 4 16 18 2 2 5 16 18 19 20 4 0 7 16 17 19 22 6 9 10 19 22 23 24 8 8 11 12 23 24 10 10 13 14 21 24 12 12 15 19 20 21 24 14 0 2 4 6 0 6 22 2 4 20 4 6 8 14 20 22 4 14 18 19 21 22 12 14 20 6 8 17 19 20 23 8 10 22 8 10 12 14
-122.86741033999999
pt-97N1-a
C H C H C H C H C H C H C H Pt Pt Pt Pt C Pt C N Pt Pt
0 0 0 0 0 1 2 2 2 2 2 3 4 4 4 4 4 4 5 6 6 6 6 6 6 7 8 8 8 8 8 9 10 10 10 10 10 10 11 12 12 12 12 12 13 14 14 14 14 15 15 15 16 16 16 17 17 17 17 17 17 18 18 18 18 18 18 19 19 19 20 20 20 20 20 20 21 21 21 21 22 22 22 23 23 23
1 2 4 14 15 0 0 3 6 14 16 2 0 5 14 15 17 20 4 2 7 14 16 17 18 6 9 12 19 21 23 8 11 12 17 20 22 23 10 8 10 13 22 23 12 0 2 4 6 0 4 20 2 6 18 4 6 10 18 20 21 6 16 17 19 20 21 8 18 21 4 10 15 17 18 22 8 17 18 19 10 12 20 8 10 12
-117.42559201
ir-9801-a
C H Ir H C H C H C H C H C H C H Ir Ir Ir Ir C Ir C Ir
0 0 0 0 0 1 2 3 3 4 4 4 4 4 4 5 6 6 6 6 6 7 8 8 8 8 8 9 10 10 10 10 10 10 11 12 12 12 12 12 13 14 14 14 14 14 14 15 16 16 16 16 17 17 17 18 18 18 19 19 19 19 19 20 20 20 20 20 20 21 21 21 22 22 22 22 22 23 23 23
1 3 6 22 23 0 3 0 2 5 6 19 20 21 23 4 0 4 7 21 23 6 9 10 12 16 18 8 8 11 16 18 19 20 10 8 13 14 16 17 12 12 15 16 17 19 22 14 8 10 12 14 12 14 22 8 10 20 4 10 14 20 22 4 10 18 19 21 22 4 6 20 0 14 17 19 20 0 4 6
-113.15417619999994
ag-9802-a
Ag C H H C H C H C H C H C H C H Ag C C Ag Ag Ag
0 1 1 1 1 2 2 3 4 4 4 5 6 6 6 6 7 8 8 8 9 10 10 10 10 11 12 12 12 12 13 14 14 14 14 15 16 16 17 17 17 17 18 18 18 18 19 19 20 21
2 2 3 12 14 0 1 1 5 6 8 4 4 7 16 17 6 4 9 10 8 8 11 18 20 10 1 13 18 19 12 1 15 17 21 14 6 17 6 14 16 18 10 12 17 19 12 18 10 14
-110.17083602
os-86S2-a
C H C H C H C H C H C H Os Os Os Os C Os C Os Os S
0 0 0 0 0 0 1 2 2 2 2 2 2 3 4 4 4 4 4 5 6 6 6 6 6 6 7 8 8 8 8 8 9 10 10 10 10 10 10 11 12 12 12 12 13 13 13 14 14 14 15 15 15 15 15 15 16 16 16 16 16 16 17 17 17 18 18 18 18 18 18 19 19 19 20 20 20 21 21 21 21 21
1 15 16 17 20 21 0 3 15 18 19 20 21 2 5 6 8 12 13 4 4 7 12 13 15 18 6 4 9 10 12 14 8 8 11 12 14 15 16 10 4 6 8 10 4 6 18 8 10 16 0 2 6 10 16 18 0 10 14 15 17 18 0 16 21 2 6 13 15 16 19 2 18 21 0 2 21 0 2 17 19 20
-101.44506507000006
zn-86S2-a
C H C H C H C H C H C H C C S
0 0 0 1 2 2 2 3 4 4 4 5 6 6 6 7 8 8 8 9 10 10 10 11 12 12 12 13 13 13 14 14
1 12 14 0 3 13 14 2 5 6 8 4 4 7 13 6 4 9 10 8 8 11 12 10 0 10 13 2 6 12 0 2
-98.26657621999999
ni-86S1-a
C H C H C H C H C H C H Ni Ni Ni Ni C Ni Ni C Ni S Ni
0 0 0 0 0 0 1 2 2 2 2 3 4 4 4 4 4 5 6 6 6 6 6 6 7 8 8 8 8 8 9 10 10 10 10 10 10 11 12 12 12 12 13 13 13 14 15 15 15 16 16 16 16 16 16 17 17 18 18 18 18 18 19 19 19 19 19 19 20 20 21 21 21 21 21 22 22 22
1 2 16 17 18 22 0 0 3 21 22 2 5 10 12 15 16 4 7 8 12 13 18 19 6 6 9 10 12 13 8 4 8 11 12 14 15 10 4 6 8 10 6 8 19 10 4 10 16 0 4 15 17 18 19 0 16 0 6 16 19 21 6 13 16 18 20 21 19 21 2 18 19 20 22 0 2 21
-100.70893372
ru-97N2-a
Ru C H C H Ru C H Ru C H C H Ru C H C H Ru Ru Ru C C Ru Ru N
0 0 1 1 1 1 1 1 2 2 3 3 3 3 4 5 5 6 6 6 6 6 6 7 7 8 8 9 9 9 9 9 9 10 10 11 11 11 11 12 13 13 14 14 14 14 14 14 15 15 16 16 16 16 17 18 18 18 19 19 19 20 20 20 20 21 21 21 21 22 22 22 22 22 22 23 23 23 24 24 24 25 25 25
1 2 0 2 20 21 24 25 0 1 4 6 22 23 3 6 7 3 5 7 23 24 25 5 6 9 10 8 10 16 18 20 21 8 9 12 14 19 22 11 14 15 11 13 15 16 18 19 13 14 9 14 17 18 16 9 14 16 11 14 22 1 9 21 22 1 9 20 22 3 11 19 20 21 23 3 6 22 1 6 25 1 6 24
-118.43396620000004
ir-97N2-a
Ir C H C H C H C H C H C H C H Ir Ir Ir Ir C C Ir Ir N
0 0 1 1 1 1 1 1 2 2 3 3 3 3 4 5 5 5 5 5 6 7 7 7 7 7 7 8 9 9 9 9 9 10 11 11 11 11 11 12 13 13 13 13 13 14 15 15 15 15 16 16 16 17 17 18 18 18 18 19 19 19 19 20 20 20 20 20 20 21 21 21 22 22 22 23 23 23
1 2 0 2 18 19 22 23 0 1 4 5 20 21 3 3 6 21 22 23 5 8 13 15 17 18 19 7 10 11 15 16 20 9 9 12 13 15 16 11 7 11 14 15 17 13 7 9 11 13 9 11 20 7 13 1 7 19 20 1 7 18 20 3 9 16 18 19 21 3 5 20 1 5 23 1 5 22
-117.16529072999992
ir-97N1-a
C H C H C H C H C H C H C H Ir Ir Ir Ir C Ir C N Ir Ir
0 0 0 0 0 1 2 2 2 2 2 3 4 4 4 4 4 4 5 6 6 6 6 6 6 7 8 8 8 8 8 9 10 10 10 10 10 10 11 12 12 12 12 12 13 14 14 14 14 15 15 15 16 16 16 17 17 17 17 17 17 18 18 18 18 18 18 19 19 19 20 20 20 20 20 20 21 21 21 21 21 22 22 22 23 23 23 23
1 2 4 14 15 0 0 3 6 14 16 2 0 5 14 15 17 20 4 2 7 14 16 17 18 6 9 12 19 21 23 8 11 12 17 20 22 23 10 8 10 13 22 23 12 0 2 4 6 0 4 20 2 6 18 4 6 10 18 20 21 6 16 17 19 20 21 8 18 21 4 10 15 17 18 22 8 17 18 19 23 10 12 20 8 10 12 21
-117.93872234999992
ag-97N2-a
C H C H C H C H C H C H C H C C N
0 0 0 1 2 2 2 3 4 4 4 5 6 6 6 7 8 8 8 9 10 10 10 11 12 12 12 13 14 14 14 15 15 15 16 16
1 14 16 0 3 4 15 2 2 5 16 4 7 12 14 6 9 10 15 8 8 11 12 10 6 10 13 12 0 6 15 2 8 14 0 4
-115.67855918000001
pt-97N2-a
C H C H C H C H C H C H C H Pt Pt Pt Pt C Pt C Pt Pt N
0 0 0 0 0 0 1 2 2 2 2 2 3 4 4 4 4 4 5 6 6 6 6 6 6 7 8 8 8 8 8 8 9 10 10 10 10 10 11 12 12 12 12 12 13 14 14 14 14 15 15 15 16 16 16 17 17 17 17 17 17 18 18 18 18 18 18 19 19 19 20 20 20 20 20 20 21 21 21 22 22 22 23 23 23 23
1 17 18 19 22 23 0 3 4 17 20 21 2 2 5 21 22 23 4 7 12 14 16 17 18 6 9 10 14 15 17 20 8 8 11 12 14 15 10 6 10 13 14 16 12 6 8 10 12 8 10 20 6 12 18 0 2 6 8 18 20 0 6 16 17 19 20 0 18 23 2 8 15 17 18 21 2 4 20 0 4 23 0 4 19 22
-117.10093180000001
ni-87N1-a
Ni N H C H C H C H C H C H C H Ni Ni Ni Ni C Ni C Ni
0 0 0 1 1 1 1 2 2 3 3 3 3 3 3 4 5 5 5 5 6 7 7 7 7 7 7 8 9 9 9 9 9 10 11 11 11 11 11 12 13 13 13 13 14 15 15 15 16 16 16 17 17 17 18 18 18 18 19 19 19 19 19 19 20 20 21 21 21 21 21 21 22 22
1 2 21 0 2 5 21 0 1 4 5 18 19 20 22 3 1 3 6 22 5 8 11 15 17 18 19 7 10 11 13 15 16 9 7 9 12 15 17 11 9 14 16 21 13 7 9 11 9 13 21 7 11 19 3 7 19 21 3 7 17 18 20 21 3 19 0 1 13 16 18 19 3 5
-108.23289478999999
pd-87N1-a
Pd N H Pd C H C H Pd C H C H C H Pd C H Pd Pd C C Pd
0 1 1 1 1 2 2 3 3 3 4 4 4 4 4 4 5 5 6 6 6 6 7 8 8 8 8 9 9 9 9 9 9 10 10 11 11 11 11 11 12 13 13 13 13 13 14 15 15 15 15 16 16 16 16 16 16 17 17 18 18 18 18 19 19 19 19 19 20 20 20 20 20 20 21 21 21 21 21 22 22 22
2 2 6 21 22 0 1 4 5 20 3 5 6 19 20 22 3 4 1 4 7 22 6 9 10 13 20 8 10 13 18 19 20 8 9 12 13 15 16 18 11 8 9 11 14 18 13 11 16 17 21 11 15 17 18 19 21 15 16 9 11 13 16 4 9 16 20 21 3 4 8 9 19 21 1 15 16 19 20 1 4 6
-108.69458915999999
cu-8611-a
C H C H C H C H C H C H Cu Cu C C O
0 0 0 1 2 2 2 3 4 4 4 5 6 6 6 7 8 8 8 8 9 10 10 10 10 11 12 13 14 14 14 15 15 15 16 16
1 2 14 0 0 3 16 2 5 10 14 4 7 8 15 6 6 9 10 12 8 4 8 11 13 10 8 10 0 4 15 6 14 16 2 15
-101.05700731999997
os-87N2-a
N H C H C H C H C H C H C H Os Os Os Os C C Os Os Os
0 0 0 0 1 2 2 2 2 2 2 3 4 4 4 4 4 4 5 6 6 6 6 6 7 8 8 8 8 8 8 9 10 10 10 10 10 11 12 12 12 12 12 12 13 14 14 14 14 15 15 15 16 16 16 17 17 17 17 17 17 18 18 18 18 18 18 19 19 19 19 19 19 20 20 21 21 22 22 22
1 2 4 22 0 0 3 17 18 21 22 2 0 5 17 19 20 22 4 7 8 10 14 15 6 6 9 14 15 17 19 8 6 11 12 14 16 10 10 13 14 16 17 18 12 6 8 10 12 6 8 19 10 12 18 2 4 8 12 18 19 2 12 16 17 19 21 4 8 15 17 18 20 4 19 2 18 0 2 4
-108.99681911000005
pt-8612-a
C H C H C H C H C H C H Pt Pt Pt C Pt Pt C O
0 0 0 0 1 2 2 2 2 3 4 4 4 4 4 5 6 6 6 6 6 7 8 8 8 8 8 9 10 10 10 10 11 12 12 12 13 13 13 14 14 14 15 15 15 15 15 15 16 16 17 17 17 18 18 18 18 18 19 19
1 15 16 19 0 3 17 18 19 2 5 6 8 12 14 4 4 7 12 14 15 6 4 9 10 12 13 8 8 11 13 18 10 4 6 8 8 10 18 4 6 15 0 6 14 16 17 18 0 15 2 15 18 2 10 13 15 17 0 2
-102.46869533
pt-8611-a
C H C H C H C H C H C H Pt Pt C Pt Pt C O Pt
0 0 0 0 0 1 2 2 2 2 2 3 4 4 4 4 5 6 6 6 6 6 7 8 8 8 8 8 9 10 10 10 10 10 11 12 12 12 12 13 13 13 14 14 14 14 14 14 15 15 15 16 16 16 17 17 17 17 18 18 18 19 19 19
1 2 14 15 19 0 0 3 15 18 19 2 5 10 12 14 4 7 8 13 16 17 6 6 9 10 12 13 8 4 8 11 12 13 10 4 8 10 14 6 8 10 0 4 12 15 16 17 0 2 14 6 14 17 6 14 16 18 2 17 19 0 2 18
-102.26261700000003
zn-97N2-a
C H C H C H C H C H C H C H C C N
0 0 0 1 2 2 2 3 4 4 4 5 6 6 6 7 8 8 8 9 10 10 10 11 12 12 12 13 14 14 14 15 15 15 16 16
1 14 16 0 3 4 15 2 2 5 16 4 7 12 14 6 9 10 15 8 8 11 12 10 6 10 13 12 0 6 15 2 8 14 0 4
-115.57310049
cu-9802-a
C H H C H C H C H C H C H C H Cu Cu Cu Cu C Cu C Cu
0 0 0 0 0 1 2 3 3 3 3 4 5 5 5 5 5 5 6 7 7 7 7 7 8 9 9 9 9 10 11 11 11 11 12 13 13 13 13 13 14 15 15 15 16 16 16 17 18 18 18 18 19 19 19 19 19 20 20 20 21 21 21 21 21 21 22 22
1 2 11 13 20 0 0 4 5 7 15 3 3 6 15 17 18 19 5 3 8 9 15 16 7 7 10 16 21 9 0 12 21 22 11 0 14 18 19 20 13 3 5 7 7 9 21 5 5 13 19 21 5 13 18 20 21 0 13 19 9 11 16 18 19 22 11 21
-110.93979803999997
cu-86S1-a
C H C H C H C H C H C H C C S Cu Cu
0 0 0 1 2 2 2 2 3 4 4 4 5 6 6 6 7 8 8 8 9 10 10 10 11 12 12 12 13 13 13 14 14 14 15 16
1 2 12 0 0 3 14 15 2 5 10 12 4 7 8 13 6 6 9 10 8 4 8 11 10 0 4 13 6 12 14 2 13 16 2 14
-98.89386695999997
ir-87N1-a
Ir N H C H C H C H C H C H C H Ir Ir Ir Ir C Ir C Ir
0 1 1 1 2 2 3 3 3 3 3 3 4 5 5 5 5 6 7 7 7 7 7 7 8 9 9 9 9 9 10 11 11 11 11 11 12 13 13 13 13 13 13 14 15 15 15 15 16 16 17 17 17 18 18 18 18 18 19 19 19 19 19 19 20 20 21 21 21 21 22 22
2 2 5 21 0 1 4 5 18 19 20 22 3 1 3 6 22 5 8 11 15 17 18 19 7 10 11 13 15 16 9 7 9 12 15 17 11 9 14 15 16 18 21 13 7 9 11 13 9 13 7 11 19 3 7 13 19 21 3 7 17 18 20 21 3 19 1 13 18 19 3 5
-108.62842639999997
pd-a801-a
C H C H Pd C H Pd C H Pd C H C H C H Pd C H Pd Pd C C Pd
0 0 0 0 0 1 2 2 2 2 2 3 4 4 4 4 5 5 5 5 5 5 6 6 7 7 7 7 8 8 8 8 8 8 9 9 10 10 10 10 11 11 11 11 11 11 12 12 13 13 13 13 13 14 15 15 15 15 15 16 17 17 17 17 18 18 18 18 18 18 19 19 20 20 20 20 21 21 21 21 21 21 22 22 22 22 22 22 23 23 23 23 23 23 24 24 24 24
1 2 7 8 20 0 0 3 4 5 20 2 2 5 6 22 2 4 6 20 21 22 4 5 0 8 9 23 0 7 9 20 21 23 7 8 11 12 13 23 10 12 13 21 23 24 10 11 10 11 14 15 24 13 13 16 17 18 24 15 15 18 19 22 15 17 19 21 22 24 17 18 0 2 5 8 5 8 11 18 22 23 4 5 17 18 21 23 7 8 10 11 21 22 11 13 15 18
-122.88403708000001
au-8612-a
C H C H C H C H C H C H C C O
0 0 0 1 2 2 2 3 4 4 4 5 6 6 6 7 8 8 8 9 10 10 10 11 12 12 12 13 13 13 14 14
1 12 14 0 3 13 14 2 5 6 8 4 4 7 12 6 4 9 10 8 8 11 13 10 0 6 13 2 10 12 0 2
-100.54824453
os-97N1-a
C H C H C H C H C H C H C H Os Os Os Os C Os C N Os Os
0 0 0 0 0 1 2 2 2 2 2 3 4 4 4 4 4 4 5 6 6 6 6 6 6 7 8 8 8 8 8 9 10 10 10 10 10 10 11 12 12 12 12 12 13 14 14 14 14 15 15 15 16 16 16 17 17 17 17 17 17 18 18 18 18 18 18 19 19 19 20 20 20 20 20 20 21 21 21 21 21 22 22 22 23 23 23 23
1 2 4 14 15 0 0 3 6 14 16 2 0 5 14 15 17 20 4 2 7 14 16 17 18 6 9 12 19 21 23 8 11 12 17 20 22 23 10 8 10 13 22 23 12 0 2 4 6 0 4 20 2 6 18 4 6 10 18 20 21 6 16 17 19 20 21 8 18 21 4 10 15 17 18 22 8 17 18 19 23 10 12 20 8 10 12 21
-118.21878734000006
cd-97N1-a
C H C H C H C H C H C H C H C C N
0 0 0 1 2 2 2 3 4 4 4 5 6 6 6 7 8 8 8 9 10 10 10 11 12 12 12 13 14 14 14 15 15 15 16 16
1 2 4 0 0 3 6 2 0 5 15 4 2 7 14 6 9 12 16 8 11 12 15 10 8 10 13 12 6 15 16 4 10 14 8 14
-115.52589934
cd-87N2-a
N H C H C H C H C H C H C H C C
0 0 0 1 2 2 2 3 4 4 4 5 6 6 6 7 8 8 8 9 10 10 10 11 12 12 12 13 14 14 14 15 15 15
1 2 4 0 0 3 14 2 0 5 15 4 7 8 10 6 6 9 15 8 6 11 12 10 10 13 14 12 2 12 15 4 8 14
-106.38495407000002
cu-9801-a
C H H C H C H C H C H C H C H C C
0 0 0 0 1 2 3 3 3 4 5 5 5 6 7 7 7 8 9 9 9 10 11 11 11 12 13 13 13 14 15 15 15 16 16 16
1 2 5 16 0 0 4 5 15 3 0 3 6 5 8 9 11 7 7 10 15 9 7 12 13 11 11 14 16 13 3 9 16 0 13 15
-111.05416779000001
rh-a801-a
C H C H Rh C H Rh C H Rh C H C H C H Rh C H Rh Rh C C Rh
0 0 0 0 0 1 2 2 2 2 2 3 4 4 4 4 5 5 5 5 5 5 6 6 7 7 7 7 8 8 8 8 8 8 9 9 10 10 10 10 11 11 11 11 11 11 12 12 13 13 13 13 13 14 15 15 15 15 15 16 17 17 17 17 18 18 18 18 18 18 19 19 20 20 20 20 21 21 21 21 21 21 22 22 22 22 22 22 23 23 23 23 23 23 24 24 24 24
1 2 7 8 20 0 0 3 4 5 20 2 2 5 6 22 2 4 6 20 21 22 4 5 0 8 9 23 0 7 9 20 21 23 7 8 11 12 13 23 10 12 13 21 23 24 10 11 10 11 14 15 24 13 13 16 17 18 24 15 15 18 19 22 15 17 19 21 22 24 17 18 0 2 5 8 5 8 11 18 22 23 4 5 17 18 21 23 7 8 10 11 21 22 11 13 15 18
-123.25459417000002
zn-8611-a
C H C H C H C H C H C H C C O
0 0 0 1 2 2 2 3 4 4 4 5 6 6 6 7 8 8 8 9 10 10 10 11 12 12 12 13 13 13 14 14
1 2 12 0 0 3 14 2 5 10 12 4 7 8 13 6 6 9 10 8 4 8 11 10 0 4 13 6 12 14 2 13
-100.88482529000001
ni-9801-a
C H Ni H C H C H C H C H C H C H Ni Ni Ni Ni C Ni Ni C Ni
0 0 0 0 0 1 2 3 3 4 4 4 4 4 4 5 6 6 6 6 7 8 8 8 8 8 8 9 10 10 10 10 10 11 12 12 12 12 12 13 14 14 14 14 14 14 15 16 16 16 16 17 17 17 18 19 19 19 20 20 20 20 20 20 21 21 22 22 22 22 23 23 23 23 23 24 24 24
1 3 6 23 24 0 3 0 2 5 6 20 21 22 24 4 0 4 7 24 6 9 10 12 16 18 19 8 8 11 16 19 20 10 8 13 14 16 17 12 12 15 16 17 22 23 14 8 10 12 14 12 14 23 8 8 10 20 4 10 19 21 22 23 4 20 4 14 20 23 0 14 17 20 22 0 4 6
-112.68674972999997
zn-97N1-a
C H C H C H C H C H C H C H C C N
0 0 0 1 2 2 2 3 4 4 4 5 6 6 6 7 8 8 8 9 10 10 10 11 12 12 12 13 14 14 14 15 15 15 16 16
1 2 4 0 0 3 6 2 0 5 15 4 2 7 14 6 9 12 16 8 11 12 15 10 8 10 13 12 6 15 16 4 10 14 8 14
-115.59760193
ag-8612-a
C H C H C H C H C H C H C C O
0 0 0 1 2 2 2 3 4 4 4 5 6 6 6 7 8 8 8 9 10 10 10 11 12 12 12 13 13 13 14 14
1 12 14 0 3 13 14 2 5 6 8 4 4 7 12 6 4 9 10 8 8 11 13 10 0 6 13 2 10 12 0 2
-100.49252328
cd-86S2-a
C H C H C H C H C H C H C C S
0 0 0 1 2 2 2 3 4 4 4 5 6 6 6 7 8 8 8 9 10 10 10 11 12 12 12 13 13 13 14 14
1 12 14 0 3 13 14 2 5 6 8 4 4 7 13 6 4 9 10 8 8 11 12 10 0 10 13 2 6 12 0 2
-98.19641496
ni-a801-a
C H C H C H C H C H C H C H C H Ni Ni Ni Ni Ni C Ni C Ni Ni
0 0 0 0 0 0 1 2 2 2 2 2 3 4 4 4 4 4 4 5 6 6 6 6 6 6 7 8 8 8 8 8 8 9 10 10 10 10 10 11 12 12 12 12 12 13 14 14 14 14 14 14 15 16 16 16 16 17 18 18 18 19 19 19 20 20 20 20 20 20 21 21 21 21 21 21 22 22 22 23 23 23 23 23 23 24 24 24 25 25 25 25
1 2 6 16 17 18 0 0 3 4 16 19 2 2 5 16 19 20 21 4 0 7 16 18 20 23 6 9 10 20 23 24 25 8 8 11 12 24 25 10 10 13 14 22 25 12 12 15 20 21 22 25 14 0 2 4 6 0 0 6 23 2 4 21 4 6 8 14 21 23 4 14 19 20 22 23 12 14 21 6 8 18 20 21 24 8 10 23 8 10 12 14
-122.52036582
cd-8611-a
C H C H C H C H C H C H C C O
0 0 0 1 2 2 2 3 4 4 4 5 6 6 6 7 8 8 8 9 10 10 10 11 12 12 12 13 13 13 14 14
1 2 12 0 0 3 14 2 5 10 12 4 7 8 13 6 6 9 10 8 4 8 11 10 0 4 13 6 12 14 2 13
-100.82072096000002
os-9801-a
C H Os H C H C H C H C H C H C H Os Os Os Os C Os C Os
0 0 0 0 0 1 2 3 3 4 4 4 4 4 4 5 6 6 6 6 6 7 8 8 8 8 8 9 10 10 10 10 10 10 11 12 12 12 12 12 13 14 14 14 14 14 14 15 16 16 16 16 17 17 17 18 18 18 19 19 19 19 19 20 20 20 20 20 20 21 21 21 22 22 22 22 22 23 23 23
1 3 6 22 23 0 3 0 2 5 6 19 20 21 23 4 0 4 7 21 23 6 9 10 12 16 18 8 8 11 16 18 19 20 10 8 13 14 16 17 12 12 15 16 17 19 22 14 8 10 12 14 12 14 22 8 10 20 4 10 14 20 22 4 10 18 19 21 22 4 6 20 0 14 17 19 20 0 4 6
-113.20465601000001
pd-8612-a
C H C H Pd C H C H C H C H Pd Pd C Pd Pd C O
0 0 0 0 0 1 2 2 2 2 3 4 4 4 4 5 5 5 5 5 5 6 6 7 7 7 7 7 8 9 9 9 9 9 10 11 11 11 11 11 12 13 13 13 13 14 14 14 14 14 15 15 15 15 15 15 16 16 16 17 17 17 17 18 18 18 18 18 18 19 19 19
1 14 15 16 19 0 3 17 18 19 2 5 6 7 9 4 6 7 9 13 14 4 5 4 5 8 14 15 7 4 5 10 11 13 9 9 12 13 17 18 11 5 9 11 18 0 5 7 15 18 0 7 14 16 17 18 0 15 19 2 11 15 18 2 11 13 14 15 17 0 2 16
-102.66838838999999
pt-a801-a
C H C H C H C H C H C H C H C H Pt Pt Pt Pt C Pt C Pt Pt
0 0 0 0 0 1 2 2 2 2 2 3 4 4 4 4 4 4 5 6 6 6 6 6 6 7 8 8 8 8 8 8 9 10 10 10 10 10 11 12 12 12 12 12 13 14 14 14 14 14 14 15 16 16 16 16 17 17 17 18 18 18 19 19 19 19 19 19 20 20 20 20 20 20 21 21 21 22 22 22 22 22 22 23 23 23 24 24 24 24
1 2 6 16 17 0 0 3 4 16 18 2 2 5 16 18 19 20 4 0 7 16 17 19 22 6 9 10 19 22 23 24 8 8 11 12 23 24 10 10 13 14 21 24 12 12 15 19 20 21 24 14 0 2 4 6 0 6 22 2 4 20 4 6 8 14 20 22 4 14 18 19 21 22 12 14 20 6 8 17 19 20 23 8 10 22 8 10 12 14
-122.39584868000003
cu-97N1-a
C H C H C H C H C H C H C H Cu C Cu C N Cu Cu
0 0 0 1 2 2 2 3 4 4 4 5 6 6 6 6 7 8 8 8 8 9 10 10 10 11 12 12 12 13 14 15 15 15 15 16 17 17 17 18 18 18 19 20
1 2 4 0 0 3 6 2 0 5 17 4 2 7 14 15 6 9 12 18 19 8 11 12 17 10 8 10 13 12 6 6 16 17 18 15 4 10 15 8 15 20 8 18
-115.77577587999997
au-86S2-a
C H C H C H C H C H C H C C S
0 0 0 1 2 2 2 3 4 4 4 5 6 6 6 7 8 8 8 9 10 10 10 11 12 12 12 13 13 13 14 14
1 12 14 0 3 13 14 2 5 6 8 4 4 7 13 6 4 9 10 8 8 11 12 10 0 10 13 2 6 12 0 2
-98.45478138000001
pt-9801-a
C H Pt H C H C H C H C H C H C H Pt Pt Pt C Pt Pt C Pt
0 0 0 0 1 2 3 3 4 4 4 4 4 4 5 6 6 6 6 7 8 8 8 8 8 9 10 10 10 10 10 11 12 12 12 12 12 13 14 14 14 14 14 15 16 16 16 17 17 17 18 18 18 19 19 19 19 19 19 20 20 21 21 21 21 22 22 22 22 22 23 23
1 3 6 22 0 3 0 2 5 6 19 20 21 23 4 0 4 7 23 6 9 10 12 16 18 8 8 11 16 18 19 10 8 13 14 16 17 12 12 15 17 21 22 14 8 10 12 12 14 22 8 10 19 4 10 18 20 21 22 4 19 4 14 19 22 0 14 17 19 21 4 6
-112.91067952999998
rh-97N2-a
Rh C H C H C H Rh C H C H C H C H Rh Rh Rh Rh C C Rh Rh N Rh
0 0 1 1 1 1 1 1 2 2 3 3 3 3 4 5 5 5 5 5 5 6 7 7 7 8 8 8 8 8 8 9 9 10 10 10 10 10 11 12 12 12 12 12 12 13 14 14 14 14 14 15 16 16 16 16 17 18 18 18 19 19 19 19 20 20 20 20 21 21 21 21 21 21 22 22 22 23 23 23 24 24 24 25
1 2 0 2 19 20 23 24 0 1 4 5 21 22 3 3 6 22 23 24 25 5 8 9 14 7 9 14 16 19 20 7 8 11 12 16 18 21 10 10 13 14 16 17 18 12 7 8 12 15 16 14 8 10 12 14 12 10 12 21 1 8 20 21 1 8 19 21 3 10 18 19 20 22 3 5 21 1 5 24 1 5 23 5
-117.95660299000002
au-97N1-a
C H C H C H C H C H C H C H C C N
0 0 0 1 2 2 2 3 4 4 4 5 6 6 6 7 8 8 8 9 10 10 10 11 12 12 12 13 14 14 14 15 15 15 16 16
1 2 4 0 0 3 6 2 0 5 15 4 2 7 14 6 9 12 16 8 11 12 15 10 8 10 13 12 6 15 16 4 10 14 8 14
-115.75444120999998
os-8611-a
C H C H C H Os C H C H C H Os Os Os C Os Os C O Os
0 0 0 0 0 1 2 2 2 2 2 3 4 4 4 4 5 6 6 7 7 7 7 7 7 8 8 9 9 9 9 10 11 11 11 11 11 11 12 13 13 13 14 14 14 15 16 16 16 16 16 16 17 17 17 18 18 18 19 19 19 19 20 20 21 21
1 2 16 17 21 0 0 3 17 20 21 2 5 11 14 16 4 7 8 6 8 9 13 18 19 6 7 7 10 11 13 9 4 9 12 13 14 15 11 7 9 11 4 11 16 11 0 4 14 17 18 19 0 2 16 7 16 19 7 16 18 20 2 19 0 2
-103.08208228000001
cd-86S1-a
C H C H C H C H C H C H C C S
0 0 0 1 2 2 2 3 4 4 4 5 6 6 6 7 8 8 8 9 10 10 10 11 12 12 12 13 13 13 14 14
1 2 12 0 0 3 14 2 5 10 12 4 7 8 13 6 6 9 10 8 4 8 11 10 0 4 13 6 12 14 2 13
-98.55353713
ni-8611-a
C H C H C H C H C H C H Ni Ni Ni Ni C Ni C O Ni Ni
0 0 0 0 0 1 2 2 2 2 3 4 4 4 4 4 5 6 6 6 6 6 6 7 8 8 8 8 9 10 10 10 10 10 10 11 12 12 12 13 13 13 14 15 15 15 16 16 16 16 16 16 17 17 17 18 18 18 18 19 19 20 21 21
1 2 15 16 21 0 0 3 19 21 2 5 10 13 15 16 4 7 8 12 17 18 20 6 6 9 10 12 8 4 8 11 12 13 14 10 6 8 10 4 10 16 10 0 4 16 0 4 13 15 17 18 6 16 18 6 16 17 19 2 18 6 0 2
-102.30430798999998
ir-8612-a
C H C H C H C H C H C H Ir Ir Ir C Ir Ir C O
0 0 0 0 0 1 2 2 2 2 3 4 4 4 4 4 4 5 6 6 6 6 6 7 8 8 8 8 8 9 10 10 10 10 10 11 12 12 12 13 13 13 13 14 14 14 14 14 15 15 15 15 15 15 16 16 17 17 17 17 18 18 18 18 18 18 19 19
1 14 15 16 19 0 3 17 18 19 2 5 6 8 12 13 14 4 4 7 12 14 15 6 4 9 10 12 13 8 8 11 13 17 18 10 4 6 8 4 8 10 18 0 4 6 15 18 0 6 14 16 17 18 0 15 2 10 15 18 2 10 13 14 15 17 0 2
-102.70841593
cu-87N1-a
N H C H C H C H C H C H C H Cu C C
0 0 0 1 2 2 2 3 4 4 4 5 6 6 6 7 8 8 8 9 10 10 10 10 11 12 12 12 13 14 15 15 15 16 16 16
1 4 16 0 3 4 15 2 0 2 5 4 7 10 15 6 9 10 12 8 6 8 11 14 10 8 13 16 12 10 2 6 16 0 12 15
-107.0466116
ni-9802-a
C H H C H C H C H C H C H C H Ni Ni Ni Ni Ni C Ni Ni C
0 0 0 0 1 2 3 3 3 3 3 4 5 5 5 5 5 5 6 7 7 7 7 7 7 8 9 9 9 9 10 11 11 11 11 12 13 13 13 13 13 14 15 15 15 16 17 17 17 18 18 18 18 18 19 20 20 20 20 20 20 21 21 21 22 22 23 23 23 23 23 23
1 2 11 13 0 0 4 5 7 15 18 3 3 6 15 18 19 20 5 3 8 9 15 16 17 7 7 10 17 23 9 0 12 21 23 11 0 14 18 20 22 13 3 5 7 7 7 9 23 3 5 13 20 23 5 5 13 18 21 22 23 11 20 23 13 20 9 11 17 18 20 21
-112.69199997999999
ru-86S2-a
C H C H C H C H C H Ru C H Ru Ru Ru Ru C Ru C Ru Ru S
0 0 0 0 0 0 1 2 2 2 2 2 2 3 4 4 4 4 4 4 5 6 6 6 6 6 6 7 8 8 8 8 8 9 10 10 10 10 11 11 11 11 11 11 12 12 13 13 13 13 14 15 15 15 16 16 16 16 16 16 17 17 17 17 17 17 18 18 18 19 19 19 19 19 19 20 20 20 21 21 21 22 22 22 22 22
1 16 17 18 21 22 0 3 16 19 20 21 22 2 5 6 8 13 14 15 4 4 7 13 15 16 19 6 4 9 10 11 13 8 8 11 12 17 8 10 12 13 16 17 10 11 4 6 8 11 4 4 6 19 0 2 6 11 17 19 0 10 11 16 18 19 0 17 22 2 6 15 16 17 20 2 19 22 0 2 22 0 2 18 20 21
-101.18823698
au-97N2-a
C H C H C H C H C H C H C H C C N
0 0 0 1 2 2 2 3 4 4 4 5 6 6 6 7 8 8 8 9 10 10 10 11 12 12 12 13 14 14 14 15 15 15 16 16
1 14 16 0 3 4 15 2 2 5 16 4 7 12 14 6 9 10 15 8 8 11 12 10 6 10 13 12 0 6 15 2 8 14 0 4
-115.72877850999998
au-9801-a
C H H C H C H C H C H C H C H C C
0 0 0 0 1 2 3 3 3 4 5 5 5 6 7 7 7 8 9 9 9 10 11 11 11 12 13 13 13 14 15 15 15 16 16 16
1 2 5 16 0 0 4 5 15 3 0 3 6 5 8 9 11 7 7 10 15 9 7 12 13 11 11 14 16 13 3 9 16 0 13 15
-111.02904673
ag-a801-a
C H C H C H C H C H C H C H C H C C
0 0 0 1 2 2 2 3 4 4 4 5 6 6 6 7 8 8 8 9 10 10 10 11 12 12 12 13 14 14 14 15 16 16 16 17 17 17
1 2 6 0 0 3 4 2 2 5 16 4 0 7 17 6 9 10 17 8 8 11 12 10 10 13 14 12 12 15 16 14 4 14 17 6 8 16
-120.49103716000002
pd-9801-a
C H Pd H Pd C H C H C H Pd C H C H Pd C H Pd Pd C C Pd
0 0 0 0 0 1 2 3 3 4 4 4 4 5 5 5 5 5 5 6 6 7 7 7 7 7 8 9 9 9 9 9 10 11 11 11 11 12 12 12 12 12 12 13 13 14 14 14 14 14 15 16 16 16 16 17 17 17 17 17 17 18 18 19 19 19 19 20 20 20 20 20 21 21 21 21 21 21 22 22 22 22 22 23 23 23
1 3 7 22 23 0 3 0 2 5 6 7 21 4 6 7 20 21 23 4 5 0 4 5 8 23 7 10 11 12 14 19 9 9 12 13 21 9 11 13 19 20 21 11 12 9 15 16 17 19 14 14 17 18 22 14 16 18 19 20 22 16 17 9 12 14 17 5 12 17 21 22 4 5 11 12 20 22 0 16 17 20 21 0 5 7
-113.07024697
pt-87N1-a
Pt N H C H C H C H C H C H C H Pt Pt Pt Pt C Pt C Pt
0 1 1 1 2 2 3 3 3 3 3 3 4 5 5 5 5 6 7 7 7 7 7 7 8 9 9 9 9 9 10 11 11 11 11 11 12 13 13 13 13 13 14 15 15 15 16 16 17 17 17 18 18 18 18 18 19 19 19 19 19 19 20 20 21 21 21 21 22 22
2 2 5 21 0 1 4 5 18 19 20 22 3 1 3 6 22 5 8 11 15 17 18 19 7 10 11 13 15 16 9 7 9 12 15 17 11 9 14 16 18 21 13 7 9 11 9 13 7 11 19 3 7 13 19 21 3 7 17 18 20 21 3 19 1 13 18 19 3 5
-108.47604352000002
cd-8612-a
C H C H C H C H C H C H C C O
0 0 0 1 2 2 2 3 4 4 4 5 6 6 6 7 8 8 8 9 10 10 10 11 12 12 12 13 13 13 14 14
1 12 14 0 3 13 14 2 5 6 8 4 4 7 12 6 4 9 10 8 8 11 13 10 0 6 13 2 10 12 0 2
-100.29685183000001
au-8611-a
C H C H C H C H C H C H C C O
0 0 0 1 2 2 2 3 4 4 4 5 6 6 6 7 8 8 8 9 10 10 10 11 12 12 12 13 13 13 14 14
1 2 12 0 0 3 14 2 5 10 12 4 7 8 13 6 6 9 10 8 4 8 11 10 0 4 13 6 12 14 2 13
-101.05082587000001
ir-8611-a
C H C H C H C H C H C H Ir Ir Ir Ir C Ir C O Ir
0 0 0 0 0 0 1 2 2 2 2 2 3 4 4 4 4 4 4 5 6 6 6 6 6 6 7 8 8 8 8 8 9 10 10 10 10 10 11 12 12 12 12 13 13 14 14 14 15 15 15 15 15 16 16 16 16 16 16 17 17 17 18 18 18 18 19 19 19 20 20 20
1 2 15 16 17 20 0 0 3 17 19 20 2 5 10 12 14 15 16 4 7 8 12 13 15 18 6 6 9 10 12 13 8 4 8 11 12 14 10 4 6 8 10 6 8 4 10 16 0 4 6 16 18 0 4 14 15 17 18 0 2 16 6 15 16 19 2 18 20 0 2 19
-102.87825526999995
ru-8611-a
C H C H C H Ru C H C H C H Ru Ru Ru Ru C C O Ru Ru
0 0 0 0 0 0 1 2 2 2 2 2 3 4 4 4 4 4 4 5 6 6 7 7 7 7 7 7 8 8 9 9 9 9 9 10 11 11 11 11 11 12 13 13 13 13 14 14 14 15 15 15 16 16 16 16 16 16 17 17 17 17 17 17 18 18 18 18 19 19 19 19 20 20 21 21
1 2 15 16 17 20 0 0 3 19 20 21 2 5 11 13 15 16 17 4 7 8 6 8 9 14 16 18 6 7 7 10 11 13 14 9 4 9 12 13 14 11 4 9 11 17 7 9 11 0 4 17 0 4 7 17 18 19 0 4 13 15 16 18 7 16 17 19 2 16 18 21 0 2 2 19
-102.68357498999995
ru-8612-a
C H C H Ru C H C H C H C H Ru Ru C Ru Ru C O
0 0 0 0 0 1 2 2 2 2 3 4 4 4 5 5 5 5 5 5 6 6 7 7 7 7 8 9 9 9 9 9 10 11 11 11 11 11 12 13 13 13 13 14 14 14 14 15 15 15 15 15 15 16 16 16 17 17 17 17 17 18 18 18 18 18 18 19 19 19
1 15 16 17 19 0 3 17 18 19 2 5 6 9 4 6 7 9 13 14 4 5 5 8 14 15 7 4 5 10 11 13 9 9 12 13 17 18 11 5 9 11 18 5 7 15 18 0 7 14 16 17 18 0 15 19 0 2 11 15 18 2 11 13 14 15 17 0 2 16
-102.83915671000005
au-86S1-a
C H C H C H C H C H C H C C S
0 0 0 1 2 2 2 3 4 4 4 5 6 6 6 7 8 8 8 9 10 10 10 11 12 12 12 13 13 13 14 14
1 2 12 0 0 3 14 2 5 10 12 4 7 8 13 6 6 9 10 8 4 8 11 10 0 4 13 6 12 14 2 13
-98.81088783000001
ru-86S1-a
Ru C H C H Ru C H C H C H C H Ru Ru Ru C C Ru S Ru
0 0 1 1 1 1 1 1 2 2 3 3 3 3 4 5 5 5 5 6 6 6 6 6 6 7 7 8 8 8 8 8 9 10 10 10 10 10 11 12 12 12 12 12 13 14 14 14 14 15 15 15 16 16 16 16 16 17 17 17 17 17 18 18 18 18 18 18 19 19 20 20 20 20 21 21
1 2 0 2 3 16 17 21 0 1 1 4 20 21 3 6 7 12 17 5 7 12 14 16 17 5 6 9 10 14 15 18 8 8 11 12 14 15 10 5 6 10 13 14 12 6 8 10 12 8 10 18 1 6 17 18 20 1 5 6 16 18 8 15 16 17 19 20 18 20 3 16 18 19 1 3
-101.19950889
ru-87N1-a
N H C H C H Ru C H C H C H C H Ru Ru Ru C C Ru Ru Ru
0 0 0 0 0 0 1 2 2 2 2 2 2 3 4 4 4 4 4 5 6 6 6 7 7 7 7 7 7 8 8 9 9 9 9 9 10 11 11 11 11 11 12 13 13 13 13 13 14 15 15 15 15 16 16 16 17 17 17 17 17 18 18 18 18 19 19 19 19 19 19 20 20 20 21 22 22 22
1 4 17 19 20 22 0 3 4 17 18 21 22 2 0 2 5 20 22 4 7 8 11 6 8 11 15 17 18 6 7 10 11 13 15 16 9 6 7 9 12 15 11 9 14 15 16 19 13 7 9 11 13 9 13 19 0 2 7 18 19 2 7 17 19 0 13 16 17 18 20 0 4 19 2 0 2 4
-108.81917699000002
zn-9802-a
C H H C H C H C H C H C H C H C C Zn Zn
0 0 0 0 1 2 3 3 3 4 5 5 5 6 7 7 7 8 9 9 9 10 11 11 11 11 12 13 13 13 13 14 15 15 15 16 16 16 16 17 17 18
1 2 11 13 0 0 4 5 7 3 3 6 15 5 3 8 9 7 7 10 16 9 0 12 16 17 11 0 14 15 18 13 5 13 16 9 11 15 17 11 16 13
-110.27640973999999
au-a801-a
C H C H C H C H C H C H C H C H C C
0 0 0 1 2 2 2 3 4 4 4 5 6 6 6 7 8 8 8 9 10 10 10 11 12 12 12 13 14 14 14 15 16 16 16 17 17 17
1 2 6 0 0 3 4 2 2 5 16 4 0 7 17 6 9 10 17 8 8 11 12 10 10 13 14 12 12 15 16 14 4 14 17 6 8 16
-120.54957295000003
os-8612-a
C H C H C H C H C H C H Os Os Os C Os Os C O
0 0 0 0 0 1 2 2 2 2 3 4 4 4 4 4 5 6 6 6 6 7 8 8 8 8 8 9 10 10 10 10 11 12 12 13 13 13 14 14 14 14 14 15 15 15 15 15 15 16 16 17 17 17 18 18 18 18 18 18 19 19
1 14 15 16 19 0 3 17 18 19 2 5 6 8 12 14 4 4 7 14 15 6 4 9 10 12 13 8 8 11 13 18 10 4 8 8 10 18 0 4 6 15 18 0 6 14 16 17 18 0 15 2 15 18 2 10 13 14 15 17 0 2
-102.90672638000001
ag-87N2-a
N H C H C H C H C H C H C H C C
0 0 0 1 2 2 2 3 4 4 4 5 6 6 6 7 8 8 8 9 10 10 10 11 12 12 12 13 14 14 14 15 15 15
1 2 4 0 0 3 14 2 0 5 15 4 7 8 10 6 6 9 15 8 6 11 12 10 10 13 14 12 2 12 15 4 8 14
-106.61071573000001
rh-9802-a
Rh C H H C H C H C H C H C H C H Rh Rh Rh Rh C Rh Rh C
0 1 1 1 1 1 1 2 2 3 4 4 4 4 4 5 6 6 6 6 6 6 7 8 8 8 8 8 9 10 10 10 10 11 12 12 12 12 13 14 14 14 14 14 15 16 16 16 17 17 17 18 18 18 18 18 19 20 20 20 20 20 20 21 21 21 21 22 22 22 23 23 23 23 23 23
2 2 3 12 14 21 22 0 1 1 5 6 8 16 18 4 4 7 16 18 19 20 6 4 9 10 16 17 8 8 11 17 23 10 1 13 21 23 12 1 15 18 20 22 14 4 6 8 8 10 23 4 6 14 20 23 6 6 14 18 21 22 23 1 12 20 23 1 14 20 10 12 17 18 20 21
-113.30077999000002
zn-a801-a
C H C H C H C H C H C H C H C H C C
0 0 0 1 2 2 2 3 4 4 4 5 6 6 6 7 8 8 8 9 10 10 10 11 12 12 12 13 14 14 14 15 16 16 16 17 17 17
1 2 6 0 0 3 4 2 2 5 16 4 0 7 17 6 9 10 17 8 8 11 12 10 10 13 14 12 12 15 16 14 4 14 17 6 8 16
-120.36621790000001
au-9802-a
Au C H H C H C H C H C H C H C H C C Au Au
0 1 1 1 1 2 2 3 4 4 4 5 6 6 6 7 8 8 8 9 10 10 10 11 12 12 12 12 13 14 14 14 14 15 16 16 16 17 17 17 17 18 18 19
2 2 3 12 14 0 1 1 5 6 8 4 4 7 16 6 4 9 10 8 8 11 17 10 1 13 17 18 12 1 15 16 19 14 6 14 17 10 12 16 18 12 17 14
-110.39279498000002
os-9802-a
C H H C H C H C H C H C H C H Os Os Os Os C Os C Os
0 0 0 0 1 2 3 3 3 3 3 4 5 5 5 5 5 5 6 7 7 7 7 7 8 9 9 9 9 10 11 11 11 11 12 13 13 13 13 13 14 15 15 15 16 16 16 17 17 17 17 17 18 19 19 19 19 19 20 20 21 21 21 21 21 21 22 22
1 2 11 13 0 0 4 5 7 15 17 3 3 6 15 17 18 19 5 3 8 9 15 16 7 7 10 16 21 9 0 12 21 22 11 0 14 17 19 20 13 3 5 7 7 9 21 3 5 13 19 21 5 5 13 17 20 21 13 19 9 11 16 17 19 22 11 21
-113.5095867
cd-9802-a
C H H C H C H C H C H C H C H C C Cd Cd
0 0 0 0 1 2 3 3 3 4 5 5 5 6 7 7 7 8 9 9 9 10 11 11 11 11 12 13 13 13 13 14 15 15 15 16 16 16 16 17 17 18
1 2 11 13 0 0 4 5 7 3 3 6 15 5 3 8 9 7 7 10 16 9 0 12 16 17 11 0 14 15 18 13 5 13 16 9 11 15 17 11 16 13
-110.12192582
ru-a801-a
Ru C H C H Ru C H C H C H Ru C H C H Ru C H Ru Ru Ru C C Ru Ru
0 0 1 1 1 1 1 1 2 2 3 3 3 3 4 5 5 6 6 6 6 6 6 7 7 8 8 8 8 9 10 10 10 10 11 12 12 13 13 13 13 13 13 14 14 15 15 15 15 16 17 17 18 18 18 18 18 18 19 19 20 20 20 21 21 21 22 22 22 22 23 23 23 23 24 24 24 24 24 24 25 25 25 26 26 26
1 2 0 2 3 8 20 21 0 1 1 4 6 20 3 6 7 3 5 7 20 22 23 5 6 1 9 21 24 8 11 13 24 25 10 13 14 10 12 14 15 25 26 12 13 13 16 18 26 15 18 19 15 17 19 22 23 26 17 18 1 3 6 1 8 24 6 18 23 24 6 18 22 24 8 10 21 22 23 25 10 13 24 13 15 18
-123.18045390000003
