rh-9801-a
C H Rh H Rh C H Rh C H Rh Rh C H Rh C H Rh C H Rh C H Rh C C
0 0 0 0 0 0 0 1 2 2 2 3 3 4 4 4 5 5 5 5 5 5 6 6 7 7 7 7 8 8 8 8 8 9 9 10 10 10 10 10 10 11 11 12 12 12 12 12 12 13 13 13 14 14 14 14 15 15 15 15 15 15 16 16 17 17 18 18 18 18 18 18 18 19 19 19 20 20 20 20 21 21 21 21 21 21 22 22 23 23 23 23 23 23 23 23 24 24 24 24 24 24 25 25 25 25 25 25
1 2 3 7 8 23 25 0 0 3 25 0 2 5 6 24 4 6 7 8 23 24 4 5 0 5 8 9 0 5 7 9 23 7 8 12 13 15 18 19 21 12 13 10 11 13 14 15 18 10 11 12 12 15 16 24 10 12 14 16 23 24 14 15 18 19 10 12 17 19 20 21 23 10 17 18 18 21 22 25 10 18 20 22 23 25 20 21 0 5 8 15 18 21 24 25 4 5 14 15 23 25 0 2 20 21 23 24
-113.28997107999999
cu-97N2-a
Cu C H C H Cu C H C H C H C H C H C Cu C Cu N Cu
0 0 1 1 1 1 1 1 2 2 3 3 3 3 4 5 6 6 6 6 6 7 7 8 8 8 9 10 10 10 11 12 12 12 13 14 14 14 15 16 16 16 16 17 17 18 18 18 19 19 19 20 20 20 20 21 21 21
1 2 0 2 16 17 19 20 0 1 4 6 18 21 3 7 3 7 19 20 21 5 6 9 14 16 8 11 12 18 10 10 13 14 12 8 12 15 14 1 8 17 18 1 16 3 10 16 1 6 20 1 6 19 21 3 6 20
-115.79943139
zn-87N2-a
N H C H C H C H C H C H C H C C
0 0 0 1 2 2 2 3 4 4 4 5 6 6 6 7 8 8 8 9 10 10 10 11 12 12 12 13 14 14 14 15 15 15
1 2 4 0 0 3 14 2 0 5 15 4 7 8 10 6 6 9 15 8 6 11 12 10 10 13 14 12 2 12 15 4 8 14
-106.46565769
pd-9802-a
Pd Pd C H H Pd C H Pd Pd C H Pd Pd C H C H Pd C H C H C C Pd
0 0 1 1 1 1 1 2 2 2 2 2 2 3 3 3 4 5 5 5 5 6 6 6 6 6 6 7 7 8 8 9 9 9 9 9 9 10 10 10 10 10 10 11 11 11 12 12 13 13 13 13 13 13 14 14 14 14 14 14 15 15 15 16 16 16 16 16 16 17 17 18 18 18 18 18 18 18 19 19 19 19 19 20 20 21 21 21 21 21 21 22 22 23 23 23 23 23 23 24 24 24 24 24 24 25
3 19 2 3 21 22 23 1 3 4 18 19 21 0 1 2 2 6 7 10 14 5 7 9 10 13 14 5 6 10 11 6 10 11 21 23 24 5 6 8 9 11 23 8 9 10 14 15 6 14 15 16 17 24 5 6 12 13 15 16 12 13 14 13 14 17 18 24 25 13 16 2 16 19 20 21 23 24 0 2 18 20 24 18 19 1 2 9 18 22 23 1 21 1 9 10 18 21 24 9 13 16 18 19 23 16
-113.00045979000001
zn-8612-a
C H C H C H C H C H C H C C O
0 0 0 1 2 2 2 3 4 4 4 5 6 6 6 7 8 8 8 9 10 10 10 11 12 12 12 13 13 13 14 14
1 12 14 0 3 13 14 2 5 6 8 4 4 7 12 6 4 9 10 8 8 11 13 10 0 6 13 2 10 12 0 2
-100.36620980000001
ru-97N1-a
Ru Ru C H C H Ru C H Ru C H Ru C H Ru C H Ru C H Ru Ru C C N
0 0 0 0 0 0 1 1 1 1 2 2 2 2 2 2 3 3 3 4 4 4 4 4 4 4 5 5 6 6 6 6 6 7 7 7 7 7 7 8 8 9 9 9 9 10 10 10 10 10 10 10 11 11 12 12 12 12 12 12 13 13 13 13 13 13 13 14 14 14 15 15 15 15 16 16 16 16 16 16 16 17 17 18 18 18 19 19 19 19 19 19 20 20 20 21 21 21 21 21 21 21 21 22 22 22 22 23 23 23 23 23 23 24 24 24 24 24 24 25 25 25 25 25
2 3 4 5 7 10 2 3 13 14 0 1 3 4 6 7 0 1 2 0 2 5 9 10 18 21 0 4 2 7 8 16 24 0 2 6 8 21 24 6 7 4 10 11 23 0 4 9 11 21 22 23 9 10 13 14 16 19 20 25 1 12 14 19 21 22 25 1 12 13 16 17 19 24 6 12 15 17 19 21 24 15 16 4 19 20 12 13 15 16 18 20 12 18 19 4 7 10 13 16 23 24 25 10 13 23 25 9 10 21 22 24 25 6 7 15 16 21 23 12 13 21 22 23
-118.24148831999997
rh-8612-a
Rh C H Rh C H Rh C H Rh Rh C H Rh Rh C H C H C C Rh O Rh Rh
0 0 0 0 1 1 1 1 1 1 2 2 3 3 3 3 3 3 3 4 4 4 4 4 4 5 5 6 6 6 6 7 7 7 7 7 7 8 8 9 9 10 10 10 10 10 10 11 11 11 11 11 11 12 12 12 13 13 13 13 13 13 14 14 15 15 15 15 15 15 16 16 16 17 17 17 17 17 17 18 18 19 19 19 19 19 19 20 20 20 20 20 20 21 22 22 22 22 22 23 23 24
1 2 19 22 0 2 3 10 19 22 0 1 1 4 5 17 19 20 22 3 5 20 22 23 24 3 4 7 8 11 15 6 8 10 11 13 15 6 7 11 12 1 7 11 12 19 20 6 7 9 10 12 19 9 10 11 7 15 16 17 18 20 15 16 6 7 13 14 16 17 13 14 15 3 13 15 18 20 21 13 17 0 1 3 10 11 20 3 4 10 13 17 19 17 0 1 3 4 23 4 22 4
-102.99101107000001
pt-86S1-a
Pt C H Pt C H Pt C H Pt C H Pt C H C H Pt Pt Pt C C Pt S
0 0 0 0 1 1 1 1 1 1 2 2 3 3 3 3 4 4 4 4 4 4 5 5 6 6 6 6 7 7 7 7 7 7 8 8 9 9 9 9 10 10 10 10 10 10 11 11 12 12 12 12 12 12 13 13 13 13 13 13 14 14 15 15 15 15 15 15 16 16 17 18 19 19 19 19 19 19 19 20 20 20 20 20 20 21 21 21 21 21 21 22 22 23 23 23 23 23
1 2 4 20 0 2 3 4 19 20 0 1 1 4 5 23 0 1 3 5 19 23 3 4 7 8 15 20 6 8 12 15 19 20 6 7 10 11 13 21 9 11 12 13 19 21 9 10 7 10 13 14 15 16 9 10 12 14 15 17 12 13 6 7 12 13 16 18 12 15 13 15 1 4 7 10 20 21 23 0 1 6 7 19 21 9 10 19 20 22 23 21 23 3 4 19 21 22
-100.77777101999999
cu-86S2-a
Cu C H Cu C H C H C H C H C H Cu C Cu C S Cu Cu
0 0 0 0 0 1 1 1 1 1 1 2 2 3 3 3 3 4 4 4 4 5 5 6 6 6 7 8 8 8 8 9 10 10 10 11 12 12 12 12 13 14 14 15 15 15 15 15 15 16 16 16 17 17 17 17 17 17 18 18 18 18 18 19 20 20
1 2 15 17 18 0 2 15 18 19 20 0 1 4 5 17 18 3 5 17 18 3 4 7 8 10 6 6 9 16 17 8 6 11 12 10 10 13 14 15 12 12 15 0 1 12 14 16 17 8 15 17 0 3 4 8 15 16 0 1 3 4 20 1 1 18
-98.68902752000002
ag-8611-a
C H C H C H C H C H C H Ag Ag C C Ag O Ag
0 0 0 1 2 2 2 2 3 4 4 4 4 5 6 6 6 7 8 8 8 8 9 10 10 10 10 11 12 13 13 14 14 14 15 15 15 15 16 17 17 18
1 2 14 0 0 3 17 18 2 5 10 13 14 4 7 8 15 6 6 9 10 12 8 4 8 11 13 10 8 4 10 0 4 15 6 14 16 17 15 2 15 2
-100.99564004000001
ru-9801-a
C H Ru H Ru C H Ru C H Ru Ru C H Ru C H Ru C H Ru C H Ru C C
0 0 0 0 0 0 0 1 2 2 2 3 3 4 4 4 4 5 5 5 5 5 5 6 6 7 7 7 7 8 8 8 8 8 9 9 10 10 10 10 10 10 11 11 12 12 12 12 12 12 13 13 13 14 14 14 14 15 15 15 15 15 15 15 16 16 17 17 18 18 18 18 18 18 18 19 19 19 20 20 20 20 21 21 21 21 21 21 22 22 23 23 23 23 23 23 23 23 24 24 24 24 24 24 25 25 25 25 25 25
1 2 3 7 8 23 25 0 0 3 25 0 2 5 6 15 24 4 6 7 8 23 24 4 5 0 5 8 9 0 5 7 9 23 7 8 12 13 15 18 19 21 12 13 10 11 13 14 15 18 10 11 12 12 15 16 24 4 10 12 14 16 23 24 14 15 18 19 10 12 17 19 20 21 23 10 17 18 18 21 22 25 10 18 20 22 23 25 20 21 0 5 8 15 18 21 24 25 4 5 14 15 23 25 0 2 20 21 23 24
-112.91224147999998
ru-9802-a
Ru C H H Ru C H Ru Ru C H Ru C H Ru C H Ru C H Ru C H Ru C C
0 1 1 1 1 1 1 2 2 3 4 4 4 4 4 5 5 5 5 5 5 6 6 7 7 7 8 8 8 8 8 8 8 8 9 9 9 9 9 9 9 10 10 10 11 11 12 12 12 12 12 12 12 13 13 13 14 14 14 14 15 15 15 15 15 15 16 16 17 17 17 17 17 17 17 18 18 18 18 19 19 20 20 20 20 21 21 21 21 21 21 21 22 22 23 23 24 24 24 24 24 24 25 25 25 25 25 25
2 2 3 17 18 20 21 0 1 1 5 6 9 12 13 4 6 7 8 9 12 4 5 5 9 10 5 9 10 12 15 21 24 25 4 5 7 8 10 23 24 7 8 9 12 13 4 5 8 11 13 14 15 4 11 12 12 15 16 25 8 12 14 16 17 25 14 15 1 15 18 19 21 24 25 1 17 19 25 17 18 1 21 22 24 1 8 17 20 22 23 24 20 21 9 21 8 9 17 20 21 25 8 14 15 17 18 24
-113.28464309999998
cu-a801-a
C H C H C H C H C H C H C H C H Cu Cu C Cu C Cu Cu Cu Cu
0 0 0 0 1 2 2 2 2 3 4 4 4 4 5 6 6 6 6 7 8 8 8 8 9 10 10 10 10 11 12 12 12 12 13 14 14 14 14 15 16 16 17 18 18 18 18 19 19 20 20 20 20 21 22 23 23 24
1 2 6 16 0 0 3 4 16 2 2 5 17 18 4 0 7 20 21 6 9 10 20 22 8 8 11 12 23 10 10 13 14 23 12 12 15 18 24 14 0 2 4 4 14 19 20 18 20 6 8 18 19 6 8 10 12 14
-120.57480509999999
rh-86S1-a
Rh C H Rh C H Rh C H Rh C H Rh Rh C H Rh C H Rh C C Rh S
0 0 0 0 1 1 1 1 1 1 2 2 3 3 3 3 4 4 4 4 4 4 5 5 6 6 6 6 7 7 7 7 7 7 8 8 9 9 9 9 10 10 10 10 10 10 11 11 12 12 12 12 12 12 12 13 13 14 14 14 14 14 14 15 15 15 16 16 16 17 17 17 17 17 17 18 18 18 19 19 19 19 19 19 19 20 20 20 20 20 20 21 21 21 21 21 21 21 22 22 23 23 23 23 23 23
1 2 4 20 0 2 3 4 19 20 0 1 1 4 5 23 0 1 3 5 19 23 3 4 7 8 17 20 6 8 12 17 19 20 6 7 10 11 14 21 9 11 12 14 19 21 9 10 7 10 14 15 17 18 21 14 15 9 10 12 13 15 17 12 13 14 17 18 23 6 7 12 14 16 18 12 16 17 1 4 7 10 20 21 23 0 1 6 7 19 21 9 10 12 19 20 22 23 21 23 3 4 16 19 21 22
-101.51757952000003
pt-86S2-a
Pt C H Pt C H Pt C H Pt C H C H Pt C H Pt Pt Pt C C Pt S
0 0 0 0 1 1 1 1 1 1 2 2 3 3 3 3 4 4 4 4 4 4 5 5 6 6 6 6 6 6 7 7 7 7 7 7 8 8 9 9 9 9 10 10 10 10 10 10 11 11 12 12 12 12 12 12 13 13 14 14 14 14 15 15 15 15 15 15 16 16 17 18 19 19 19 19 19 19 19 20 20 20 20 20 20 21 21 21 21 21 21 22 22 22 23 23 23 23 23 23
1 2 20 23 0 2 19 20 22 23 0 1 4 5 21 23 3 5 19 21 22 23 3 4 7 8 10 12 13 15 6 8 9 10 12 17 6 7 7 10 11 21 6 7 9 11 19 21 9 10 6 7 13 14 15 18 6 12 12 15 16 20 6 12 14 16 19 20 14 15 7 12 1 4 10 15 20 21 23 0 1 14 15 19 21 3 4 9 10 19 20 1 4 23 0 1 3 4 19 22
-100.81529778999999
ni-87N2-a
Ni N H Ni C H Ni C H Ni C H Ni C H Ni C H Ni C H Ni Ni C C
0 0 0 0 1 1 1 1 1 2 2 3 3 3 4 4 4 4 4 4 5 5 6 6 6 7 7 7 7 7 7 8 8 9 9 10 10 10 10 10 10 11 11 12 12 12 12 13 13 13 13 13 13 14 14 15 15 16 16 16 16 16 16 17 17 18 18 18 18 19 19 19 19 19 19 20 20 21 21 21 21 22 22 22 22 22 22 22 23 23 23 23 23 23 24 24 24 24 24 24
1 2 4 7 0 2 4 7 22 0 1 4 5 23 0 1 3 5 22 23 3 4 7 8 24 0 1 6 8 22 24 6 7 10 11 9 11 12 13 16 21 9 10 10 13 14 24 10 12 14 21 22 24 12 13 16 17 10 15 17 18 19 21 15 16 16 19 20 23 16 18 20 21 22 23 18 19 10 13 16 19 1 4 7 13 19 23 24 3 4 18 19 22 24 6 7 12 13 22 23
-108.25941876000002
zn-87N1-a
N H C H C H C H C H C H C H C C
0 0 0 1 2 2 2 3 4 4 4 5 6 6 6 7 8 8 8 9 10 10 10 11 12 12 12 13 14 14 14 15 15 15
1 4 15 0 3 4 14 2 0 2 5 4 7 10 14 6 9 10 12 8 6 8 11 10 8 13 15 12 2 6 15 0 12 14
-106.79147258999998
pd-8611-a
Pd C H Pd C H Pd C H Pd C H Pd C H Pd C H Pd Pd C C O Pd Pd
0 0 0 0 0 1 1 1 1 1 1 2 2 3 3 3 3 3 4 4 4 4 4 4 5 5 6 6 6 6 6 6 7 7 7 7 7 7 8 8 9 9 10 10 10 10 10 10 11 11 12 12 12 12 13 13 13 13 13 13 14 14 15 15 16 16 16 16 16 16 17 17 17 18 18 18 18 18 18 19 20 20 20 20 20 20 21 21 21 21 21 22 22 22 22 22 23 24
1 2 4 7 20 0 2 3 4 20 23 0 1 1 4 5 21 22 0 1 3 5 18 22 3 4 7 8 13 16 17 20 0 6 8 16 19 20 6 7 10 11 9 11 12 13 18 21 9 10 10 13 14 16 6 10 12 14 16 18 12 13 16 17 6 7 12 13 15 17 6 15 16 4 10 13 20 21 22 7 0 1 6 7 18 21 3 10 18 20 22 3 4 18 21 24 1 22
-102.58076513
ag-9801-a
C H Ag H C H C H C H C H C H C H Ag Ag C Ag C Ag
0 0 0 0 1 2 3 3 4 4 4 4 5 6 6 6 7 8 8 8 8 9 10 10 10 10 11 12 12 12 12 13 14 14 14 15 16 16 17 18 18 18 18 19 19 20 20 20 20 21
1 3 6 20 0 3 0 2 5 6 18 21 4 0 4 7 6 9 10 12 16 8 8 11 17 18 10 8 13 14 16 12 12 15 20 14 8 12 10 4 10 19 20 18 20 0 14 18 19 4
-110.96874143
ag-97N1-a
C H C H C H C H C H C H C H Ag Ag C Ag C N Ag Ag
0 0 0 0 1 2 2 2 2 3 4 4 4 5 6 6 6 6 7 8 8 8 8 9 10 10 10 11 12 12 12 12 13 14 14 15 16 16 16 16 17 17 18 18 18 18 19 19 19 20 20 21
1 2 4 14 0 0 3 6 14 2 0 5 18 4 2 7 15 16 6 9 12 19 20 8 11 12 18 10 8 10 13 20 12 0 2 6 6 17 18 19 16 18 4 10 16 17 8 16 21 8 12 19
-115.69671647000001
ir-86S1-a
Ir C H Ir C H Ir C H Ir C H Ir C H Ir C H Ir Ir C C Ir S
0 0 0 0 1 1 1 1 1 1 2 2 3 3 3 3 4 4 4 4 4 4 5 5 6 6 6 6 7 7 7 7 7 7 8 8 9 9 9 9 10 10 10 10 10 10 11 11 12 12 12 12 12 12 13 13 13 13 13 13 14 14 15 15 15 16 16 16 16 16 16 17 17 17 18 19 19 19 19 19 19 19 20 20 20 20 20 20 21 21 21 21 21 21 22 22 23 23 23 23 23 23
1 2 4 20 0 2 3 4 19 20 0 1 1 4 5 23 0 1 3 5 19 23 3 4 7 8 16 20 6 8 12 16 19 20 6 7 10 11 13 21 9 11 12 13 19 21 9 10 7 10 13 14 16 17 9 10 12 14 16 18 12 13 16 17 23 6 7 12 13 15 17 12 15 16 13 1 4 7 10 20 21 23 0 1 6 7 19 21 9 10 19 20 22 23 21 23 3 4 15 19 21 22
-101.22290181999995
ni-8612-a
Ni C H C H Ni C H Ni C H Ni C H Ni C H Ni C Ni C Ni O Ni Ni
0 0 0 0 1 1 1 1 1 1 2 2 3 3 3 3 3 3 4 5 5 5 5 6 6 6 6 6 6 7 7 8 8 9 9 9 9 9 9 10 10 11 11 12 12 12 12 12 12 13 13 14 14 14 14 14 15 15 15 15 15 15 16 16 17 17 17 17 17 18 18 18 18 18 18 19 19 19 19 19 19 20 20 20 20 20 20 21 22 22 22 22 22 23 23 24
1 2 18 22 0 2 17 18 19 22 0 1 4 19 20 22 23 24 3 6 7 9 12 5 7 9 12 14 17 5 6 9 10 5 6 8 10 17 18 8 9 12 13 5 6 11 13 14 15 11 12 6 12 15 16 20 12 14 16 19 20 21 14 15 1 6 9 18 20 0 1 9 17 19 20 1 3 15 18 20 22 3 14 15 17 18 19 15 0 1 3 19 23 3 22 3
-102.3744777
rh-87N1-a
Rh N H Rh C H Rh C H Rh C H Rh C H Rh C H Rh C H Rh Rh C C
0 0 0 0 1 1 1 1 1 1 2 2 3 3 3 3 4 4 4 4 4 4 5 5 6 6 6 6 7 7 7 7 7 7 8 8 9 9 9 9 10 10 10 10 10 10 10 11 11 12 12 12 12 12 12 13 13 13 13 13 13 13 14 14 15 15 16 16 16 16 16 16 16 17 17 17 18 18 18 18 19 19 19 19 19 19 20 20 21 22 22 22 22 22 22 22 22 22 23 23 23 23 23 23 24 24 24 24 24 24
1 2 7 24 0 2 6 7 22 24 0 1 4 5 10 23 3 5 6 7 22 23 3 4 1 4 7 8 0 1 4 6 8 22 6 7 10 11 16 23 3 9 11 12 16 22 23 9 10 10 13 14 16 17 19 12 14 16 18 19 21 22 12 13 16 17 9 10 12 13 15 17 22 12 15 16 13 19 20 24 12 13 18 20 22 24 18 19 13 1 4 7 10 13 16 19 23 24 3 4 9 10 22 24 0 1 18 19 22 23
-108.71249873
pd-97N2-a
Pd C H Pd C H Pd C H Pd C H Pd C H Pd Pd C H C H Pd Pd C C N
0 0 0 0 1 1 1 1 1 1 2 2 3 3 3 3 4 4 4 4 4 4 5 5 6 6 6 6 6 7 7 7 7 7 7 8 8 9 9 9 9 10 10 10 10 10 10 11 11 12 12 12 12 13 13 13 13 13 13 14 14 15 15 15 15 15 15 16 16 17 17 17 17 17 17 18 18 18 19 19 19 19 19 19 20 20 21 21 22 22 22 22 22 22 23 23 23 23 23 23 24 24 24 24 24 24 25 25 25 25
1 2 23 25 0 2 6 22 23 25 0 1 4 5 7 24 3 5 6 7 22 24 3 4 1 4 7 8 25 3 4 6 8 21 25 6 7 10 11 19 23 9 11 15 19 22 23 9 10 13 14 17 24 12 14 15 17 22 24 12 13 10 13 17 18 19 20 17 18 12 13 15 16 18 19 15 16 17 9 10 15 17 20 21 15 19 7 19 1 4 10 13 23 24 0 1 9 10 22 24 3 4 12 13 22 23 0 1 6 7
-117.71784463000003
cu-87N2-a
N H C H C H Cu C H C H C H C H Cu Cu Cu C C Cu Cu
0 0 0 0 1 2 2 2 3 4 4 4 4 5 6 6 7 7 7 7 7 7 8 8 9 9 9 9 10 11 11 11 11 12 13 13 13 13 13 14 15 15 15 16 16 17 17 18 18 18 18 19 19 19 19 20 20 21
1 2 4 21 0 0 3 18 2 0 5 19 20 4 7 8 6 8 9 11 15 16 6 7 7 10 16 19 9 7 12 13 15 11 11 14 15 17 18 13 7 11 13 7 9 13 18 2 13 17 19 4 9 18 20 4 19 0
-106.75592043
os-86S1-a
Os C H Os C H Os C H Os C H Os Os C H Os C H Os C C Os S
0 0 0 0 1 1 1 1 1 1 2 2 3 3 3 3 4 4 4 4 4 4 5 5 6 6 6 6 7 7 7 7 7 7 8 8 9 9 9 9 10 10 10 10 10 10 11 11 12 12 12 12 12 12 13 13 14 14 14 14 14 14 15 15 15 16 16 16 17 17 17 17 17 17 18 18 18 19 19 19 19 19 19 19 20 20 20 20 20 20 21 21 21 21 21 21 22 22 23 23 23 23 23 23
1 2 4 20 0 2 3 4 19 20 0 1 1 4 5 23 0 1 3 5 19 23 3 4 7 8 17 20 6 8 12 17 19 20 6 7 10 11 14 21 9 11 12 14 19 21 9 10 7 10 14 15 17 18 14 15 9 10 12 13 15 17 12 13 14 17 18 23 6 7 12 14 16 18 12 16 17 1 4 7 10 20 21 23 0 1 6 7 19 21 9 10 19 20 22 23 21 23 3 4 16 19 21 22
-101.35588429000006
rh-97N1-a
Rh Rh C H Rh C H Rh C H Rh C H Rh C H Rh C H C H Rh Rh C C N
0 0 0 0 0 0 1 1 1 1 2 2 2 2 2 2 3 3 3 4 4 4 5 5 5 5 5 5 6 6 6 7 7 7 7 8 8 8 8 8 8 9 9 10 10 10 10 11 11 11 11 11 11 11 12 12 13 13 13 13 13 13 14 14 14 14 14 14 14 15 15 15 16 16 16 16 17 17 17 17 17 17 18 18 19 19 19 19 19 19 20 20 21 21 21 21 22 22 22 22 22 22 22 23 23 23 23 23 23 24 24 24 24 24 24 25 25 25 25 25
2 3 5 6 8 11 2 3 14 15 0 1 3 5 7 8 0 1 2 5 6 19 0 2 4 6 10 11 0 4 5 2 8 9 24 0 2 7 9 22 24 7 8 5 11 12 23 0 5 10 12 21 22 23 10 11 14 15 17 19 20 25 1 13 15 19 21 22 25 1 13 14 17 18 19 24 13 16 18 19 22 24 16 17 4 13 14 16 17 20 13 19 11 14 23 25 8 11 14 17 23 24 25 10 11 21 22 24 25 7 8 16 17 22 23 13 14 21 22 23
-118.42499027000002
ir-9802-a
Ir C H H Ir C H Ir Ir C H C H Ir C H Ir C H Ir C H Ir C C
0 1 1 1 1 1 1 2 2 3 4 4 4 4 4 5 5 5 5 5 5 6 6 7 7 7 8 8 8 8 8 8 8 8 9 9 9 9 9 9 10 10 10 11 11 11 11 11 11 11 12 12 13 13 13 13 14 14 14 14 14 15 15 16 16 16 16 16 16 17 17 17 17 18 18 19 19 19 19 20 20 20 20 20 20 21 21 22 23 23 23 23 23 23 24 24 24 24 24 24
2 2 3 16 17 19 20 0 1 1 5 6 9 11 12 4 6 7 8 9 11 4 5 5 9 10 5 9 10 11 14 20 23 24 4 5 7 8 10 23 7 8 9 4 5 8 12 13 14 22 4 11 11 14 15 24 8 11 13 15 24 13 14 1 17 18 20 23 24 1 16 18 24 16 17 1 20 21 23 1 8 16 19 21 23 19 20 11 8 9 16 19 20 24 8 13 14 16 17 23
-113.01730886999997
rh-86S2-a
Rh C H Rh C H Rh Rh C H Rh C H Rh C H Rh C H Rh C C Rh S
0 0 0 1 1 1 1 1 1 2 2 3 3 3 4 4 4 4 4 4 5 5 6 6 6 6 6 6 6 6 7 7 7 8 8 8 8 8 8 9 9 9 10 10 10 10 11 11 11 11 11 11 12 12 13 13 13 14 14 14 14 14 14 15 15 15 16 16 16 16 17 17 17 17 17 17 18 18 19 19 19 19 19 19 19 20 20 20 20 20 20 20 21 21 21 21 21 21 21 22 22 22 23 23 23 23 23 23
1 2 20 0 2 19 20 22 23 0 1 4 5 21 3 5 19 21 22 23 3 4 8 9 11 14 15 17 20 21 8 9 23 6 7 9 10 11 14 6 7 8 8 11 12 21 6 8 10 12 19 21 10 11 14 15 23 6 8 13 15 16 17 6 13 14 14 17 18 20 6 14 16 18 19 20 16 17 1 4 11 17 20 21 23 0 1 6 16 17 19 21 3 4 6 10 11 19 20 1 4 23 1 4 7 13 19 22
-101.52893260000002
ni-97N2-a
Ni C H Ni C H Ni C H Ni C H Ni C H Ni C H Ni C H Ni Ni Ni C C Ni N Ni
0 0 1 1 1 1 1 1 2 2 3 3 3 3 3 4 4 4 4 4 4 5 5 6 6 7 7 7 7 7 7 8 8 9 9 9 9 9 10 10 10 10 10 10 11 11 12 12 13 13 13 13 13 13 14 14 15 15 15 15 16 16 16 16 16 16 17 17 18 18 19 19 19 19 19 19 20 20 21 21 21 21 21 22 23 23 23 23 23 24 24 24 24 24 24 25 25 25 25 25 25 26 26 26 27 27 27 27 27 28
1 2 0 2 23 24 26 27 0 1 4 5 7 25 27 3 5 7 21 25 28 3 4 7 8 3 4 6 8 26 27 6 7 10 11 16 19 24 9 11 19 22 23 24 9 10 13 14 12 14 15 16 21 25 12 13 13 16 17 19 9 13 15 17 19 21 15 16 19 20 9 10 15 16 18 20 18 19 4 13 16 24 25 10 1 10 24 25 27 1 9 10 21 23 25 3 4 13 21 23 24 1 7 27 1 3 7 23 26 4
-117.85779858000001
rh-87N2-a
Rh N H Rh C H Rh C H Rh Rh C H Rh C H Rh C H Rh C H Rh C C
0 0 0 0 1 1 1 1 1 2 2 3 3 3 3 4 4 4 4 4 4 5 5 6 6 6 6 7 7 7 7 7 7 8 8 9 9 9 9 9 9 9 10 10 11 11 11 11 11 11 12 12 12 13 13 13 13 14 14 14 14 14 14 14 15 15 16 16 17 17 17 17 17 17 18 18 18 19 19 19 19 20 20 20 20 20 20 20 21 21 22 22 22 22 22 22 22 23 23 23 23 23 23 23 24 24 24 24 24 24
1 2 4 7 0 2 4 7 22 0 1 4 5 20 23 0 1 3 5 22 23 3 4 7 8 14 24 0 1 6 8 22 24 6 7 11 12 14 17 18 20 23 11 12 9 10 12 13 14 17 9 10 11 11 14 15 24 6 9 11 13 15 22 24 13 14 17 18 9 11 16 18 19 20 9 16 17 17 20 21 23 3 9 17 19 21 22 23 19 20 1 4 7 14 20 23 24 3 4 9 19 20 22 24 6 7 13 14 22 23
-108.96522039000001
cd-97N2-a
C H C H C H C H C H C H C H C C N Cd
0 0 0 1 2 2 2 3 4 4 4 5 6 6 6 7 8 8 8 9 10 10 10 11 12 12 12 13 14 14 14 15 15 15 16 16 16 17
1 14 16 0 3 4 15 2 2 5 16 4 7 12 14 6 9 10 15 8 8 11 12 10 6 10 13 12 0 6 15 2 8 14 0 4 17 16
-115.50125674
ir-86S2-a
Ir C H Ir C H Ir Ir C H Ir C H Ir C H Ir C H Ir C C Ir S
0 0 0 1 1 1 1 1 1 2 2 3 3 3 4 4 4 4 4 4 5 5 6 6 6 6 6 6 7 7 8 8 8 8 8 8 9 9 9 10 10 10 10 11 11 11 11 11 11 12 12 13 13 13 14 14 14 14 14 14 15 15 15 16 16 16 16 17 17 17 17 17 17 18 18 19 19 19 19 19 19 19 20 20 20 20 20 20 21 21 21 21 21 21 22 22 22 23 23 23 23 23
1 2 20 0 2 19 20 22 23 0 1 4 5 21 3 5 19 21 22 23 3 4 8 9 11 14 15 17 8 9 6 7 9 10 11 14 6 7 8 8 11 12 21 6 8 10 12 19 21 10 11 14 15 23 6 8 13 15 16 17 6 13 14 14 17 18 20 6 14 16 18 19 20 16 17 1 4 11 17 20 21 23 0 1 16 17 19 21 3 4 10 11 19 20 1 4 23 1 4 13 19 22
-101.25196155999998
cd-9801-a
C H H C H C H C H C H C H C H C C
0 0 0 0 1 2 3 3 3 4 5 5 5 6 7 7 7 8 9 9 9 10 11 11 11 12 13 13 13 14 15 15 15 16 16 16
1 2 5 16 0 0 4 5 15 3 0 3 6 5 8 9 11 7 7 10 15 9 7 12 13 11 11 14 16 13 3 9 16 0 13 15
-110.77003735
ag-86S1-a
C H C H C H C H C H C H Ag Ag C Ag C S Ag Ag Ag
0 0 0 1 2 2 2 2 3 4 4 4 4 5 6 6 6 6 7 8 8 8 8 9 10 10 10 10 11 12 12 13 14 14 14 14 15 15 16 16 16 16 17 17 17 18 19 20
1 2 14 0 0 3 17 19 2 5 10 13 14 4 7 8 16 18 6 6 9 10 12 8 4 8 11 12 10 8 10 4 0 4 15 16 14 16 6 14 15 17 2 16 20 6 2 17
-98.75030469000001
au-87N1-a
N H C H C H C H C H C H C H Au C Au C Au
0 0 0 1 2 2 2 3 4 4 4 4 5 6 6 6 7 8 8 8 8 9 10 10 10 10 11 12 12 12 13 14 14 15 15 15 15 16 17 17 17 18
1 4 17 0 3 4 15 2 0 2 5 18 4 7 10 15 6 9 10 12 14 8 6 8 11 14 10 8 13 17 12 8 10 2 6 16 17 15 0 12 15 4
-106.98308631000003
os-87N1-a
Os N H Os C H Os C H Os C H Os Os C H C H Os C H Os Os C C
0 0 0 0 1 1 1 1 1 2 2 3 3 3 4 4 4 4 4 4 5 5 6 6 6 7 7 7 7 7 7 8 8 9 9 9 9 10 10 10 10 10 10 11 11 12 12 12 12 12 12 13 13 14 14 14 14 14 14 15 15 15 16 16 16 16 16 16 16 17 17 18 18 18 18 19 19 19 19 19 19 20 20 21 22 22 22 22 22 22 22 22 23 23 23 23 23 23 24 24 24 24 24 24
1 2 7 24 0 2 7 22 24 0 1 4 5 23 3 5 6 7 22 23 3 4 4 7 8 0 1 4 6 8 22 6 7 10 11 16 23 9 11 12 16 22 23 9 10 10 14 15 16 17 19 14 15 12 13 15 16 18 19 12 13 14 9 10 12 14 17 21 22 12 16 14 19 20 24 12 14 18 20 22 24 18 19 16 1 4 7 10 16 19 23 24 3 4 9 10 22 24 0 1 18 19 22 23
-108.66165407000005
ir-87N2-a
Ir N H Ir C H Ir C H Ir C H Ir C H C H Ir C H Ir Ir Ir C C
0 0 0 0 1 1 1 1 1 2 2 3 3 3 4 4 4 4 4 4 5 5 6 6 6 7 7 7 7 7 7 8 8 9 9 9 9 9 9 10 10 10 10 10 10 11 11 12 12 12 12 13 13 13 13 13 13 14 14 15 15 15 15 15 15 16 16 17 17 17 17 18 18 18 18 18 18 19 19 20 21 22 22 22 22 22 22 22 23 23 23 23 23 23 24 24 24 24 24 24
1 2 4 7 0 2 4 7 22 0 1 4 5 23 0 1 3 5 22 23 3 4 7 8 24 0 1 6 8 22 24 6 7 10 11 13 15 16 18 9 11 12 13 15 20 9 10 10 13 14 24 9 10 12 14 22 24 12 13 9 10 16 17 18 21 9 15 15 18 19 23 9 15 17 19 22 23 17 18 10 15 1 4 7 13 18 23 24 3 4 17 18 22 24 6 7 12 13 22 23
-108.67835219999995
ni-86S2-a
Ni C H Ni C H Ni C H Ni C H Ni C H Ni C H Ni Ni C C Ni S Ni
0 0 0 0 1 1 1 1 1 1 2 2 3 3 3 3 4 4 4 4 4 4 5 5 6 6 6 7 7 7 7 7 7 8 8 9 9 9 9 10 10 10 10 10 10 11 11 12 12 12 13 13 13 13 13 13 14 14 15 15 15 15 16 16 16 16 16 16 17 17 18 18 18 18 19 19 19 19 19 19 19 20 20 20 20 20 20 21 21 21 21 21 21 22 22 22 23 23 23 23 23 23 23 23 23 24
1 2 20 23 0 2 19 20 22 23 0 1 4 5 21 23 3 5 19 21 22 23 3 4 7 8 23 6 8 9 10 13 18 6 7 7 10 11 21 7 9 11 18 19 21 9 10 13 14 23 7 12 14 15 16 18 12 13 13 16 17 20 13 15 17 18 19 20 15 16 7 10 13 16 1 4 10 16 20 21 23 0 1 15 16 19 21 3 4 9 10 19 20 1 4 23 0 1 3 4 6 12 19 22 24 23
-100.67704769
pd-86S2-a
Pd C H Pd C H Pd Pd C H Pd C H C H Pd C H Pd Pd C C Pd S
0 0 0 0 1 1 1 1 1 1 2 2 3 3 3 4 4 4 4 4 4 5 5 6 6 6 6 6 6 7 7 8 8 8 8 8 8 9 9 9 10 10 10 10 11 11 11 11 11 11 12 12 13 13 13 13 13 13 14 14 15 15 15 15 16 16 16 16 16 16 17 17 18 19 19 19 19 19 19 19 20 20 20 20 20 20 21 21 21 21 21 21 22 22 22 23 23 23 23 23
1 2 20 23 0 2 19 20 22 23 0 1 4 5 21 3 5 19 21 22 23 3 4 8 9 11 13 14 16 8 9 6 7 9 10 11 13 6 7 8 8 11 12 21 6 8 10 12 19 21 10 11 6 8 14 15 16 18 6 13 13 16 17 20 6 13 15 17 19 20 15 16 13 1 4 11 16 20 21 23 0 1 15 16 19 21 3 4 10 11 19 20 1 4 23 0 1 4 19 22
-101.10926322000003
pd-87N2-a
Pd N H Pd C H Pd C H Pd Pd C H Pd C H C H Pd C H Pd Pd C C
0 0 0 0 1 1 1 1 1 2 2 3 3 3 4 4 4 4 4 4 5 5 6 6 6 7 7 7 7 7 7 8 8 9 9 9 9 9 9 10 10 11 11 11 11 11 11 12 12 12 13 13 13 13 14 14 14 14 14 14 15 15 16 16 16 16 16 16 17 17 18 18 18 18 19 19 19 19 19 19 20 20 21 22 22 22 22 22 22 22 23 23 23 23 23 23 24 24 24 24 24 24
1 2 4 7 0 2 4 7 22 0 1 4 5 23 0 1 3 5 22 23 3 4 7 8 24 0 1 6 8 22 24 6 7 11 12 14 16 17 19 11 12 9 10 12 13 14 16 9 10 11 11 14 15 24 9 11 13 15 22 24 13 14 9 11 17 18 19 21 9 16 16 19 20 23 9 16 18 20 22 23 18 19 16 1 4 7 14 19 23 24 3 4 18 19 22 24 6 7 13 14 22 23
-108.54472636
pd-97N1-a
Pd C H C H Pd C H Pd C H Pd Pd C H Pd C H C H Pd Pd C Pd C N
0 0 0 0 0 0 1 1 1 1 1 1 2 2 3 3 3 3 3 3 4 4 5 5 5 5 6 6 6 6 6 6 7 7 8 8 8 8 9 9 9 9 9 9 10 10 11 11 11 12 12 12 12 12 12 13 13 13 13 13 13 14 14 14 15 15 15 15 16 16 16 16 16 16 17 17 18 18 18 18 18 18 19 19 20 20 21 21 21 21 21 21 22 22 22 22 22 22 23 23 23 24 24 24 24 24 24 25 25 25 25 25
1 2 3 4 6 9 0 2 3 5 6 11 0 1 0 1 4 8 9 20 0 3 1 6 7 24 0 1 5 7 21 24 5 6 3 9 10 22 0 3 8 10 21 22 8 9 1 13 14 13 14 16 18 19 25 11 12 14 18 23 25 11 12 13 16 17 18 24 12 15 17 18 21 24 15 16 12 13 15 16 19 20 12 18 3 18 6 9 16 22 24 25 8 9 21 23 24 25 13 22 25 5 6 15 16 21 22 12 13 21 22 23
-118.01700952000002
ni-97N1-a
C H Ni C H Ni C H Ni C H Ni Ni C H Ni C H C H Ni Ni C Ni C N
0 0 0 0 0 0 1 2 2 2 3 3 3 3 3 3 4 4 5 5 5 5 6 6 6 6 6 6 7 7 8 8 8 8 9 9 9 9 9 9 10 10 11 11 11 12 12 12 12 12 13 13 13 13 13 13 14 14 14 15 15 15 15 16 16 16 16 16 16 17 17 18 18 18 18 18 18 19 20 20 20 20 21 21 21 21 21 21 22 22 22 22 22 22 23 23 23 24 24 24 24 24 24 25 25 25 25 25
1 3 5 6 11 20 0 3 4 18 0 2 4 8 9 20 2 3 0 6 7 24 0 5 7 20 21 24 5 6 3 9 10 22 3 8 10 20 21 22 8 9 0 13 14 13 14 16 18 25 11 12 14 18 23 25 11 12 13 16 17 18 24 12 15 17 18 21 24 15 16 2 12 13 15 16 19 18 0 3 6 9 6 9 16 22 24 25 8 9 21 23 24 25 13 22 25 5 6 15 16 21 22 12 13 21 22 23
-117.81756652999997
os-97N2-a
Os C H Os C H Os C H Os C H Os C H Os Os C H C H Os C C Os N
0 0 0 1 1 1 1 1 1 2 2 3 3 3 3 4 4 4 4 4 4 5 5 6 6 6 7 7 7 7 7 7 8 8 9 9 9 9 10 10 10 10 10 10 11 11 12 12 12 12 12 13 13 13 13 13 13 14 14 15 15 15 15 15 15 16 16 17 17 17 17 17 17 18 18 18 19 19 19 19 19 19 20 20 21 21 21 21 21 21 21 22 22 22 22 22 22 23 23 23 23 23 23 24 24 24 25 25 25 25
1 2 22 0 2 21 22 24 25 0 1 4 5 7 23 3 5 7 12 21 23 3 4 7 8 19 3 4 6 8 24 25 6 7 10 11 19 22 9 11 15 19 21 22 9 10 4 13 14 17 23 12 14 15 17 21 23 12 13 10 13 17 18 19 20 17 18 12 13 15 16 18 19 15 16 17 6 9 10 15 17 20 15 19 1 4 10 13 22 23 25 0 1 9 10 21 23 3 4 12 13 21 22 1 7 25 1 7 21 24
-118.07029169000009
zn-9801-a
C H H C H C H C H C H C H C H C C
0 0 0 0 1 2 3 3 3 4 5 5 5 6 7 7 7 8 9 9 9 10 11 11 11 12 13 13 13 14 15 15 15 16 16 16
1 2 5 16 0 0 4 5 15 3 0 3 6 5 8 9 11 7 7 10 15 9 7 12 13 11 11 14 16 13 3 9 16 0 13 15
-110.84116824
os-a801-a
Os Os C H Os C H Os C H Os C H Os C H Os C H C H Os C H Os C C
0 0 0 0 0 0 1 1 1 1 2 2 2 2 2 2 3 3 3 4 4 4 4 5 5 5 5 5 5 6 6 6 7 7 7 7 8 8 8 8 8 8 9 9 10 10 10 10 11 11 11 11 11 11 12 12 13 13 13 13 14 14 14 14 14 14 15 15 16 16 16 16 16 16 17 17 17 17 17 17 18 18 18 19 19 19 19 19 19 20 20 20 21 21 21 21 22 22 22 22 22 22 23 23 24 24 24 24 24 24 25 25 25 25 25 25 26 26 26 26 26 26
2 3 5 6 8 11 2 3 19 20 0 1 3 5 10 11 0 1 2 5 6 17 18 0 2 4 6 7 8 0 4 5 5 8 9 25 0 5 7 9 24 25 7 8 2 11 12 26 0 2 10 12 24 26 10 11 14 15 17 26 13 15 16 17 24 26 13 14 14 17 18 19 20 22 4 13 14 16 18 19 4 16 17 1 16 17 20 21 22 1 16 19 19 22 23 25 16 19 21 23 24 25 21 22 8 11 14 22 25 26 7 8 21 22 24 26 10 11 13 14 24 25
-123.03460421
au-87N2-a
N H C H C H C H C H C H C H Au C C
0 0 0 1 2 2 2 3 4 4 4 5 6 6 6 6 7 8 8 8 9 10 10 10 10 11 12 12 12 13 14 14 15 15 15 16 16 16
1 2 4 0 0 3 15 2 0 5 16 4 7 8 10 14 6 6 9 16 8 6 11 12 14 10 10 13 15 12 6 10 2 12 16 4 8 15
-106.66365568000003
pt-87N2-a
Pt N H Pt C H Pt C H Pt C H Pt C H C H Pt C H Pt Pt Pt C C
0 0 0 0 1 1 1 1 1 2 2 3 3 3 4 4 4 4 4 4 5 5 6 6 6 7 7 7 7 7 7 8 8 9 9 9 9 9 9 10 10 10 10 10 10 11 11 12 12 12 12 13 13 13 13 13 13 14 14 15 15 15 15 15 15 16 16 17 17 17 17 18 18 18 18 18 18 19 19 20 21 22 22 22 22 22 22 22 23 23 23 23 23 23 24 24 24 24 24 24
1 2 4 7 0 2 4 7 22 0 1 4 5 23 0 1 3 5 22 23 3 4 7 8 24 0 1 6 8 22 24 6 7 10 11 13 15 16 18 9 11 12 13 15 20 9 10 10 13 14 24 9 10 12 14 22 24 12 13 9 10 16 17 18 21 9 15 15 18 19 23 9 15 17 19 22 23 17 18 10 15 1 4 7 13 18 23 24 3 4 17 18 22 24 6 7 12 13 22 23
-108.18585833000003
rh-8611-a
Rh C H C H Rh C H Rh C H Rh C H C H Rh Rh Rh C C Rh O
0 0 0 0 0 0 1 1 1 1 1 1 2 2 3 3 3 3 3 3 4 4 5 5 5 5 5 5 6 6 6 6 6 6 7 7 8 8 8 9 9 9 9 9 9 10 10 11 11 11 11 12 12 12 12 12 12 13 13 14 14 14 14 14 14 15 15 16 16 16 16 16 16 16 16 17 18 18 18 19 19 19 19 19 19 19 20 20 20 20 20 20 21 21 21 22 22 22 22 22
1 2 3 4 19 22 0 2 3 16 18 19 0 1 0 1 4 16 21 22 0 3 6 7 12 14 15 19 5 7 14 16 18 19 5 6 9 10 20 8 10 11 12 16 20 8 9 9 12 13 14 5 9 11 13 14 16 11 12 5 6 11 12 15 17 5 14 1 3 6 9 12 19 20 22 14 1 6 19 0 1 5 6 16 18 20 8 9 16 19 21 22 3 20 22 0 3 16 20 21
-102.57425285
ag-86S2-a
C H C H C H C H C H C H Ag Ag C Ag C Ag S Ag
0 0 0 1 2 2 2 3 4 4 4 4 5 6 6 6 6 7 8 8 8 8 9 10 10 10 10 11 12 12 13 14 14 14 14 15 15 16 16 16 16 17 18 18 18 19
1 14 18 0 3 16 18 2 5 6 8 12 4 4 7 16 17 6 4 9 10 12 8 8 11 13 14 10 4 8 10 0 10 15 16 14 16 2 6 14 15 6 0 2 19 18
-98.39503988999999
zn-86S1-a
C H C H C H C H C H C H C C S
0 0 0 1 2 2 2 3 4 4 4 5 6 6 6 7 8 8 8 9 10 10 10 11 12 12 12 13 13 13 14 14
1 2 12 0 0 3 14 2 5 10 12 4 7 8 13 6 6 9 10 8 4 8 11 10 0 4 13 6 12 14 2 13
-98.62773822
ru-87N2-a
Ru N H Ru C H Ru C H Ru Ru C H Ru C H Ru C H Ru C H Ru C C
0 0 0 0 1 1 1 1 1 2 2 3 3 3 4 4 4 4 4 4 5 5 6 6 6 6 7 7 7 7 7 7 8 8 9 9 9 9 9 9 10 10 11 11 11 11 11 11 11 12 12 12 13 13 13 13 14 14 14 14 14 14 14 15 15 16 16 17 17 17 17 17 17 17 18 18 18 19 19 19 19 20 20 20 20 20 20 21 21 22 22 22 22 22 22 22 22 22 23 23 23 23 23 23 24 24 24 24 24 24
1 2 4 7 0 2 4 7 22 0 1 4 5 23 0 1 3 5 22 23 3 4 7 8 14 24 0 1 6 8 22 24 6 7 11 12 14 17 18 20 11 12 9 10 12 13 14 17 22 9 10 11 11 14 15 24 6 9 11 13 15 22 24 13 14 17 18 9 11 16 18 19 20 22 9 16 17 17 20 21 23 9 17 19 21 22 23 19 20 1 4 7 11 14 17 20 23 24 3 4 19 20 22 24 6 7 13 14 22 23
-108.71658921
cd-87N1-a
N H C H C H C H C H C H C H C C
0 0 0 1 2 2 2 3 4 4 4 5 6 6 6 7 8 8 8 9 10 10 10 11 12 12 12 13 14 14 14 15 15 15
1 4 15 0 3 4 14 2 0 2 5 4 7 10 14 6 9 10 12 8 6 8 11 10 8 13 15 12 2 6 15 0 12 14
-106.70908624
pt-9802-a
Pt C H H Pt C H Pt C H C H Pt C H Pt C H Pt C H Pt C C
0 1 1 1 1 1 1 2 2 3 4 4 4 4 4 5 5 5 5 5 5 6 6 7 7 7 7 7 7 8 8 8 8 8 8 9 9 10 10 10 10 10 11 11 12 12 12 12 13 13 13 13 13 14 14 15 15 15 15 15 15 15 16 16 16 16 17 17 18 18 18 18 19 19 19 19 19 19 20 20 21 21 22 22 22 22 22 22 23 23 23 23 23 23
2 2 3 15 16 18 19 0 1 1 5 6 8 10 11 4 6 7 8 10 21 4 5 5 8 9 19 22 23 4 5 7 9 21 22 7 8 4 5 11 12 13 4 10 10 13 14 23 10 12 14 15 23 12 13 1 13 16 17 19 22 23 1 15 17 23 15 16 1 19 20 22 1 7 15 18 20 22 18 19 5 8 7 8 15 18 19 23 7 12 13 15 16 22
-112.63685170000002
ag-87N1-a
N H C H C H C H C H C H C H Ag Ag C Ag C Ag Ag
0 0 0 1 2 2 2 3 4 4 4 4 5 6 6 6 6 7 8 8 8 8 9 10 10 10 10 11 12 12 12 12 13 14 14 15 16 16 16 16 17 17 18 18 18 18 19 20
1 4 18 0 3 4 16 2 0 2 5 20 4 7 10 15 16 6 9 10 12 14 8 6 8 11 14 10 8 13 18 19 12 8 10 6 2 6 17 18 16 18 0 12 16 17 12 4
-106.93134566
cd-a801-a
C H C H C H C H C H C H C H C H C C
0 0 0 1 2 2 2 3 4 4 4 5 6 6 6 7 8 8 8 9 10 10 10 11 12 12 12 13 14 14 14 15 16 16 16 17 17 17
1 2 6 0 0 3 4 2 2 5 16 4 0 7 17 6 9 10 17 8 8 11 12 10 10 13 14 12 12 15 16 14 4 14 17 6 8 16
-120.28831923000001
pd-86S1-a
Pd C H Pd C H Pd C H Pd C H Pd C H Pd C H Pd Pd C C Pd S
0 0 0 0 1 1 1 1 1 1 2 2 3 3 3 3 4 4 4 4 4 4 5 5 6 6 6 6 7 7 7 7 7 7 8 8 9 9 9 9 10 10 10 10 10 10 11 11 12 12 12 12 12 12 13 13 13 13 13 13 14 14 15 15 15 16 16 16 16 16 16 17 17 17 18 19 19 19 19 19 19 19 20 20 20 20 20 20 21 21 21 21 21 21 22 22 23 23 23 23 23 23
1 2 4 20 0 2 3 4 19 20 0 1 1 4 5 23 0 1 3 5 19 23 3 4 7 8 16 20 6 8 12 16 19 20 6 7 10 11 13 21 9 11 12 13 19 21 9 10 7 10 13 14 16 17 9 10 12 14 16 18 12 13 16 17 23 6 7 12 13 15 17 12 15 16 13 1 4 7 10 20 21 23 0 1 6 7 19 21 9 10 19 20 22 23 21 23 3 4 15 19 21 22
-101.11373749000003
cu-8612-a
Cu C H C H Cu C H Cu C H Cu C H Cu C H Cu C Cu C O Cu
0 0 0 0 1 1 1 1 1 2 2 3 3 3 3 3 4 5 5 5 5 6 6 6 6 6 6 7 7 8 8 8 8 8 9 9 9 9 9 9 10 10 11 11 11 11 11 11 12 12 12 12 12 13 13 14 14 15 15 15 15 15 15 16 16 16 17 18 18 18 18 18 18 19 19 19 19 19 20 20 20 20 20 20 21 21 21 21 22 22
1 2 18 21 0 2 18 19 21 0 1 4 19 20 21 22 3 6 7 9 12 5 7 8 9 11 12 5 6 6 9 10 18 20 5 6 8 10 17 18 8 9 6 12 13 15 16 20 5 6 11 13 15 11 12 15 16 11 12 14 16 19 20 11 14 15 9 0 1 8 9 19 20 1 3 15 18 20 3 8 11 15 18 19 0 1 3 22 3 21
-100.59000273999999
ir-a801-a
Ir C H C H Ir C H Ir C H Ir C H Ir C H C H Ir C H Ir Ir Ir C C
0 0 0 0 0 0 1 1 1 1 1 1 2 2 3 3 3 3 3 3 4 4 5 5 5 5 6 6 6 6 6 6 7 7 8 8 8 8 9 9 9 9 9 9 10 10 11 11 11 11 12 12 12 12 12 12 13 13 14 14 14 14 14 14 15 15 15 15 15 15 16 16 17 17 17 17 17 17 18 18 19 19 19 19 20 20 20 20 20 20 21 21 22 22 23 23 24 24 24 24 24 24 25 25 25 25 25 25 26 26 26 26 26 26
1 2 3 4 6 9 0 2 3 8 9 22 0 1 0 1 4 5 6 23 0 3 3 6 7 25 0 3 5 7 24 25 5 6 1 9 10 26 0 1 8 10 24 26 8 9 12 13 15 26 11 13 14 15 24 26 11 12 12 15 16 17 18 20 11 12 14 16 17 23 14 15 14 15 18 19 20 22 14 17 17 20 21 25 14 17 19 21 24 25 19 20 1 17 3 15 6 9 12 20 25 26 5 6 19 20 24 26 8 9 11 12 24 25
-122.86741033999999
pt-97N1-a
Pt C H C H Pt C H Pt C H Pt C H Pt C H C H Pt C Pt C N
0 0 0 0 0 0 1 1 1 1 1 2 2 3 3 3 3 3 4 4 5 5 5 5 6 6 6 6 6 6 7 7 8 8 8 8 9 9 9 9 9 9 10 10 11 11 11 11 11 11 12 12 12 12 12 13 13 14 14 14 14 15 15 15 15 15 15 16 16 17 17 17 17 17 18 18 19 19 19 19 19 19 20 20 20 20 20 20 21 21 21 22 22 22 22 22 22 23 23 23 23 23
1 2 3 4 6 9 0 2 3 5 6 0 1 0 1 4 8 9 0 3 1 6 7 22 0 1 5 7 19 22 5 6 3 9 10 20 0 3 8 10 19 20 8 9 12 13 15 17 18 23 11 13 17 21 23 11 12 15 16 17 22 11 14 16 17 19 22 14 15 11 12 14 15 18 11 17 6 9 15 20 22 23 8 9 19 21 22 23 12 20 23 5 6 14 15 19 20 11 12 19 20 21
-117.42559201
ir-9801-a
C H Ir H Ir C H Ir C H Ir Ir C H Ir C H C H Ir C H Ir Ir C C
0 0 0 0 0 0 0 1 2 2 2 3 3 4 4 4 4 5 5 5 5 5 5 6 6 7 7 7 7 8 8 8 8 8 8 9 9 10 10 10 10 10 10 11 11 12 12 12 12 12 12 13 13 13 14 14 14 14 15 15 15 15 15 15 16 16 17 17 17 17 17 17 18 18 19 19 19 19 20 20 20 20 20 20 21 21 22 23 23 23 23 23 23 23 24 24 24 24 24 24 25 25 25 25 25 25
1 2 3 7 8 23 25 0 0 3 25 0 2 5 6 8 24 4 6 7 8 23 24 4 5 0 5 8 9 0 4 5 7 9 23 7 8 12 13 15 17 18 20 12 13 10 11 13 14 15 17 10 11 12 12 15 16 24 10 12 14 16 23 24 14 15 10 12 18 19 20 22 10 17 17 20 21 25 10 17 19 21 23 25 19 20 17 0 5 8 15 20 24 25 4 5 14 15 23 25 0 2 19 20 23 24
-113.15417619999994
ag-9802-a
Ag C H H C H C H C H C H Ag C H Ag C H Ag Ag Ag C C
0 1 1 1 1 1 1 2 2 3 4 4 4 4 4 5 6 6 6 6 7 8 8 8 8 9 10 10 10 10 11 12 12 12 12 12 13 13 13 13 14 14 15 15 15 15 16 16 16 16 17 17 18 18 18 19 20 20 20 20 21 21 21 21 21 21 22 22 22 22 22 22
2 2 3 12 13 15 16 0 1 1 5 6 8 19 20 4 4 7 20 21 6 4 9 10 18 8 8 11 18 22 10 1 13 14 21 22 1 12 14 22 12 13 1 16 17 21 1 15 17 21 15 16 8 10 22 4 4 6 21 22 6 12 15 16 20 22 10 12 13 18 20 21
-110.17083602
os-86S2-a
Os C H Os C H Os Os C H Os C H Os C H Os C H Os C C Os S
0 0 0 0 1 1 1 1 1 1 2 2 3 3 3 3 4 4 4 4 4 4 5 5 6 6 6 6 6 6 7 7 8 8 8 8 8 8 9 9 9 10 10 10 10 11 11 11 11 11 11 12 12 13 13 13 14 14 14 14 14 14 15 15 15 16 16 16 16 17 17 17 17 17 17 18 18 19 19 19 19 19 19 19 20 20 20 20 20 20 21 21 21 21 21 21 22 22 22 23 23 23 23 23 23 23
1 2 20 23 0 2 19 20 22 23 0 1 4 5 21 23 3 5 19 21 22 23 3 4 8 9 11 14 15 17 8 9 6 7 9 10 11 14 6 7 8 8 11 12 21 6 8 10 12 19 21 10 11 14 15 23 6 8 13 15 16 17 6 13 14 14 17 18 20 6 14 16 18 19 20 16 17 1 4 11 17 20 21 23 0 1 16 17 19 21 3 4 10 11 19 20 1 4 23 0 1 3 4 13 19 22
-101.44506507000006
zn-86S2-a
C H C H C H C H C H C H C C S
0 0 0 1 2 2 2 3 4 4 4 5 6 6 6 7 8 8 8 9 10 10 10 11 12 12 12 13 13 13 14 14
1 12 14 0 3 13 14 2 5 6 8 4 4 7 13 6 4 9 10 8 8 11 12 10 0 10 13 2 6 12 0 2
-98.26657621999999
ni-86S1-a
Ni C H Ni C H Ni C H Ni C H C H Ni C H Ni Ni Ni C C Ni S
0 0 0 1 1 1 1 1 1 2 2 3 3 3 3 4 4 4 4 4 5 5 6 6 6 6 7 7 7 7 7 7 8 8 9 9 9 9 10 10 10 10 10 10 11 11 12 12 12 12 12 12 13 14 14 14 15 15 15 15 15 15 16 16 17 17 17 17 18 19 19 19 19 19 19 19 20 20 20 20 20 20 21 21 21 21 21 21 22 22 23 23 23 23 23 23
1 2 20 0 2 3 4 19 20 0 1 1 4 5 23 1 3 5 19 23 3 4 7 8 15 20 6 8 15 17 19 20 6 7 10 11 12 21 9 11 12 17 19 21 9 10 9 10 13 15 17 18 12 15 16 23 6 7 12 14 16 17 14 15 7 10 12 15 12 1 4 7 10 20 21 23 0 1 6 7 19 21 9 10 19 20 22 23 21 23 3 4 14 19 21 22
-100.70893372
ru-97N2-a
Ru C H Ru C H Ru C H Ru C H Ru C H Ru C H Ru C H Ru C C Ru N
0 0 1 1 1 1 1 1 2 2 3 3 3 3 3 4 4 4 4 4 5 5 6 6 7 7 7 7 7 7 8 8 9 9 10 10 10 10 10 10 11 11 12 12 12 12 12 12 13 13 13 13 14 14 15 15 16 16 16 16 16 16 17 17 18 18 18 18 19 19 19 19 20 20 21 21 21 21 22 22 22 22 22 22 23 23 23 23 23 23 24 24 24 25 25 25
1 2 0 2 21 22 24 25 0 1 4 5 7 22 23 3 5 7 12 23 3 4 7 8 3 4 6 8 24 25 6 7 10 11 9 11 18 19 21 22 9 10 4 13 14 16 22 23 12 14 16 23 12 13 16 17 12 13 15 17 18 19 15 16 10 16 19 20 10 16 18 20 18 19 1 10 22 23 1 3 10 12 21 23 3 4 12 13 21 22 1 7 25 1 7 24
-118.43396620000004
ir-97N2-a
Ir C H Ir C H Ir C H Ir C H Ir C H Ir Ir C H C H Ir C C Ir N
0 0 0 1 1 1 1 1 1 2 2 3 3 3 3 3 3 4 4 4 4 4 4 5 5 6 6 6 7 7 7 7 7 7 8 8 8 9 9 9 9 10 10 10 10 10 10 11 11 12 12 12 12 12 13 13 13 13 13 13 14 14 15 15 15 15 15 15 16 16 17 17 17 17 17 17 18 18 18 19 19 19 19 19 19 20 20 21 21 21 21 21 21 21 22 22 22 22 22 22 23 23 23 23 23 23 24 24 24 25 25 25 25 25
1 2 22 0 2 21 22 24 25 0 1 4 5 7 8 23 25 3 5 7 12 21 23 3 4 7 8 19 3 4 6 8 24 25 3 6 7 10 11 19 22 9 11 15 19 21 22 9 10 4 13 14 17 23 12 14 15 17 21 23 12 13 10 13 17 18 19 20 17 18 12 13 15 16 18 19 15 16 17 6 9 10 15 17 20 15 19 1 4 10 13 22 23 25 0 1 9 10 21 23 3 4 12 13 21 22 1 7 25 1 3 7 21 24
-117.16529072999992
ir-97N1-a
Ir C H C H Ir C H Ir C H Ir Ir C H Ir C H C H Ir Ir Ir C C N
0 0 0 0 0 0 1 1 1 1 1 1 2 2 3 3 3 3 3 3 4 4 5 5 5 5 6 6 6 6 6 6 7 7 8 8 8 8 9 9 9 9 9 9 9 10 10 11 11 11 12 12 12 12 12 12 13 13 13 13 13 13 13 14 14 14 15 15 15 15 16 16 16 16 16 16 17 17 18 18 18 18 18 18 19 19 20 20 21 21 21 21 22 22 22 22 22 22 22 23 23 23 23 23 23 24 24 24 24 24 24 25 25 25 25 25
1 2 3 4 6 9 0 2 3 5 6 11 0 1 0 1 4 8 9 20 0 3 1 6 7 24 0 1 5 7 22 24 5 6 3 9 10 23 0 3 8 10 21 22 23 8 9 1 13 14 13 14 16 18 19 25 11 12 14 18 21 22 25 11 12 13 16 17 18 24 12 15 17 18 22 24 15 16 12 13 15 16 19 20 12 18 3 18 9 13 23 25 6 9 13 16 23 24 25 8 9 21 22 24 25 5 6 15 16 22 23 12 13 21 22 23
-117.93872234999992
ag-97N2-a
C H C H C H C H C H C H C H Ag C Ag C Ag N Ag Ag
0 0 0 0 1 2 2 2 2 3 4 4 4 4 5 6 6 6 7 8 8 8 8 9 10 10 10 11 12 12 12 12 13 14 15 15 15 15 16 16 17 17 17 18 19 19 19 20 20 21
1 15 16 19 0 3 4 17 20 2 2 5 19 20 4 7 12 15 6 9 10 17 18 8 8 11 12 10 6 10 13 14 12 12 0 6 16 17 0 15 2 8 15 8 0 4 21 2 4 19
-115.67855918000001
pt-97N2-a
Pt C H Pt C H Pt C H Pt C H Pt C H Pt C H C H Pt Pt C C N
0 0 0 0 1 1 1 1 1 1 2 2 3 3 3 3 4 4 4 4 4 4 5 5 6 6 6 6 6 7 7 7 7 7 8 8 9 9 9 9 10 10 10 10 10 10 11 11 12 12 12 12 13 13 13 13 13 13 14 14 15 15 15 15 15 15 16 16 16 16 16 16 17 17 18 18 18 18 18 19 19 20 21 21 21 21 21 21 22 22 22 22 22 22 23 23 23 23 23 23 24 24 24 24
1 2 22 24 0 2 6 21 22 24 0 1 4 5 7 23 3 5 6 7 21 23 3 4 1 4 7 8 24 3 4 6 8 24 6 7 10 11 18 22 9 11 15 18 21 22 9 10 13 14 16 23 12 14 15 16 21 23 12 13 10 13 16 17 18 19 12 13 15 17 18 20 15 16 9 10 15 16 19 15 18 16 1 4 10 13 22 23 0 1 9 10 21 23 3 4 12 13 21 22 0 1 6 7
-117.10093180000001
ni-87N1-a
Ni N H Ni C H Ni C H Ni C H Ni C H Ni C H Ni C H Ni Ni C C
0 0 0 0 1 1 1 1 1 2 2 3 3 3 4 4 4 4 4 4 5 5 6 6 6 6 7 7 7 7 7 8 8 9 9 9 9 10 10 10 10 10 10 11 11 12 12 12 12 12 13 13 13 13 13 13 14 14 15 15 16 16 16 16 16 16 17 17 18 18 18 18 19 19 19 19 19 19 20 20 21 22 22 22 22 22 23 23 23 23 23 23 24 24 24 24 24 24
1 2 7 24 0 2 6 7 24 0 1 4 5 23 3 5 6 7 22 23 3 4 1 4 7 8 0 1 4 6 8 6 7 10 11 16 23 9 11 12 16 22 23 9 10 10 13 14 16 19 12 14 16 18 19 21 12 13 16 17 9 10 12 13 15 17 15 16 13 19 20 24 12 13 18 20 22 24 18 19 13 4 10 19 23 24 3 4 9 10 22 24 0 1 18 19 22 23
-108.23289478999999
pd-87N1-a
Pd N H Pd C H Pd C H Pd C H Pd C H C H Pd C H Pd Pd Pd C C
0 0 0 1 1 1 1 1 1 2 2 3 3 3 4 4 4 4 4 4 5 5 6 6 6 6 7 7 7 7 7 8 8 9 9 9 9 10 10 10 10 10 10 11 11 12 12 12 12 12 12 13 13 13 13 13 13 14 14 15 15 15 15 15 15 16 16 17 17 17 17 18 18 18 18 18 18 19 19 20 21 22 22 22 22 22 22 22 23 23 23 23 23 23 24 24 24 24 24 24
1 2 24 0 2 6 7 22 24 0 1 4 5 23 3 5 6 7 22 23 3 4 1 4 7 8 1 4 6 8 22 6 7 10 11 15 23 9 11 12 15 22 23 9 10 10 13 14 15 16 18 12 14 15 17 18 20 12 13 9 10 12 13 16 21 12 15 13 18 19 24 12 13 17 19 22 24 17 18 13 15 1 4 7 10 18 23 24 3 4 9 10 22 24 0 1 17 18 22 23
-108.69458915999999
cu-8611-a
C H C H C H C H C H C H Cu Cu C Cu C O Cu
0 0 0 1 2 2 2 2 3 4 4 4 4 5 6 6 6 7 8 8 8 8 9 10 10 10 10 11 12 13 13 14 14 14 14 15 15 16 16 16 16 17 17 18
1 2 14 0 0 3 17 18 2 5 10 13 14 4 7 8 16 6 6 9 10 12 8 4 8 11 13 10 8 4 10 0 4 15 16 14 16 6 14 15 17 2 16 2
-101.05700731999997
os-87N2-a
Os N H Os C H Os C H Os Os C H Os C H Os C H Os C H Os C C
0 0 0 0 1 1 1 1 1 2 2 3 3 3 4 4 4 4 4 4 5 5 6 6 6 7 7 7 7 7 7 8 8 9 9 9 9 9 9 10 10 11 11 11 11 11 11 12 12 12 13 13 13 13 14 14 14 14 14 14 15 15 16 16 17 17 17 17 17 17 18 18 18 19 19 19 19 20 20 20 20 20 20 21 21 22 22 22 22 22 22 22 23 23 23 23 23 23 24 24 24 24 24 24
1 2 4 7 0 2 4 7 22 0 1 4 5 23 0 1 3 5 22 23 3 4 7 8 24 0 1 6 8 22 24 6 7 11 12 14 17 18 20 11 12 9 10 12 13 14 17 9 10 11 11 14 15 24 9 11 13 15 22 24 13 14 17 18 9 11 16 18 19 20 9 16 17 17 20 21 23 9 17 19 21 22 23 19 20 1 4 7 14 20 23 24 3 4 19 20 22 24 6 7 13 14 22 23
-108.99681911000005
pt-8612-a
Pt C H Pt C H Pt C H Pt C H Pt C H C H Pt C C Pt O
0 0 0 0 1 1 1 1 1 1 2 2 3 3 3 3 3 3 3 4 4 4 4 5 5 6 6 6 6 7 7 7 7 7 7 8 8 9 9 9 9 9 9 10 10 10 10 10 10 11 11 12 12 12 12 12 12 13 13 13 13 13 14 14 15 15 15 15 15 15 16 16 17 18 18 18 18 18 18 19 19 19 19 19 19 20 21 21 21 21
1 2 18 21 0 2 3 9 18 21 0 1 1 4 5 15 18 19 21 3 5 19 21 3 4 7 8 10 13 6 8 9 10 12 13 6 7 1 7 10 11 18 19 6 7 9 11 17 18 9 10 7 13 14 15 16 19 6 7 12 14 15 12 13 3 12 13 16 19 20 12 15 10 0 1 3 9 10 19 3 4 9 12 15 18 15 0 1 3 4
-102.46869533
pt-8611-a
Pt C H Pt C H Pt C H Pt C H Pt C H C H Pt Pt C C O Pt
0 0 0 0 0 0 1 1 1 1 1 1 2 2 3 3 3 3 3 4 4 4 4 4 5 5 6 6 6 6 6 6 7 7 7 7 7 8 8 9 9 10 10 10 10 10 10 11 11 12 12 12 12 13 13 13 13 13 13 14 14 15 15 15 15 15 15 16 16 17 17 17 17 17 18 19 19 19 19 19 19 20 20 20 20 20 20 21 21 21 21 22
1 2 4 7 19 20 0 2 3 4 19 22 0 1 1 4 5 20 21 0 1 3 5 21 3 4 7 8 13 15 16 19 0 6 8 15 19 6 7 10 11 9 11 12 13 17 20 9 10 10 13 14 15 6 10 12 14 15 17 12 13 6 7 12 13 16 18 6 15 10 13 19 20 21 15 0 1 6 7 17 20 0 3 10 17 19 21 3 4 17 20 1
-102.26261700000003
zn-97N2-a
C H C H C H C H C H C H C H C C N
0 0 0 1 2 2 2 3 4 4 4 5 6 6 6 7 8 8 8 9 10 10 10 11 12 12 12 13 14 14 14 15 15 15 16 16
1 14 16 0 3 4 15 2 2 5 16 4 7 12 14 6 9 10 15 8 8 11 12 10 6 10 13 12 0 6 15 2 8 14 0 4
-115.57310049
cu-9802-a
Cu C H H Cu C H Cu C H Cu C H Cu C H Cu C H Cu C H Cu C C Cu
0 0 1 1 1 1 1 1 2 2 3 4 4 4 4 5 5 5 5 5 6 6 7 7 8 8 8 8 8 8 9 9 10 10 11 11 11 11 11 11 12 12 13 13 13 13 14 14 14 14 14 15 15 16 16 16 16 16 16 16 17 17 17 17 17 17 18 18 19 19 19 19 20 20 20 20 20 20 21 21 22 22 22 22 22 23 23 23 23 23 23 24 24 24 24 24 24 25
2 17 2 3 16 17 19 20 0 1 1 5 6 8 11 4 6 8 11 22 4 5 8 9 4 5 7 9 22 23 7 8 11 12 4 5 10 12 13 14 10 11 11 14 15 24 11 13 15 16 24 13 14 1 14 17 18 20 23 24 0 1 16 18 24 25 16 17 1 20 21 23 1 16 19 21 22 23 19 20 5 8 20 23 24 8 16 19 20 22 24 13 14 16 17 22 23 17
-110.93979803999997
cu-86S1-a
C H C H C H C H C H C H C Cu C S Cu Cu Cu
0 0 0 1 2 2 2 2 3 4 4 4 5 6 6 6 6 7 8 8 8 9 10 10 10 11 12 12 12 12 13 13 14 14 14 14 15 15 15 16 17 18
1 2 12 0 0 3 15 17 2 5 10 12 4 7 8 14 16 6 6 9 10 8 4 8 11 10 0 4 13 14 12 14 6 12 13 15 2 14 18 6 2 15
-98.89386695999997
ir-87N1-a
Ir N H Ir C H Ir C H Ir C H Ir C H C H Ir C H Ir Ir Ir C C
0 0 0 1 1 1 1 1 1 2 2 3 3 3 4 4 4 4 4 4 5 5 6 6 6 6 7 7 7 7 7 8 8 9 9 9 9 10 10 10 10 10 10 11 11 12 12 12 12 12 12 13 13 13 13 13 13 13 14 14 15 15 15 15 15 15 16 16 17 17 17 17 18 18 18 18 18 18 19 19 20 21 21 21 21 21 21 21 21 22 23 23 23 23 23 23 24 24 24 24 24 24
1 2 24 0 2 6 7 21 24 0 1 4 5 23 3 5 6 7 21 23 3 4 1 4 7 8 1 4 6 8 21 6 7 10 11 15 23 9 11 12 15 21 23 9 10 10 13 14 15 16 18 12 14 15 17 18 20 21 12 13 9 10 12 13 16 22 12 15 13 18 19 24 12 13 17 19 21 24 17 18 13 1 4 7 10 13 18 23 24 15 3 4 9 10 21 24 0 1 17 18 21 23
-108.62842639999997
pd-a801-a
Pd Pd C H C H Pd C H Pd C H Pd C H Pd C H C H Pd C H Pd Pd C C
0 0 0 0 0 0 1 1 1 2 2 2 2 2 2 3 3 3 4 4 4 4 4 4 5 5 6 6 6 6 7 7 7 7 7 7 8 8 9 9 9 9 10 10 10 10 10 10 11 11 12 12 12 12 13 13 13 13 13 13 14 14 15 15 15 15 15 15 16 16 16 16 16 16 17 17 18 18 18 18 18 18 19 19 20 20 20 20 21 21 21 21 21 21 22 22 23 23 24 24 24 24 24 24 25 25 25 25 25 25 26 26 26 26 26 26
2 3 4 5 7 10 2 3 18 0 1 3 4 9 10 0 1 2 0 2 5 6 7 23 0 4 4 7 8 25 0 4 6 8 24 25 6 7 2 10 11 26 0 2 9 11 24 26 9 10 13 14 16 26 12 14 15 16 24 26 12 13 13 16 17 18 19 21 12 13 15 17 18 23 15 16 1 15 16 19 20 21 15 18 18 21 22 25 15 18 20 22 24 25 20 21 4 16 7 10 13 21 25 26 6 7 20 21 24 26 9 10 12 13 24 25
-122.88403708000001
au-8612-a
C H C H C H C H C H C H Au Au C C O Au
0 0 0 1 2 2 2 2 3 4 4 4 5 6 6 6 6 7 8 8 8 8 9 10 10 10 10 11 12 12 13 14 14 14 15 15 15 16 16 17
1 14 16 0 3 15 16 17 2 5 6 8 4 4 7 13 14 6 4 9 10 12 8 8 11 12 15 10 8 10 6 0 6 15 2 10 14 0 2 2
-100.54824453
os-97N1-a
Os Os C H Os C H Os C H Os C H Os C H Os C H C H Os Os C C N
0 0 0 0 0 0 1 1 1 1 2 2 2 2 2 2 3 3 3 4 4 4 5 5 5 5 5 5 6 6 6 7 7 7 7 8 8 8 8 8 8 9 9 10 10 10 10 11 11 11 11 11 11 11 12 12 13 13 13 13 13 13 14 14 14 14 14 14 14 15 15 15 16 16 16 16 17 17 17 17 17 17 18 18 19 19 19 19 19 19 20 20 21 21 21 21 22 22 22 22 22 22 22 23 23 23 23 23 23 24 24 24 24 24 24 25 25 25 25 25
2 3 5 6 8 11 2 3 14 15 0 1 3 5 7 8 0 1 2 5 6 19 0 2 4 6 10 11 0 4 5 2 8 9 24 0 2 7 9 22 24 7 8 5 11 12 23 0 5 10 12 21 22 23 10 11 14 15 17 19 20 25 1 13 15 19 21 22 25 1 13 14 17 18 19 24 13 16 18 19 22 24 16 17 4 13 14 16 17 20 13 19 11 14 23 25 8 11 14 17 23 24 25 10 11 21 22 24 25 7 8 16 17 22 23 13 14 21 22 23
-118.21878734000006
cd-97N1-a
C H C H C H C H C H C H C H C C N Cd
0 0 0 1 2 2 2 3 4 4 4 5 6 6 6 7 8 8 8 9 10 10 10 11 12 12 12 13 14 14 14 15 15 15 16 16 16 17
1 2 4 0 0 3 6 2 0 5 15 4 2 7 14 6 9 12 16 8 11 12 15 10 8 10 13 12 6 15 16 4 10 14 8 14 17 16
-115.52589934
cd-87N2-a
N H C H C H C H C H C H C H C C
0 0 0 1 2 2 2 3 4 4 4 5 6 6 6 7 8 8 8 9 10 10 10 11 12 12 12 13 14 14 14 15 15 15
1 2 4 0 0 3 14 2 0 5 15 4 7 8 10 6 6 9 15 8 6 11 12 10 10 13 14 12 2 12 15 4 8 14
-106.38495407000002
cu-9801-a
C H Cu H C H C H C H Cu C H C H C H Cu C Cu C Cu Cu
0 0 0 0 1 2 3 3 4 4 4 4 5 6 6 6 6 7 8 8 8 8 9 10 10 11 11 11 11 12 12 13 13 13 13 14 15 15 15 16 17 17 18 18 18 18 19 19 20 20 20 20 21 22
1 3 6 20 0 3 0 2 5 6 18 21 4 0 4 7 22 6 9 11 13 17 8 11 12 8 10 12 18 10 11 8 14 15 17 13 13 16 20 15 8 13 4 11 19 20 18 20 0 15 18 19 4 6
-111.05416779000001
rh-a801-a
Rh Rh C H Rh C H Rh C H Rh C H Rh C H Rh C H C H Rh C H Rh C C
0 0 0 0 0 0 1 1 1 1 2 2 2 2 2 2 3 3 3 4 4 4 4 5 5 5 5 5 5 6 6 6 7 7 7 7 8 8 8 8 8 8 9 9 10 10 10 10 11 11 11 11 11 11 12 12 13 13 13 13 14 14 14 14 14 14 15 15 16 16 16 16 16 16 17 17 17 17 17 17 18 18 18 19 19 19 19 19 19 20 20 20 21 21 21 21 22 22 22 22 22 22 23 23 24 24 24 24 24 24 25 25 25 25 25 25 26 26 26 26 26 26
2 3 5 6 8 11 2 3 19 20 0 1 3 5 10 11 0 1 2 5 6 17 18 0 2 4 6 7 8 0 4 5 5 8 9 25 0 5 7 9 24 25 7 8 2 11 12 26 0 2 10 12 24 26 10 11 14 15 17 26 13 15 16 17 24 26 13 14 14 17 18 19 20 22 4 13 14 16 18 19 4 16 17 1 16 17 20 21 22 1 16 19 19 22 23 25 16 19 21 23 24 25 21 22 8 11 14 22 25 26 7 8 21 22 24 26 10 11 13 14 24 25
-123.25459417000002
zn-8611-a
C H C H C H C H C H C H C C O
0 0 0 1 2 2 2 3 4 4 4 5 6 6 6 7 8 8 8 9 10 10 10 11 12 12 12 13 13 13 14 14
1 2 12 0 0 3 14 2 5 10 12 4 7 8 13 6 6 9 10 8 4 8 11 10 0 4 13 6 12 14 2 13
-100.88482529000001
ni-9801-a
C H Ni H Ni C H Ni C H Ni C H Ni C H Ni C H Ni C H Ni Ni C C
0 0 0 0 0 0 0 1 2 2 2 3 3 4 4 4 5 5 5 5 5 5 6 6 7 7 7 7 8 8 8 8 8 9 9 10 10 11 11 11 11 11 11 12 12 13 13 13 13 14 14 14 14 14 14 15 15 16 16 17 17 17 17 17 17 18 18 19 19 19 19 20 20 20 20 20 20 21 21 22 22 22 22 23 23 23 23 23 23 23 24 24 24 24 24 24 25 25 25 25 25 25
1 2 3 7 8 23 25 0 0 3 25 0 2 5 6 24 4 6 7 8 23 24 4 5 0 5 8 9 0 5 7 9 23 7 8 11 12 10 12 13 14 17 22 10 11 11 14 15 24 11 13 15 22 23 24 13 14 17 18 11 16 18 19 20 22 16 17 17 20 21 25 17 19 21 22 23 25 19 20 11 14 17 20 0 5 8 14 20 24 25 4 5 13 14 23 25 0 2 19 20 23 24
-112.68674972999997
zn-97N1-a
C H C H C H C H C H C H C H C C N
0 0 0 1 2 2 2 3 4 4 4 5 6 6 6 7 8 8 8 9 10 10 10 11 12 12 12 13 14 14 14 15 15 15 16 16
1 2 4 0 0 3 6 2 0 5 15 4 2 7 14 6 9 12 16 8 11 12 15 10 8 10 13 12 6 15 16 4 10 14 8 14
-115.59760193
ag-8612-a
C H C H C H C H C H C H Ag Ag Ag C C Ag Ag O
0 0 0 0 1 2 2 2 2 3 4 4 4 4 5 6 6 6 6 7 8 8 8 8 9 10 10 10 10 11 12 12 13 14 14 15 15 15 15 16 16 16 16 17 17 18 19 19
1 15 18 19 0 3 16 17 19 2 5 6 8 13 4 4 7 14 15 6 4 9 10 12 8 8 11 12 16 10 8 10 4 6 15 0 6 14 16 2 10 15 17 2 16 0 0 2
-100.49252328
cd-86S2-a
C H C H C H C H C H C H C C S Cd
0 0 0 1 2 2 2 3 4 4 4 5 6 6 6 7 8 8 8 9 10 10 10 11 12 12 12 13 13 13 14 14 14 15
1 12 14 0 3 13 14 2 5 6 8 4 4 7 13 6 4 9 10 8 8 11 12 10 0 10 13 2 6 12 0 2 15 14
-98.19641496
ni-a801-a
Ni C H Ni C H Ni C H Ni C H Ni C H C H C H Ni C H Ni Ni C C Ni
0 0 0 0 1 1 1 1 1 1 2 2 3 3 3 3 4 4 4 4 4 4 5 5 6 6 6 6 7 7 7 7 7 7 8 8 9 9 9 9 10 10 10 10 10 10 11 11 12 12 12 12 13 13 13 13 13 13 14 14 15 15 15 15 15 15 16 16 17 17 17 17 17 17 18 18 19 19 19 19 20 20 20 20 20 20 21 21 22 22 22 22 23 23 23 23 23 23 24 24 24 24 24 24 25 25 25 25 25 25 26 26 26 26
1 2 17 18 0 2 4 9 10 22 0 1 4 5 15 16 1 3 5 6 7 22 3 4 4 7 8 24 4 6 8 22 23 24 6 7 1 10 11 25 1 9 11 22 23 25 9 10 13 14 15 25 12 14 15 23 25 26 12 13 3 12 13 16 17 26 3 15 0 15 18 19 20 26 0 17 17 20 21 24 17 19 21 23 24 26 19 20 1 4 7 10 7 10 13 20 24 25 6 7 19 20 23 25 9 10 12 13 23 24 13 15 17 20
-122.52036582
cd-8611-a
C H C H C H C H C H C H C C O
0 0 0 1 2 2 2 3 4 4 4 5 6 6 6 7 8 8 8 9 10 10 10 11 12 12 12 13 13 13 14 14
1 2 12 0 0 3 14 2 5 10 12 4 7 8 13 6 6 9 10 8 4 8 11 10 0 4 13 6 12 14 2 13
-100.82072096000002
os-9801-a
C H Os H Os C H Os C H Os Os C H Os C H C H Os C H Os Os C C
0 0 0 0 0 0 0 1 2 2 2 3 3 4 4 4 4 5 5 5 5 5 5 6 6 7 7 7 7 8 8 8 8 8 8 9 9 10 10 10 10 10 10 11 11 12 12 12 12 12 12 13 13 13 14 14 14 14 15 15 15 15 15 15 16 16 17 17 17 17 17 17 17 18 18 19 19 19 19 20 20 20 20 20 20 21 21 22 23 23 23 23 23 23 23 23 24 24 24 24 24 24 25 25 25 25 25 25
1 2 3 7 8 23 25 0 0 3 25 0 2 5 6 8 24 4 6 7 8 23 24 4 5 0 5 8 9 0 4 5 7 9 23 7 8 12 13 15 17 18 20 12 13 10 11 13 14 15 17 10 11 12 12 15 16 24 10 12 14 16 23 24 14 15 10 12 18 19 20 22 23 10 17 17 20 21 25 10 17 19 21 23 25 19 20 17 0 5 8 15 17 20 24 25 4 5 14 15 23 25 0 2 19 20 23 24
-113.20465601000001
pd-8612-a
Pd C H Pd C H Pd C H Pd Pd C H Pd Pd C H C H C C Pd O Pd
0 0 0 0 1 1 1 1 1 1 2 2 3 3 3 3 3 3 3 4 4 4 4 4 5 5 6 6 6 6 7 7 7 7 7 7 8 8 9 9 10 10 10 10 10 10 11 11 11 11 11 11 12 12 12 13 13 13 13 13 13 14 14 15 15 15 15 15 15 16 16 16 17 17 17 17 17 17 18 18 19 19 19 19 19 19 20 20 20 20 20 20 21 22 22 22 22 22 23 23
1 2 19 22 0 2 3 10 19 22 0 1 1 4 5 17 19 20 22 3 5 20 22 23 3 4 7 8 11 15 6 8 10 11 13 15 6 7 11 12 1 7 11 12 19 20 6 7 9 10 12 19 9 10 11 7 15 16 17 18 20 15 16 6 7 13 14 16 17 13 14 15 3 13 15 18 20 21 13 17 0 1 3 10 11 20 3 4 10 13 17 19 17 0 1 3 4 23 4 22
-102.66838838999999
pt-a801-a
Pt C H C H Pt C H Pt C H Pt C H Pt C H C H Pt C H Pt Pt C C Pt
0 0 0 0 0 0 1 1 1 1 1 1 2 2 3 3 3 3 3 4 4 5 5 5 5 6 6 6 6 6 6 7 7 8 8 8 8 9 9 9 9 9 9 10 10 11 11 11 11 12 12 12 12 12 12 13 13 14 14 14 14 14 14 15 15 15 15 15 15 16 16 17 17 17 17 17 18 18 19 19 19 19 20 20 20 20 20 20 21 21 22 23 23 23 23 23 23 24 24 24 24 24 24 25 25 25 25 25 25 26
1 2 3 4 6 9 0 2 3 8 9 22 0 1 0 1 4 5 6 0 3 3 6 7 24 0 3 5 7 23 24 5 6 1 9 10 25 0 1 8 10 23 25 8 9 12 13 15 25 11 13 14 15 23 25 11 12 12 15 16 17 18 20 11 12 14 16 17 26 14 15 14 15 18 19 20 14 17 17 20 21 24 14 17 19 21 23 24 19 20 1 6 9 12 20 24 25 5 6 19 20 23 25 8 9 11 12 23 24 15
-122.39584868000003
cu-97N1-a
C H C H C H Cu C H Cu C H C H C H Cu C Cu C N Cu Cu
0 0 0 1 2 2 2 2 3 4 4 4 5 6 6 7 7 7 7 8 8 9 10 10 10 10 10 11 11 12 12 12 13 14 14 14 14 15 16 17 17 17 17 18 18 19 19 19 20 20 20 20 20 21 21 21 22 22
1 2 4 0 0 3 7 16 2 0 5 19 4 7 8 2 6 8 17 6 7 11 11 14 20 21 22 9 10 13 14 19 12 10 12 15 21 14 2 7 18 19 20 17 20 4 12 17 10 17 18 21 22 10 14 20 10 20
-115.77577587999997
au-86S2-a
C H C H C H C H C H C H Au C C S Au
0 0 0 1 2 2 2 3 4 4 4 5 6 6 6 7 8 8 8 8 9 10 10 10 11 12 13 13 13 14 14 14 15 15 15 16
1 13 15 0 3 14 15 2 5 6 8 4 4 7 14 6 4 9 10 12 8 8 11 13 10 8 0 10 14 2 6 13 0 2 16 15
-98.45478138000001
pt-9801-a
C H Pt H Pt C H Pt C H Pt C H Pt C H C H Pt C H Pt Pt C C
0 0 0 0 0 0 1 2 2 3 3 4 4 4 4 5 5 5 5 5 5 6 6 7 7 7 7 8 8 8 8 8 8 9 9 10 10 10 10 10 10 11 11 11 11 11 11 12 12 13 13 13 13 14 14 14 14 14 14 15 15 16 16 16 16 16 17 17 18 18 18 18 19 19 19 19 19 19 20 20 21 22 22 22 22 22 22 22 23 23 23 23 23 23 24 24 24 24 24 24
1 3 7 8 22 24 0 3 24 0 2 5 6 8 23 4 6 7 8 22 23 4 5 0 5 8 9 0 4 5 7 9 22 7 8 11 12 14 16 17 19 10 12 13 14 16 21 10 11 11 14 15 23 10 11 13 15 22 23 13 14 10 11 17 18 19 10 16 16 19 20 24 10 16 18 20 22 24 18 19 11 0 5 8 14 19 23 24 4 5 13 14 22 24 0 2 18 19 22 23
-112.91067952999998
rh-97N2-a
Rh C H Rh C H Rh C H Rh C H Rh C H Rh Rh C H C H Rh C C Rh N
0 0 0 1 1 1 1 1 1 2 2 3 3 3 3 3 3 4 4 4 4 4 4 5 5 6 6 6 6 7 7 7 7 7 7 8 8 8 9 9 9 9 10 10 10 10 10 10 11 11 12 12 12 12 12 13 13 13 13 13 13 13 14 14 15 15 15 15 15 15 15 16 16 16 17 17 17 17 17 17 18 18 18 19 19 19 19 19 19 20 20 20 21 21 21 21 21 21 21 22 22 22 22 22 22 22 23 23 23 23 23 23 24 24 24 25 25 25 25 25
1 2 22 0 2 21 22 24 25 0 1 4 5 7 8 23 25 3 5 7 12 21 23 3 4 7 8 19 20 3 4 6 8 24 25 3 6 7 10 11 19 22 9 11 15 19 21 22 9 10 4 13 14 17 23 12 14 15 16 17 21 23 12 13 10 13 17 18 19 20 22 13 17 18 12 13 15 16 18 19 15 16 17 6 9 10 15 17 20 6 15 19 1 4 10 13 22 23 25 0 1 9 10 15 21 23 3 4 12 13 21 22 1 7 25 1 3 7 21 24
-117.95660299000002
au-97N1-a
C H C H C H C H C H C H C H C C N
0 0 0 1 2 2 2 3 4 4 4 5 6 6 6 7 8 8 8 9 10 10 10 11 12 12 12 13 14 14 14 15 15 15 16 16
1 2 4 0 0 3 6 2 0 5 15 4 2 7 14 6 9 12 16 8 11 12 15 10 8 10 13 12 6 15 16 4 10 14 8 14
-115.75444120999998
os-8611-a
Os C H Os C H Os C H Os C H Os C H Os C H Os C C O Os
0 0 0 0 0 1 1 1 1 1 1 1 2 2 3 3 3 3 4 4 4 4 4 4 4 5 5 6 6 6 6 6 7 7 7 7 7 8 8 9 9 10 10 10 10 10 10 11 11 12 12 12 12 13 13 13 13 13 13 14 14 15 15 16 16 16 16 16 16 17 17 18 18 18 18 18 18 18 19 19 19 19 19 19 20 20 20 20 21 21 21 21 22 22
1 2 4 7 19 0 2 3 4 18 19 22 0 1 1 4 5 21 0 1 3 5 18 21 22 3 4 7 8 13 16 19 0 6 8 16 19 6 7 10 11 9 11 12 13 18 20 9 10 10 13 14 16 6 10 12 14 16 18 12 13 16 17 6 7 12 13 15 17 15 16 1 4 10 13 19 20 21 0 1 6 7 18 20 10 18 19 21 3 4 18 20 1 4
-103.08208228000001
cd-86S1-a
C H C H C H C H C H C H C C S
0 0 0 1 2 2 2 3 4 4 4 5 6 6 6 7 8 8 8 9 10 10 10 11 12 12 12 13 13 13 14 14
1 2 12 0 0 3 14 2 5 10 12 4 7 8 13 6 6 9 10 8 4 8 11 10 0 4 13 6 12 14 2 13
-98.55353713
ni-8611-a
Ni C H Ni C H Ni Ni C H Ni C H Ni C H Ni C H C Ni C O Ni Ni
0 0 0 0 1 1 1 1 1 1 2 2 3 3 3 3 4 4 4 4 4 5 5 6 6 6 6 6 7 7 8 8 8 8 8 8 9 9 9 10 10 11 11 11 11 11 11 12 12 13 13 13 13 14 14 14 14 14 14 15 15 16 16 16 17 17 17 17 17 17 18 18 19 19 19 19 19 19 20 20 20 20 20 21 21 21 21 22 22 22 22 22 23 24
1 2 8 19 0 2 3 4 19 23 0 1 1 4 5 22 1 3 5 20 22 3 4 8 9 14 17 19 8 9 0 6 7 9 17 19 6 7 8 11 12 10 12 13 14 20 21 10 11 11 14 15 17 6 11 13 15 16 17 13 14 14 17 18 6 8 13 14 16 18 16 17 0 1 6 8 20 21 4 11 19 21 22 11 19 20 22 3 4 20 21 24 1 22
-102.30430798999998
ir-8612-a
Ir C H Ir C H Ir C H Ir Ir C H Ir Ir C H C H C C Ir O Ir
0 0 0 0 1 1 1 1 1 1 2 2 3 3 3 3 3 3 3 4 4 4 4 4 5 5 6 6 6 6 7 7 7 7 7 7 8 8 9 9 10 10 10 10 10 10 11 11 11 11 11 11 12 12 12 13 13 13 13 13 13 14 14 15 15 15 15 15 15 16 16 16 17 17 17 17 17 17 18 18 19 19 19 19 19 19 20 20 20 20 20 20 21 22 22 22 22 22 23 23
1 2 19 22 0 2 3 10 19 22 0 1 1 4 5 17 19 20 22 3 5 20 22 23 3 4 7 8 11 15 6 8 10 11 13 15 6 7 11 12 1 7 11 12 19 20 6 7 9 10 12 19 9 10 11 7 15 16 17 18 20 15 16 6 7 13 14 16 17 13 14 15 3 13 15 18 20 21 13 17 0 1 3 10 11 20 3 4 10 13 17 19 17 0 1 3 4 23 4 22
-102.70841593
cu-87N1-a
N H C H C H C H C H C H C H Cu Cu Cu C C Cu Cu Cu
0 0 0 0 1 2 2 2 2 3 4 4 4 4 5 6 6 6 6 6 7 8 8 8 8 9 10 10 10 10 11 12 12 12 12 13 14 14 15 16 16 17 17 17 17 18 18 18 19 20 20 21
1 4 18 21 0 3 4 17 20 2 0 2 5 20 4 7 10 15 16 17 6 9 10 12 14 8 6 8 11 14 10 8 13 18 19 12 8 10 6 6 17 2 6 16 18 0 12 17 12 2 4 0
-107.0466116
ni-9802-a
Ni C H H Ni C H Ni C H Ni C H Ni C H Ni C H Ni C H Ni Ni C C Ni
0 0 1 1 1 1 1 1 1 2 2 3 4 4 4 4 5 5 5 5 5 5 6 6 7 7 7 8 8 8 8 8 8 8 9 9 10 10 11 11 11 11 11 11 12 12 13 13 13 13 14 14 14 14 14 15 15 16 16 16 16 16 16 16 17 17 17 17 17 18 18 19 19 19 19 20 20 20 20 20 20 21 21 22 22 22 22 22 23 24 24 24 24 24 24 25 25 25 25 25 25 26
1 2 0 2 3 16 17 19 20 0 1 1 5 6 8 11 4 6 7 8 11 22 4 5 5 8 9 4 5 7 9 22 23 24 7 8 11 12 4 5 10 12 13 14 10 11 11 14 15 25 11 13 15 16 25 13 14 1 14 17 18 20 24 25 1 16 18 25 26 16 17 1 20 21 24 1 16 19 21 22 24 19 20 5 8 20 24 25 8 8 16 19 20 22 25 13 14 16 17 22 24 17
-112.69199997999999
ru-86S2-a
Ru C H Ru C H Ru Ru C H Ru C H Ru C H Ru C H Ru C C Ru S
0 0 0 0 1 1 1 1 1 1 2 2 3 3 3 3 3 4 4 4 4 4 4 5 5 6 6 6 6 6 6 6 7 7 7 8 8 8 8 8 8 9 9 9 10 10 10 10 11 11 11 11 11 11 11 12 12 13 13 13 14 14 14 14 14 14 15 15 15 16 16 16 16 17 17 17 17 17 17 18 18 19 19 19 19 19 19 19 20 20 20 20 20 20 20 21 21 21 21 21 21 22 22 22 23 23 23 23 23 23 23 23
1 2 20 23 0 2 19 20 22 23 0 1 4 5 11 21 23 3 5 19 21 22 23 3 4 8 9 11 14 15 17 20 8 9 23 6 7 9 10 11 14 6 7 8 8 11 12 21 3 6 8 10 12 19 21 10 11 14 15 23 6 8 13 15 16 17 6 13 14 14 17 18 20 6 14 16 18 19 20 16 17 1 4 11 17 20 21 23 0 1 6 16 17 19 21 3 4 10 11 19 20 1 4 23 0 1 3 4 7 13 19 22
-101.18823698
au-97N2-a
C H C H C H C H C H C H C H C C N Au
0 0 0 1 2 2 2 3 4 4 4 5 6 6 6 7 8 8 8 9 10 10 10 11 12 12 12 13 14 14 14 15 15 15 16 16 16 17
1 14 16 0 3 4 15 2 2 5 16 4 7 12 14 6 9 10 15 8 8 11 12 10 6 10 13 12 0 6 15 2 8 14 0 4 17 16
-115.72877850999998
au-9801-a
C H Au H C H C H C H C H C H C H Au Au C C
0 0 0 0 1 2 3 3 4 4 4 5 6 6 6 7 8 8 8 9 10 10 10 10 11 12 12 12 12 13 14 14 14 15 16 17 18 18 18 19 19 19
1 3 6 19 0 3 0 2 5 6 18 4 0 4 7 6 9 10 12 8 8 11 17 18 10 8 13 14 16 12 12 15 19 14 12 10 4 10 19 0 14 18
-111.02904673
ag-a801-a
C H C H C H C H C H C H C H C H Ag C Ag C Ag Ag Ag
0 0 0 0 1 2 2 2 2 3 4 4 4 5 6 6 6 6 7 8 8 8 8 9 10 10 10 10 11 12 12 12 12 13 14 14 14 15 16 16 17 17 17 17 18 18 19 19 19 19 20 21 22 22
1 2 6 16 0 0 3 4 16 2 2 5 17 4 0 7 19 20 6 9 10 19 21 8 8 11 12 22 10 10 13 14 22 12 12 15 17 14 0 2 4 14 18 19 17 19 6 8 17 18 6 8 10 12
-120.49103716000002
pd-9801-a
C H Pd H Pd C H Pd C H Pd Pd C H Pd C H C H Pd C H Pd Pd C C
0 0 0 0 0 0 1 2 2 3 3 4 4 4 4 5 5 5 5 5 5 6 6 7 7 7 7 8 8 8 8 8 8 9 9 10 10 10 10 10 10 11 11 12 12 12 12 12 12 13 13 13 14 14 14 14 15 15 15 15 15 15 16 16 17 17 17 17 17 17 18 18 19 19 19 19 20 20 20 20 20 20 21 21 22 23 23 23 23 23 23 23 24 24 24 24 24 24 25 25 25 25 25 25
1 3 7 8 23 25 0 3 25 0 2 5 6 8 24 4 6 7 8 23 24 4 5 0 5 8 9 0 4 5 7 9 23 7 8 12 13 15 17 18 20 12 13 10 11 13 14 15 17 10 11 12 12 15 16 24 10 12 14 16 23 24 14 15 10 12 18 19 20 22 10 17 17 20 21 25 10 17 19 21 23 25 19 20 17 0 5 8 15 20 24 25 4 5 14 15 23 25 0 2 19 20 23 24
-113.07024697
pt-87N1-a
Pt N H Pt C H Pt C H Pt C H Pt C H C H Pt C H Pt C C
0 0 0 1 1 1 1 1 1 2 2 3 3 3 3 4 4 4 4 4 4 5 5 6 6 6 6 7 7 7 7 7 7 8 8 9 9 9 9 10 10 10 10 10 10 11 11 12 12 12 12 12 12 13 13 13 13 13 14 14 15 15 15 15 15 16 16 17 17 17 17 18 18 18 18 18 18 19 19 20 20 20 20 20 20 20 21 21 21 21 21 21 22 22 22 22 22 22
1 2 22 0 2 6 7 20 22 0 1 4 5 7 21 3 5 6 7 20 21 3 4 1 4 7 8 1 3 4 6 8 20 6 7 10 11 15 21 9 11 12 15 20 21 9 10 10 13 14 15 16 18 12 14 15 17 18 12 13 9 10 12 13 16 12 15 13 18 19 22 12 13 17 19 20 22 17 18 1 4 7 10 18 21 22 3 4 9 10 20 22 0 1 17 18 20 21
-108.47604352000002
cd-8612-a
C H C H C H C H C H C H C C O Cd
0 0 0 1 2 2 2 2 3 4 4 4 5 6 6 6 7 8 8 8 9 10 10 10 11 12 12 12 13 13 13 14 14 15
1 12 14 0 3 13 14 15 2 5 6 8 4 4 7 12 6 4 9 10 8 8 11 13 10 0 6 13 2 10 12 0 2 2
-100.29685183000001
au-8611-a
C H C H C H C H C H C H Au Au C C O
0 0 0 1 2 2 2 3 4 4 4 5 6 6 6 7 8 8 8 8 9 10 10 10 10 11 12 13 14 14 14 15 15 15 16 16
1 2 14 0 0 3 16 2 5 10 14 4 7 8 15 6 6 9 10 12 8 4 8 11 13 10 8 10 0 4 15 6 14 16 2 15
-101.05082587000001
ir-8611-a
Ir C H Ir C H Ir C H Ir C H Ir C H C H Ir Ir Ir C C Ir O
0 0 0 0 1 1 1 1 1 1 2 2 3 3 3 3 4 4 4 4 4 4 5 5 6 6 6 6 7 7 7 7 7 7 8 8 9 9 9 9 10 10 10 10 10 10 11 11 12 12 12 12 12 12 13 13 13 13 13 13 13 14 14 15 15 15 15 15 15 16 16 17 18 18 18 18 18 18 18 18 19 20 20 20 20 20 20 21 21 21 21 21 21 22 22 23 23 23 23 23
1 2 4 20 0 2 3 4 18 20 0 1 1 4 5 23 0 1 3 5 18 23 3 4 7 8 15 20 6 8 12 15 18 20 6 7 10 11 13 21 9 11 12 13 18 21 9 10 7 10 13 14 15 16 9 10 12 14 15 17 18 12 13 6 7 12 13 16 19 12 15 13 1 4 7 10 13 20 21 23 15 0 1 6 7 18 21 9 10 18 20 22 23 21 23 3 4 18 21 22
-102.87825526999995
ru-8611-a
Ru Ru C H C H Ru C H Ru C H Ru C H C H Ru Ru C C Ru O Ru
0 0 0 0 1 1 1 1 1 2 2 2 2 2 2 2 3 3 3 4 4 4 4 4 4 4 5 5 6 6 6 6 6 6 7 7 7 7 7 7 8 8 9 9 9 10 10 10 10 10 10 11 11 12 12 12 12 13 13 13 13 13 13 13 14 14 15 15 15 15 15 15 16 16 17 17 17 18 18 18 18 18 18 18 18 19 19 19 19 19 19 20 20 20 20 20 20 21 21 21 22 22 22 22 22 23
2 3 7 19 2 3 4 5 22 0 1 3 4 18 19 23 0 1 2 1 2 5 17 18 21 22 1 4 7 8 13 15 16 19 0 6 8 15 18 19 6 7 10 11 20 9 11 12 13 18 20 9 10 10 13 14 15 6 10 12 14 15 17 18 12 13 6 7 12 13 16 17 6 15 4 13 15 2 4 7 10 13 19 20 22 0 2 6 7 18 20 9 10 18 19 21 22 4 20 22 1 4 18 20 21 2
-102.68357498999995
ru-8612-a
Ru C H Ru C H Ru C H Ru Ru C H Ru Ru C H C H Ru C C Ru O Ru Ru
0 0 0 0 1 1 1 1 1 1 2 2 3 3 3 3 3 3 3 4 4 4 4 4 4 5 5 6 6 6 6 7 7 7 7 7 7 7 8 8 9 9 9 10 10 10 10 10 10 10 11 11 11 11 11 11 11 12 12 12 13 13 13 13 13 13 14 14 15 15 15 15 15 15 15 16 16 16 17 17 17 17 17 17 18 18 19 20 20 20 20 20 20 21 21 21 21 21 21 22 23 23 23 23 23 24 24 25
1 2 20 23 0 2 3 10 20 23 0 1 1 4 5 17 20 21 23 3 5 21 23 24 25 3 4 7 8 11 15 6 8 9 10 11 13 15 6 7 7 11 12 1 7 11 12 15 20 21 6 7 9 10 12 19 20 9 10 11 7 15 16 17 18 21 15 16 6 7 10 13 14 16 17 13 14 15 3 13 15 18 21 22 13 17 11 0 1 3 10 11 21 3 4 10 13 17 20 17 0 1 3 4 24 4 23 4
-102.83915671000005
au-86S1-a
C H C H C H C H C H C H C C S Au
0 0 0 1 2 2 2 3 4 4 4 5 6 6 6 7 8 8 8 9 10 10 10 11 12 12 12 13 13 13 14 14 14 15
1 2 12 0 0 3 14 2 5 10 12 4 7 8 13 6 6 9 10 8 4 8 11 10 0 4 13 6 12 14 2 13 15 14
-98.81088783000001
ru-86S1-a
Ru C H Ru C H Ru C H Ru C H Ru Ru C H Ru C H Ru C C Ru S
0 0 0 0 1 1 1 1 1 1 2 2 3 3 3 4 4 4 4 4 4 5 5 6 6 6 6 7 7 7 7 7 7 7 8 8 9 9 9 9 9 10 10 10 10 10 10 11 11 12 12 12 12 12 12 13 13 14 14 14 14 14 14 15 15 15 16 16 16 17 17 17 17 17 17 17 18 18 18 19 19 19 19 19 19 19 19 20 20 20 20 20 20 21 21 21 21 21 21 22 22 22 23 23 23 23 23 23
1 2 7 20 0 2 3 4 19 20 0 1 1 4 5 1 3 5 19 22 23 3 4 7 8 17 20 0 6 8 12 17 19 20 6 7 10 11 14 21 23 9 11 12 14 19 21 9 10 7 10 14 15 17 18 14 15 9 10 12 13 15 17 12 13 14 17 18 23 6 7 12 14 16 18 19 12 16 17 1 4 7 10 17 20 21 23 0 1 6 7 19 21 9 10 19 20 22 23 4 21 23 4 9 16 19 21 22
-101.19950889
ru-87N1-a
Ru N H Ru Ru C H C H Ru C H Ru Ru C H C H Ru C H Ru Ru C C
0 0 0 0 1 1 1 1 1 1 2 2 3 3 3 3 4 4 4 4 4 5 5 5 5 5 5 6 6 6 7 7 7 7 7 7 7 8 8 9 9 9 10 10 10 10 10 10 10 11 11 12 12 12 12 12 12 13 13 14 14 14 14 14 14 15 15 15 16 16 16 16 16 16 16 17 17 18 18 18 18 19 19 19 19 19 19 20 20 21 21 22 22 22 22 22 22 22 22 23 23 23 23 23 24 24 24 24 24 24
1 2 7 24 0 2 4 7 22 24 0 1 5 6 10 23 1 5 6 7 8 3 4 6 7 22 23 3 4 5 0 1 4 5 8 21 22 4 7 10 11 16 3 9 11 12 16 22 23 9 10 10 14 15 16 17 19 14 15 12 13 15 16 18 19 12 13 14 9 10 12 14 17 21 22 12 16 14 19 20 24 12 14 18 20 22 24 18 19 7 16 1 5 7 10 16 19 23 24 3 5 10 22 24 0 1 18 19 22 23
-108.81917699000002
zn-9802-a
C H H C H C H C H C H C H Zn C H C Zn C Zn Zn
0 0 0 0 0 0 1 2 3 3 3 4 5 5 5 6 7 7 7 8 9 9 9 9 10 11 11 11 11 12 13 13 13 13 14 14 14 14 15 15 16 16 16 16 16 17 18 18 18 18 19 19 19 20
1 2 11 13 14 19 0 0 4 5 7 3 3 6 16 5 3 8 9 7 7 10 18 20 9 0 12 18 19 11 0 14 15 16 0 13 15 16 13 14 5 13 14 17 18 16 9 11 16 19 0 11 18 9
-110.27640973999999
au-a801-a
C H C H C H C H C H C H C H C H C C
0 0 0 1 2 2 2 3 4 4 4 5 6 6 6 7 8 8 8 9 10 10 10 11 12 12 12 13 14 14 14 15 16 16 16 17 17 17
1 2 6 0 0 3 4 2 2 5 16 4 0 7 17 6 9 10 17 8 8 11 12 10 10 13 14 12 12 15 16 14 4 14 17 6 8 16
-120.54957295000003
os-8612-a
Os C H Os C H Os C H Os Os C H Os Os C H C H C C Os O Os Os
0 0 0 0 1 1 1 1 1 1 2 2 3 3 3 3 3 3 3 4 4 4 4 4 4 5 5 6 6 6 6 7 7 7 7 7 7 8 8 9 9 10 10 10 10 10 10 11 11 11 11 11 11 12 12 12 13 13 13 13 13 13 14 14 15 15 15 15 15 15 16 16 16 17 17 17 17 17 17 18 18 19 19 19 19 19 19 20 20 20 20 20 20 21 22 22 22 22 22 23 23 24
1 2 19 22 0 2 3 10 19 22 0 1 1 4 5 17 19 20 22 3 5 20 22 23 24 3 4 7 8 11 15 6 8 10 11 13 15 6 7 11 12 1 7 11 12 19 20 6 7 9 10 12 19 9 10 11 7 15 16 17 18 20 15 16 6 7 13 14 16 17 13 14 15 3 13 15 18 20 21 13 17 0 1 3 10 11 20 3 4 10 13 17 19 17 0 1 3 4 23 4 22 4
-102.90672638000001
ag-87N2-a
N H C H C H C H C H C H C H Ag Ag C Ag C Ag
0 0 0 1 2 2 2 3 4 4 4 5 6 6 6 6 7 8 8 8 8 9 10 10 10 10 11 12 12 12 12 13 14 14 15 16 16 16 16 17 18 18 18 18 19 19
1 2 4 0 0 3 16 2 0 5 18 4 7 8 10 14 6 6 9 17 18 8 6 11 12 14 10 10 13 15 16 12 6 10 12 2 12 18 19 8 4 8 16 19 16 18
-106.61071573000001
rh-9802-a
Rh C H H Rh C H Rh Rh C H C H Rh C H Rh C H Rh C H Rh Rh C C
0 1 1 1 1 1 1 2 2 3 4 4 4 4 4 5 5 5 5 5 5 6 6 7 7 7 8 8 8 8 8 8 8 8 9 9 9 9 9 9 9 10 10 10 11 11 11 11 11 11 11 12 12 13 13 13 13 14 14 14 14 14 15 15 16 16 16 16 16 16 17 17 17 17 18 18 19 19 19 19 20 20 20 20 20 20 21 21 22 23 24 24 24 24 24 24 25 25 25 25 25 25
2 2 3 16 17 19 20 0 1 1 5 6 9 11 12 4 6 7 8 9 11 4 5 5 9 10 5 9 10 11 14 20 24 25 4 5 7 8 10 23 24 7 8 9 4 5 8 12 13 14 22 4 11 11 14 15 25 8 11 13 15 25 13 14 1 17 18 20 24 25 1 16 18 25 16 17 1 20 21 24 1 8 16 19 21 24 19 20 11 9 8 9 16 19 20 25 8 13 14 16 17 24
-113.30077999000002
zn-a801-a
C H C H C H C H C H C H C H C H C C
0 0 0 1 2 2 2 3 4 4 4 5 6 6 6 7 8 8 8 9 10 10 10 11 12 12 12 13 14 14 14 15 16 16 16 17 17 17
1 2 6 0 0 3 4 2 2 5 16 4 0 7 17 6 9 10 17 8 8 11 12 10 10 13 14 12 12 15 16 14 4 14 17 6 8 16
-120.36621790000001
au-9802-a
Au C H H C H C H C H C H Au C H Au C H C Au C
0 1 1 1 1 1 1 2 2 3 4 4 4 5 6 6 6 7 8 8 8 9 10 10 10 11 12 12 12 12 13 13 13 13 14 14 15 15 15 15 16 16 16 16 17 17 18 18 18 18 18 19 20 20 20 20
2 2 3 12 13 15 16 0 1 1 5 6 8 4 4 7 18 6 4 9 10 8 8 11 20 10 1 13 14 20 1 12 14 20 12 13 1 16 17 18 1 15 17 18 15 16 6 15 16 19 20 18 10 12 13 18
-110.39279498000002
os-9802-a
Os C H H Os C H Os Os C H Os C H Os C H Os C H Os C H C C Os
0 1 1 1 1 1 1 2 2 3 4 4 4 4 5 5 5 5 5 5 6 6 7 7 7 8 8 8 8 8 8 8 9 9 9 9 9 9 10 10 10 11 11 12 12 12 12 12 12 13 13 14 14 14 14 15 15 15 15 15 15 16 16 17 17 17 17 17 17 17 18 18 18 18 19 19 20 20 20 20 21 21 21 21 21 21 21 22 22 23 23 23 23 23 23 24 24 24 24 24 24 25
2 2 3 17 18 20 21 0 1 1 5 6 9 12 4 6 7 8 9 12 4 5 5 9 10 5 9 10 15 21 23 24 4 5 7 8 10 23 7 8 9 12 13 4 5 11 13 14 15 11 12 12 15 16 24 8 12 14 16 17 24 14 15 1 15 18 19 21 23 24 1 17 19 24 17 18 1 21 22 23 1 8 17 20 22 23 25 20 21 8 9 17 20 21 24 8 14 15 17 18 23 21
-113.5095867
cd-9802-a
C H H C H C H C H C H Cd C H Cd C H Cd C C Cd
0 0 0 0 0 0 1 2 3 3 3 4 5 5 5 5 6 7 7 7 8 9 9 9 9 10 11 11 11 11 12 12 12 12 13 13 14 14 14 14 15 15 15 15 16 16 17 17 18 18 18 18 18 19 19 19 19 20
1 2 11 12 14 15 0 0 4 5 7 3 3 6 17 18 5 3 8 9 7 7 10 19 20 9 0 12 13 19 0 11 13 19 11 12 0 15 16 18 0 14 16 18 14 15 5 18 5 14 15 17 19 9 11 12 18 9
-110.12192582
ru-a801-a
Ru C H Ru C H Ru C H Ru C H Ru C H Ru C H Ru C H Ru C H Ru C C
0 0 1 1 1 1 1 1 2 2 3 3 3 3 4 4 4 4 5 5 6 6 7 7 7 7 7 7 8 8 9 9 9 9 9 9 10 10 10 10 10 11 11 12 12 12 12 12 12 13 13 13 13 13 14 14 15 15 15 16 16 16 16 16 16 17 17 18 18 18 18 19 19 19 19 19 20 20 21 21 22 22 22 22 22 22 23 23 24 24 24 24 25 25 25 25 25 25 26 26 26 26 26 26
1 2 0 2 3 4 9 10 0 1 1 4 5 7 1 3 5 7 3 4 7 8 3 4 6 8 24 25 6 7 1 10 11 13 25 26 1 9 11 12 26 9 10 10 13 14 16 25 26 9 12 14 16 26 12 13 16 17 19 12 13 15 17 18 19 15 16 16 19 20 22 15 16 18 20 22 18 19 22 23 18 19 21 23 24 25 21 22 7 22 25 26 7 9 12 22 24 26 9 10 12 13 24 25
-123.18045390000003
