ru-25Y2-a
Ru Ru Ru O H Ru Ru Ru C H Ru C H H H N
0 0 0 1 2 2 3 3 3 3 3 4 4 4 4 5 5 6 6 7 7 7 7 7 8 8 8 8 8 9 9 9 9 10 10 11 11 11 11 12 12 12 13 14 15 15 15 15 15 15
3 4 15 4 4 15 0 4 7 10 15 0 1 2 3 8 9 9 15 3 8 9 12 15 5 7 9 11 15 5 6 7 8 3 12 8 12 13 14 7 10 11 11 11 0 2 3 6 7 8
-51.21207830000003
ag-49Y1-a
Ag Ag Ag O H C H C H Ag Ag H C H H Ag C H H H N
0 0 1 1 1 2 2 3 3 3 3 4 4 4 4 5 5 5 6 7 7 7 7 8 9 9 10 11 11 11 11 12 12 12 12 13 13 14 15 16 16 16 16 17 17 18 19 20 20 20
3 4 4 11 20 3 4 0 2 4 20 0 1 2 3 6 7 20 5 5 8 11 12 7 11 13 11 1 7 9 10 7 13 14 16 9 12 12 17 12 17 18 19 15 16 16 16 1 3 5
-83.79514369
au-25Y1-a
Au Au Au O H C H Au Au C H H H N
0 0 1 1 2 2 3 3 3 3 4 4 4 4 5 5 5 6 7 8 9 9 9 9 10 10 10 11 12 13 13 13
3 4 4 13 3 4 0 2 4 13 0 1 2 3 6 9 13 5 10 10 5 10 11 12 7 8 9 9 9 1 3 5
-50.48919564000002
ni-49Y4-a
Ni Ni Ni O H Ni Ni Ni C H C H H H C H Ni C H H H N
0 0 1 2 2 2 3 3 3 3 4 4 4 4 5 5 6 6 7 7 7 7 8 8 8 8 8 9 9 9 9 10 10 10 10 11 12 13 14 14 14 14 15 16 17 17 17 17 18 18 19 20 21 21 21 21 21 21
4 21 4 3 4 21 2 4 7 21 0 1 2 3 9 21 8 9 3 8 9 21 6 7 9 14 21 5 6 7 8 11 12 13 14 10 10 10 8 10 15 17 14 18 14 18 19 20 16 17 17 17 0 2 3 5 7 8
-84.29220284000002
rh-49Y6-a
Rh Rh Rh O H Rh C H Rh H H C H Rh Rh H C H H H N C
0 0 1 2 2 2 3 3 3 3 4 4 4 4 5 5 6 6 6 6 6 6 7 7 8 8 8 9 9 10 11 11 11 11 12 13 14 14 14 14 14 15 15 15 16 16 16 16 17 18 19 20 20 20 20 20 20 21 21 21 21 21
4 20 4 3 4 20 2 4 14 20 0 1 2 3 7 20 7 8 9 10 14 21 5 6 6 9 21 6 8 6 12 15 16 21 11 15 3 6 15 20 21 11 13 14 11 17 18 19 16 16 16 0 2 3 5 14 21 6 8 11 14 20
-84.23354079
cd-49Y3-a
Cd O H C H C H H Cd H Cd Cd C H C H H H N
0 0 1 1 1 2 2 3 3 3 3 4 5 5 5 5 6 7 8 9 9 10 11 11 12 12 12 12 13 13 13 14 14 14 14 15 16 17 18 18
1 2 0 2 18 0 1 4 11 12 18 3 6 7 9 12 5 5 9 5 8 13 3 13 3 5 13 14 10 11 12 12 15 16 17 14 14 14 1 3
-83.45622811999999
ag-49Y3-a
Ag Ag O H C H C H H Ag H Ag Ag C H C H H H N Ag
0 1 1 1 2 2 2 2 3 3 3 4 4 4 4 5 6 6 6 6 7 8 9 10 10 11 12 12 12 13 13 13 13 14 14 14 15 15 15 15 16 17 18 19 19 19 19 19 20 20
3 2 3 19 1 3 19 20 0 1 2 5 12 13 19 4 7 8 10 13 6 6 10 6 9 14 4 14 19 4 6 14 15 11 12 13 13 16 17 18 15 15 15 1 2 4 12 20 2 19
-83.59288659
ni-49Y2-a
Ni Ni Ni O H Ni C H C H H C H H C H H H N Ni Ni
0 0 1 2 2 2 3 3 3 4 4 4 4 5 5 6 6 6 7 7 8 8 8 8 9 10 11 11 11 11 12 13 14 14 14 14 15 16 17 18 18 18 18 18 18 18 19 20
4 18 4 3 4 18 2 4 18 0 1 2 3 7 18 7 8 18 5 6 6 9 10 11 8 8 8 12 13 14 11 11 11 15 16 17 14 14 14 0 2 3 5 6 19 20 18 18
-84.30900349000001
zn-49Y1-a
Zn Zn Zn O H C H C H Zn H C H H Zn C H H H N
0 1 1 2 3 3 4 4 4 4 5 5 5 6 7 7 7 7 8 9 10 10 11 11 11 11 12 13 14 15 15 15 15 16 16 17 18 19 19 19
4 4 19 4 4 19 0 1 2 3 6 7 19 5 5 8 10 11 7 10 7 9 7 12 13 15 11 11 16 11 16 17 18 14 15 15 15 1 3 5
-83.77011414
ir-49Y3-a
Ir Ir Ir O H Ir Ir C H C H H Ir H Ir C H C H H H Ir N
0 1 1 1 2 2 2 3 3 3 3 3 3 4 4 4 4 5 5 6 6 6 6 6 7 7 7 7 7 8 8 8 9 9 9 9 10 11 12 12 13 13 14 15 15 15 15 16 16 16 17 17 17 17 18 19 20 21 22 22 22 22 22 22
4 3 4 22 3 4 22 1 2 4 5 6 22 0 1 2 3 3 8 3 7 8 16 22 6 8 15 21 22 5 6 7 10 11 13 15 9 9 13 22 9 12 16 7 9 16 17 6 14 15 15 18 19 20 17 17 17 7 1 2 3 6 7 12
-83.83298735
ni-49Y6-a
Ni Ni Ni O H Ni C H Ni H H C H Ni Ni H C H H H N C
0 0 1 2 2 2 3 3 3 3 4 4 4 4 5 5 5 5 6 6 6 6 6 6 6 7 7 8 8 8 9 9 10 11 11 11 11 12 13 14 14 14 14 14 15 15 15 16 16 16 16 17 18 19 20 20 20 20 20 20 21 21 21 21 21 21
4 20 4 3 4 20 2 4 14 20 0 1 2 3 6 7 20 21 5 7 8 9 10 14 21 5 6 6 9 21 6 8 6 12 15 16 21 11 15 3 6 15 20 21 11 13 14 11 17 18 19 16 16 16 0 2 3 5 14 21 5 6 8 11 14 20
-84.24582549999997
au-49Y3-a
Au O H C H C H H Au H Au Au C H C H H H N Au
0 0 1 1 1 2 2 3 3 3 3 4 5 5 5 5 6 7 8 9 9 10 11 11 11 12 12 12 12 13 13 13 14 14 14 14 15 16 17 18 18 18 18 19
1 2 0 2 18 0 1 4 11 12 18 3 6 7 9 12 5 5 9 5 8 13 3 13 18 3 5 13 14 10 11 12 12 15 16 17 14 14 14 1 3 11 19 18
-83.58929762
zn-49Y3-a
O H C H C H H Zn H Zn C H C H H H Zn N Zn
0 0 0 1 2 2 2 2 3 4 4 4 4 5 6 7 8 8 9 10 10 10 10 11 11 12 12 12 12 13 14 15 16 17 17 18
1 17 18 0 3 10 16 17 2 5 6 8 10 4 4 8 4 7 11 2 4 11 12 9 10 10 13 14 15 12 12 12 2 0 2 0
-83.51264069999999
pt-49Y4-a
Pt Pt Pt O H Pt Pt C H C H H H C H Pt C H H H N
0 0 0 0 1 2 2 2 2 3 3 3 3 4 4 4 4 5 5 6 6 6 6 7 7 7 7 7 7 8 8 8 9 9 9 9 10 11 12 13 13 13 13 14 15 16 16 16 16 17 17 17 18 19 20 20 20 20 20 20
3 4 7 20 4 3 4 7 20 0 2 4 20 0 1 2 3 8 20 7 8 17 20 0 2 6 8 13 20 5 6 7 10 11 12 13 9 9 9 7 9 14 16 13 17 13 17 18 19 6 15 16 16 16 0 2 3 5 6 7
-84.21623327999998
zn-13Y1-a
C H H Zn Zn Zn O H N
0 0 0 1 2 3 4 4 5 6 6 7 7 7 7 8 8 8
1 2 8 0 0 7 7 8 7 7 8 3 4 5 6 0 4 6
-33.59995651
ag-25Y1-a
Ag Ag Ag O H C H Ag Ag C H H H N
0 0 0 1 1 1 2 2 3 3 3 3 4 4 4 4 5 5 5 6 7 8 9 9 9 9 10 10 10 10 11 12 13 13 13 13
3 4 13 4 10 13 3 4 0 2 4 13 0 1 2 3 6 9 13 5 10 10 5 10 11 12 1 7 8 9 9 9 0 1 3 5
-50.47768974000002
cu-49Y4-a
Cu Cu Cu O H Cu Cu C H C H H H C H C H H H N
0 0 0 1 2 2 2 3 3 3 4 4 4 4 5 6 6 6 7 7 7 7 8 8 8 8 9 9 9 9 10 11 12 13 13 13 13 14 15 15 15 15 16 17 18 19 19 19 19 19
4 8 19 4 3 4 19 2 4 19 0 1 2 3 8 7 8 19 6 8 13 19 0 5 6 7 10 11 12 13 9 9 9 7 9 14 15 13 13 16 17 18 15 15 15 0 2 3 6 7
-83.96138939
au-25Y2-a
Au Au O H Au C H C H H H N
0 1 1 2 2 3 3 3 4 5 5 5 6 6 7 7 7 7 8 9 10 11 11 11
3 3 11 3 11 0 1 2 6 6 7 11 4 5 5 8 9 10 7 7 7 1 2 5
-50.51043637000001
cu-13Y1-a
C H Cu H Cu Cu Cu O H N Cu Cu Cu
0 0 0 0 1 2 3 3 4 5 5 5 5 6 6 7 7 7 8 8 8 8 9 9 9 9 9 9 9 10 11 12
1 3 5 9 0 3 0 2 8 0 7 8 9 8 9 5 8 9 4 5 6 7 0 5 6 7 10 11 12 9 9 9
-33.84023518000001
cd-37Y2-a
Cd Cd Cd O H C H C H H C H H H N
0 1 1 2 2 3 3 3 4 4 4 4 5 5 5 6 7 7 7 7 8 9 10 10 10 10 11 12 13 14 14 14
4 4 14 3 4 2 4 14 0 1 2 3 6 7 14 5 5 8 9 10 7 7 7 11 12 13 10 10 10 1 3 5
-66.89290052999999
rh-37Y1-a
Rh Rh Rh O H Rh Rh C H C H Rh H C H H Rh Rh H N
0 1 1 1 2 2 2 3 3 3 3 3 3 4 4 4 4 5 5 5 6 6 6 6 6 7 7 7 7 7 7 8 8 8 9 9 9 9 10 11 11 12 12 13 13 13 13 14 15 16 17 17 18 18 18 18 19 19 19 19 19 19
4 3 4 19 3 4 19 1 2 4 5 6 19 0 1 2 3 3 7 8 3 7 8 18 19 5 6 8 9 11 19 5 6 7 7 10 12 13 9 7 12 9 11 9 14 15 18 13 13 18 18 19 6 13 16 17 1 2 3 6 7 17
-67.34062072
au-49Y5-a
Au Au O H Au C H H H C H H C H H Au H Au N C Au
0 1 1 2 2 2 3 3 3 4 5 5 5 5 6 6 7 8 9 9 9 9 10 11 12 12 12 12 13 14 15 16 16 17 18 18 18 19 19 19 19 20
3 2 3 1 3 18 0 1 2 6 6 7 8 19 4 5 5 5 10 11 12 19 9 9 9 13 14 16 12 12 16 12 15 19 2 19 20 5 9 17 18 18
-83.82203059
cd-25Y2-a
Cd Cd Cd O H C H C H H H N
0 0 1 2 2 3 3 3 4 4 4 4 5 5 5 6 7 7 7 7 8 9 10 11 11 11
3 4 4 4 11 0 4 11 0 1 2 3 6 7 11 5 5 8 9 10 7 7 7 2 3 5
-50.29046179
cu-37Y2-a
Cu Cu Cu O H Cu C H C H H C H H H Cu N
0 1 1 1 2 2 2 3 3 3 4 4 4 4 5 5 6 6 6 6 7 7 7 8 8 8 8 9 10 11 11 11 11 12 13 14 15 15 16 16 16 16 16 16
4 4 7 16 3 4 16 2 4 16 0 1 2 3 7 16 7 8 15 16 1 5 6 6 9 10 11 8 8 8 12 13 14 11 11 11 6 16 1 2 3 5 6 15
-67.31945895999999
cu-49Y3-a
Cu Cu O H C H C H H Cu H Cu Cu C H C H H H N Cu
0 1 1 1 2 2 2 2 3 3 3 4 4 4 4 5 6 6 6 6 7 8 9 10 10 11 12 12 12 13 13 13 13 14 14 14 15 15 15 15 16 17 18 19 19 19 19 19 20 20
3 2 3 19 1 3 19 20 0 1 2 5 12 13 19 4 7 8 10 13 6 6 10 6 9 14 4 14 19 4 6 14 15 11 12 13 13 16 17 18 15 15 15 1 2 4 12 20 2 19
-83.65775984999999
rh-49Y3-a
Rh Rh Rh O H Rh C H C H H Rh H Rh C H C H H H Rh N Rh
0 1 1 2 2 2 3 3 3 3 3 4 4 4 4 5 5 5 5 5 6 6 6 6 6 6 7 7 8 8 8 8 9 10 11 11 11 12 12 13 14 14 14 14 15 15 15 16 16 16 16 17 18 19 20 21 21 21 21 21 21 22
4 4 21 3 4 21 2 4 5 21 22 0 1 2 3 3 6 7 15 21 5 7 11 14 20 21 5 6 9 10 12 14 8 8 6 12 21 8 11 15 6 8 15 16 5 13 14 14 17 18 19 16 16 16 6 1 2 3 5 6 11 3
-83.98696247999999
rh-49Y2-a
Rh Rh Rh O H Rh Rh C H C H H C H H C H H H Rh N
0 0 0 0 1 2 2 2 3 3 3 3 4 4 4 4 5 5 6 6 7 7 7 7 8 8 8 8 9 9 9 9 10 11 12 12 12 12 13 14 15 15 15 15 16 17 18 19 19 20 20 20 20 20 20 20
3 4 8 20 4 3 4 20 0 2 4 20 0 1 2 3 8 20 8 20 8 9 19 20 0 5 6 7 7 10 11 12 9 9 9 13 14 15 12 12 12 16 17 18 15 15 15 7 20 0 2 3 5 6 7 19
-84.38601697000001
pt-49Y5-a
Pt Pt O H Pt C H H H C H Pt H C H H Pt H Pt N C Pt
0 1 1 1 2 2 2 2 3 3 3 4 5 5 5 5 6 6 7 8 9 9 9 9 10 11 12 12 13 13 13 13 14 15 16 17 17 18 18 19 19 19 19 19 20 20 20 20 21 21
3 2 3 19 1 3 19 21 0 1 2 6 6 7 8 20 4 5 5 5 10 12 13 20 9 12 9 11 9 14 15 17 13 13 17 13 16 19 20 1 2 18 20 21 5 9 18 19 2 19
-83.97734774000003
cu-49Y5-a
Cu Cu O H Cu C H H H C H Cu H C H H Cu H Cu N C Cu
0 1 1 1 2 2 2 3 3 3 4 5 5 5 5 6 6 7 8 9 9 9 9 10 11 12 12 13 13 13 13 14 15 16 17 17 18 18 19 19 19 19 19 20 20 20 20 21
3 2 3 19 1 3 19 0 1 2 6 6 7 8 20 4 5 5 5 10 12 13 20 9 12 9 11 9 14 15 17 13 13 17 13 16 19 20 1 2 18 20 21 5 9 18 19 19
-83.87384044000001
ru-37Y2-a
Ru Ru Ru O H Ru Ru Ru C H C H H Ru C H H Ru H N
0 1 1 2 2 2 3 3 3 3 3 4 4 4 4 5 5 6 6 7 7 7 7 8 8 8 8 8 9 9 9 9 10 10 10 10 11 12 13 14 14 14 14 15 15 16 17 17 18 18 19 19 19 19 19 19
4 4 19 3 4 19 2 4 7 17 19 0 1 2 3 8 9 9 19 3 8 9 19 5 7 9 10 19 5 6 7 8 8 11 12 14 10 10 15 10 15 16 18 13 14 14 3 18 14 17 1 2 3 6 7 8
-67.81640887999998
ir-49Y1-a
Ir Ir Ir O H C H C H Ir Ir H C H H Ir C H H H N Ir Ir
0 0 1 1 2 2 2 3 3 3 3 4 4 4 4 5 5 5 6 7 7 7 7 8 9 9 10 11 11 11 12 12 12 12 13 13 14 15 16 16 16 16 17 17 18 19 20 20 20 20 20 20 21 22
3 4 4 20 3 4 20 0 2 4 20 0 1 2 3 6 7 20 5 5 8 11 12 7 11 13 11 7 9 10 7 13 14 16 9 12 12 17 12 17 18 19 15 16 16 16 1 2 3 5 21 22 20 20
-84.49975869999997
ag-49Y2-a
Ag Ag Ag O H Ag C H C H H C H H C H H H N Ag
0 0 0 1 2 2 3 3 3 4 4 4 4 5 6 6 6 7 7 7 8 8 8 8 9 10 11 11 11 11 12 13 14 14 14 14 15 16 17 18 18 18 18 19
4 7 18 4 3 4 2 4 18 0 1 2 3 7 7 8 18 0 5 6 6 9 10 11 8 8 8 12 13 14 11 11 11 15 16 17 14 14 14 0 3 6 19 18
-83.71845998
au-49Y1-a
Au Au Au O H C H C H Au Au H C H H Au C H H H N
0 0 1 1 2 3 3 3 4 4 4 4 5 5 5 6 7 7 7 7 8 9 9 10 11 11 11 12 12 12 12 13 13 14 15 16 16 16 16 17 17 18 19 20 20 20
3 4 4 20 4 0 4 20 0 1 2 3 6 7 20 5 5 8 11 12 7 11 13 11 7 9 10 7 13 14 16 9 12 12 17 12 17 18 19 15 16 16 16 1 3 5
-83.82921396
ni-25Y2-a
Ni Ni Ni O H Ni Ni Ni C H C H H H N
0 0 0 1 2 2 3 3 3 3 4 4 4 4 5 5 6 6 7 7 7 7 8 8 8 8 8 9 9 9 9 10 10 10 10 11 12 13 14 14 14 14 14 14
3 4 14 4 4 14 0 4 7 14 0 1 2 3 8 9 9 14 3 8 9 14 5 7 9 10 14 5 6 7 8 8 11 12 13 10 10 10 0 2 3 6 7 8
-50.95825549
os-37Y2-a
Os Os Os O H Os C H Os C H H Os Os C H H H N
0 1 1 1 1 2 2 2 3 3 3 3 3 4 4 4 4 5 5 5 6 6 6 6 6 6 7 7 7 8 8 9 9 9 9 10 10 11 12 13 13 13 13 14 14 14 14 15 15 15 16 17 18 18 18 18 18 18
4 3 4 7 18 3 4 18 1 2 4 13 18 0 1 2 3 6 7 18 5 7 8 9 13 18 1 5 6 6 10 6 10 11 14 8 9 9 15 3 6 15 18 9 15 16 17 12 13 14 14 14 1 2 3 5 6 13
-67.83245346000001
ni-13Y1-a
Ni C H Ni Ni H Ni Ni Ni O H N
0 0 0 0 0 1 1 1 1 1 1 2 2 3 3 3 4 4 5 5 5 5 6 7 7 7 8 8 8 9 9 9 9 9 10 10 10 10 11 11 11 11 11 11
1 2 5 9 11 0 2 3 4 5 11 0 1 1 5 11 1 5 0 1 3 4 10 9 10 11 9 10 11 0 7 8 10 11 6 7 8 9 0 1 3 7 8 9
-34.16447550999999
pd-37Y2-a
Pd Pd Pd O H Pd Pd Pd C H C H H Pd Pd C H H H N
0 1 1 1 2 2 2 3 3 3 4 4 4 4 5 6 6 7 7 7 7 8 8 8 8 9 9 9 9 9 10 10 10 10 11 12 13 14 14 15 15 15 15 16 16 16 16 17 18 18 19 19 19 19 19 19
4 4 9 19 3 4 19 2 4 19 0 1 2 3 9 9 19 8 9 16 19 7 9 10 19 1 5 6 7 8 8 11 12 15 10 10 16 16 18 10 16 17 18 7 13 14 15 15 14 15 1 2 3 6 7 8
-67.55573808
cu-37Y1-a
Cu Cu Cu O H Cu C H C H Cu H C H H Cu H Cu N
0 1 1 2 2 2 3 3 3 3 4 4 4 4 5 5 6 6 6 6 6 7 7 8 8 8 8 9 10 11 11 12 12 12 12 13 14 15 16 16 17 17 18 18 18 18
4 3 4 3 4 18 1 2 4 18 0 1 2 3 6 7 5 7 8 17 18 5 6 6 9 11 12 8 11 8 10 8 13 14 16 12 12 16 12 15 6 18 2 3 6 17
-66.98978091000001
os-37Y3-a
Os Os Os O H Os Os C H H H Os C H H Os H N C
0 1 1 2 2 2 3 3 3 3 4 4 4 4 5 5 5 5 6 7 7 7 7 8 8 8 9 10 11 11 11 11 12 12 12 12 12 12 13 13 14 15 15 15 16 16 17 17 17 17 17 17 18 18 18 18 18 18
4 4 17 3 4 17 2 4 5 17 0 1 2 3 3 8 17 18 8 8 9 10 18 5 6 7 7 7 12 13 17 18 11 13 14 15 16 18 11 12 12 12 16 18 12 15 1 2 3 5 11 18 5 7 11 12 15 17
-67.96392168
au-37Y2-a
Au Au Au O H Au C H C H H C H H H N
0 1 1 1 2 2 2 3 3 3 3 4 4 4 4 5 6 6 6 7 7 8 8 8 8 9 10 11 11 11 11 12 13 14 15 15 15 15
4 3 4 15 3 4 15 1 2 4 15 0 1 2 3 7 7 8 15 5 6 6 9 10 11 8 8 8 12 13 14 11 11 11 1 2 3 6
-67.09922361000002
os-49Y3-a
Os Os Os O H Os C H C H H H Os Os C H Os C H H H N Os Os Os Os
0 1 1 1 1 2 2 3 3 3 3 3 3 3 4 4 4 4 5 5 5 5 5 6 6 6 6 7 7 7 8 8 8 8 9 10 11 12 12 13 13 14 14 14 14 15 15 15 15 16 17 17 17 17 18 18 19 20 21 21 21 21 21 21 21 22 23 23 24 25
4 3 4 7 21 3 4 1 2 4 5 23 24 25 0 1 2 3 3 6 7 15 21 5 7 14 21 1 5 6 9 10 11 14 8 8 8 15 21 15 21 6 8 15 17 5 12 13 14 18 14 18 19 20 16 17 17 17 1 5 6 12 13 22 23 21 3 21 3 3
-86.83319030000007
ir-49Y6-a
Ir Ir Ir O H Ir C H Ir H H C H Ir Ir H C H H H N C
0 0 1 2 2 2 3 3 3 3 4 4 4 4 5 5 6 6 6 6 6 6 7 7 8 8 8 9 9 10 11 11 11 11 12 13 14 14 14 14 14 15 15 15 16 16 16 16 17 18 19 20 20 20 20 20 20 21 21 21 21 21
4 20 4 3 4 20 2 4 14 20 0 1 2 3 7 20 7 8 9 10 14 21 5 6 6 9 21 6 8 6 12 15 16 21 11 15 3 6 15 20 21 11 13 14 11 17 18 19 16 16 16 0 2 3 5 14 21 6 8 11 14 20
-83.98665732999996
ir-49Y2-a
Ir Ir Ir O H Ir Ir C H C H H C H H C H H H N Ir Ir
0 0 0 1 2 2 2 3 3 3 4 4 4 4 5 5 6 6 7 7 7 8 8 8 8 9 9 9 9 10 11 12 12 12 12 13 14 15 15 15 15 16 17 18 19 19 19 19 19 19 19 19 20 21
4 8 19 4 3 4 19 2 4 19 0 1 2 3 8 19 8 19 8 9 19 0 5 6 7 7 10 11 12 9 9 9 13 14 15 12 12 12 16 17 18 15 15 15 0 2 3 5 6 7 20 21 19 19
-84.53243415999998
rh-13Y1-a
Rh C H Rh Rh H Rh Rh Rh O H N
0 0 0 0 0 1 1 1 1 1 1 2 2 3 3 3 4 4 5 5 5 5 6 7 7 7 8 8 8 9 9 9 9 9 10 10 10 10 11 11 11 11 11 11
1 2 5 9 11 0 2 3 4 5 11 0 1 1 5 11 1 5 0 1 3 4 10 9 10 11 9 10 11 0 7 8 10 11 6 7 8 9 0 1 3 7 8 9
-34.11267780000003
rh-49Y5-a
Rh Rh Rh O H Rh C H H H C H Rh Rh H C H H Rh H N C
0 1 1 1 2 2 2 3 3 3 3 4 4 4 4 5 6 6 6 6 7 7 8 9 10 10 10 10 11 12 13 13 13 14 14 14 15 15 15 15 16 17 18 19 19 20 20 20 20 20 21 21 21 21
4 3 4 20 3 4 20 1 2 4 20 0 1 2 3 7 7 8 9 21 5 6 6 6 11 14 15 21 10 14 14 20 21 10 12 13 10 16 17 19 15 15 19 15 18 1 2 3 13 21 6 10 13 20
-84.02695083000003
cu-49Y2-a
Cu Cu Cu O H Cu Cu C H C H H C H H C H H H N Cu
0 0 0 1 2 2 2 3 3 3 4 4 4 4 5 6 6 7 7 7 8 8 8 8 9 9 9 9 10 11 12 12 12 12 13 14 15 15 15 15 16 17 18 19 19 19 19 19 19 20
4 8 19 4 3 4 19 2 4 19 0 1 2 3 8 8 19 8 9 19 0 5 6 7 7 10 11 12 9 9 9 13 14 15 12 12 12 16 17 18 15 15 15 0 2 3 6 7 20 19
-83.97221257000001
ir-25Y1-a
Ir Ir Ir O H C H Ir C H H Ir H N Ir Ir
0 0 0 1 1 2 2 3 3 3 3 4 4 4 4 5 5 5 6 7 8 8 8 8 9 9 10 11 12 12 13 13 13 13 13 13 14 15
3 4 13 4 13 3 4 0 2 4 13 0 1 2 3 6 8 13 5 9 5 9 10 12 7 8 8 12 8 11 0 1 3 5 14 15 13 13
-51.154308209999954
au-13Y1-a
C H Au H Au Au O H N
0 0 0 0 1 2 3 3 4 4 5 5 5 5 6 6 6 6 7 7 7 8 8 8
1 3 5 8 0 3 0 2 6 7 0 6 7 8 4 5 7 8 4 5 6 0 5 6
-33.62595171000001
os-13Y1-a
Os C H Os H Os Os Os O H Os N
0 0 0 0 1 1 1 1 1 1 2 2 3 3 3 4 4 4 5 5 6 6 6 7 7 7 8 8 8 8 8 9 9 9 9 10 11 11 11 11 11 11
1 2 4 11 0 2 3 4 10 11 0 1 1 4 11 0 1 3 8 9 8 9 11 8 9 11 5 6 7 9 11 5 6 7 8 1 0 1 3 6 7 8
-34.46300537000002
ag-49Y4-a
Ag Ag Ag O H Ag C H C H H H C H C H H H Ag N
0 0 1 2 2 2 3 3 3 4 4 4 4 5 6 6 6 6 7 7 8 8 8 8 9 10 11 12 12 12 12 13 14 14 14 14 15 16 17 18 18 19 19 19 19 19
4 19 4 3 4 19 2 4 19 0 1 2 3 7 7 12 18 19 5 6 9 10 11 12 8 8 8 6 8 13 14 12 12 15 16 17 14 14 14 6 19 0 2 3 6 18
-83.72731195
ir-13Y1-a
Ir C H Ir H Ir Ir O H Ir N
0 0 0 0 1 1 1 1 1 1 1 2 2 3 3 3 4 4 4 5 5 6 6 6 6 7 7 7 7 7 8 8 8 9 9 9 10 10 10 10 10 10
1 2 4 10 0 2 3 4 6 9 10 0 1 1 4 10 0 1 3 7 8 1 7 8 10 5 6 8 9 10 5 6 7 1 7 10 0 1 3 6 7 9
-34.28319725999995
ni-37Y2-a
Ni Ni Ni O H Ni Ni Ni C H C H H Ni C H H H N
0 1 1 2 2 2 3 3 3 3 4 4 4 4 5 5 6 6 7 7 7 7 8 8 8 8 8 9 9 9 9 10 10 10 10 11 12 13 14 14 14 14 15 15 16 17 18 18 18 18 18 18
4 4 18 3 4 18 2 4 7 18 0 1 2 3 8 9 9 18 3 8 9 18 5 7 9 10 18 5 6 7 8 8 11 12 14 10 10 15 10 15 16 17 13 14 14 14 1 2 3 6 7 8
-67.53765324
zn-37Y3-a
Zn Zn Zn O H C H H H Zn C H H H N C
0 1 1 2 3 3 4 4 4 4 5 5 5 5 6 7 8 9 10 10 10 10 11 11 12 13 14 14 14 15 15 15
4 4 14 4 4 14 0 1 2 3 6 7 8 15 5 5 5 11 11 12 13 15 9 10 10 10 1 3 15 5 10 14
-67.30648785999999
pd-37Y3-a
Pd Pd Pd O H Pd Pd C H H H Pd C H H Pd H N C
0 1 1 1 1 2 2 2 3 3 3 3 3 4 4 4 4 5 5 5 5 5 5 5 5 6 7 7 7 7 7 8 8 8 9 9 10 11 11 11 11 12 12 12 12 12 12 13 13 14 15 16 16 16 16 17 17 17 17 17 18 18 18 18 18 18
4 3 4 17 18 3 4 17 1 2 4 5 17 0 1 2 3 3 7 8 9 12 16 17 18 8 5 8 9 10 18 5 6 7 5 7 7 12 13 16 18 5 11 13 14 16 18 11 12 12 16 5 11 12 15 1 2 3 5 18 1 5 7 11 12 17
-67.62333177000002
cd-49Y5-a
Cd O H Cd C H H H C H H C H H Cd H Cd N C Cd
0 0 1 1 1 2 2 3 4 4 4 4 5 5 6 7 8 8 8 8 9 10 11 11 11 11 12 13 14 15 15 16 17 17 17 18 18 18 18 19
1 2 0 2 17 0 1 5 5 6 7 18 3 4 4 4 9 10 11 18 8 8 8 12 13 15 11 11 15 11 14 18 1 18 19 4 8 16 17 17
-83.67193678000001
ag-49Y5-a
Ag Ag Ag O H Ag C H H H C H Ag H C H H Ag H N C
0 1 1 1 1 2 2 2 3 3 3 3 4 4 4 4 5 6 6 6 6 7 7 8 9 10 10 10 10 11 12 12 12 13 13 14 14 14 14 15 16 17 18 18 18 19 19 19 19 19 20 20 20 20
4 3 4 18 19 3 4 19 1 2 4 19 0 1 2 3 7 7 8 9 20 5 6 6 6 11 13 14 20 10 13 19 20 10 12 10 15 16 18 14 14 18 1 14 17 1 2 3 12 20 6 10 12 19
-83.81692787
os-25Y1-a
Os Os Os O H C H Os Os C H H H N Os Os
0 0 0 1 1 2 2 3 3 3 3 3 4 4 4 4 5 5 5 5 6 7 7 8 9 9 9 9 10 10 10 11 12 12 13 13 13 13 13 13 14 15
3 4 13 4 13 3 4 0 2 4 5 13 0 1 2 3 3 6 9 13 5 10 12 10 5 10 11 12 7 8 9 9 7 9 0 1 3 5 14 15 13 13
-51.25822432000007
pt-37Y3-a
Pt Pt Pt O H Pt Pt C H H H Pt C H H Pt H N C
0 0 1 1 1 1 2 2 2 2 3 3 3 3 3 4 4 4 4 5 5 5 5 5 5 6 7 7 7 7 7 8 8 8 9 10 11 11 12 12 12 12 12 13 13 14 15 16 16 16 17 17 17 17 17 18 18 18 18 18 18 18
3 4 3 4 17 18 3 4 17 18 0 1 2 4 17 0 1 2 3 7 8 12 16 17 18 8 5 8 9 10 18 5 6 7 7 7 13 18 5 13 14 16 18 11 12 12 16 5 12 15 1 2 3 5 18 1 2 5 7 11 12 17
-67.54167365
au-49Y4-a
Au Au Au O H Au C H C H H H C H C H H H Au N
0 0 1 2 2 2 3 3 3 4 4 4 4 5 6 6 6 6 7 7 8 8 8 8 9 10 11 12 12 12 12 13 14 14 14 14 15 16 17 18 19 19 19 19
4 19 4 3 4 19 2 4 19 0 1 2 3 7 7 12 18 19 5 6 9 10 11 12 8 8 8 6 8 13 14 12 12 15 16 17 14 14 14 6 0 2 3 6
-83.74221064
zn-49Y5-a
Zn O H C H H H C H H C H H Zn H N C Zn
0 0 1 1 1 2 2 3 3 3 3 4 5 6 7 7 7 7 8 9 10 10 10 10 11 12 13 14 14 15 15 15 16 16 16 17
1 2 0 2 15 0 1 4 5 6 16 3 3 3 8 9 10 16 7 7 7 11 12 14 10 10 14 10 13 1 16 17 3 7 15 15
-83.72518238
ir-37Y2-a
Ir Ir O H Ir Ir Ir C H C H H Ir C H H H Ir N
0 1 1 1 1 1 2 2 2 2 3 3 3 4 5 5 6 6 6 7 7 7 7 7 7 8 8 8 8 8 9 9 9 9 10 11 12 13 13 13 13 14 14 15 16 17 17 17 18 18 18 18 18 18
3 2 3 7 8 18 1 3 17 18 0 1 2 8 8 18 7 8 18 1 6 8 9 17 18 1 4 5 6 7 7 10 11 13 9 9 14 9 14 15 16 12 13 13 13 2 7 18 1 2 5 6 7 17
-67.57909380999996
pd-49Y4-a
Pd Pd Pd O H Pd Pd C H C H H H C H Pd Pd C H H H N
0 0 0 0 1 2 2 2 2 3 3 3 3 4 4 4 4 5 5 6 6 6 6 6 6 7 7 7 7 7 7 8 8 8 8 9 9 9 9 10 11 12 13 13 13 13 13 14 15 16 17 17 17 17 18 18 18 18 19 20 21 21 21 21 21 21
4 7 8 21 4 3 4 7 21 2 4 6 21 0 1 2 3 8 21 3 7 8 13 18 21 0 2 6 8 13 21 0 5 6 7 10 11 12 13 9 9 9 6 7 9 14 17 13 18 18 13 18 19 20 6 15 16 17 17 17 0 2 3 5 6 7
-84.27417441000003
zn-25Y2-a
Zn Zn Zn O H C H C H H H N
0 1 2 2 3 3 4 4 4 4 5 5 5 6 7 7 7 7 8 9 10 11 11 11
4 4 4 11 4 11 0 1 2 3 6 7 11 5 5 8 9 10 7 7 7 2 3 5
-50.475371530000004
pt-13Y1-a
Pt C H Pt H Pt Pt Pt O H N
0 0 0 0 1 1 1 1 1 1 1 2 2 3 3 3 4 4 4 5 5 6 6 6 6 7 7 7 7 8 8 8 8 8 9 9 9 9 10 10 10 10 10 10
1 2 4 10 0 2 3 4 6 7 10 0 1 1 4 10 0 1 3 8 9 1 8 9 10 1 8 9 10 5 6 7 9 10 5 6 7 8 0 1 3 6 7 8
-34.17223402000002
rh-37Y2-a
Rh Rh Rh O H Rh Rh Rh C H C H H Rh Rh C H H H N
0 1 1 1 2 2 2 3 3 3 3 3 4 4 4 4 5 5 6 6 7 7 7 7 7 8 8 8 8 8 9 9 9 9 10 10 10 10 11 12 13 14 15 15 15 15 16 16 16 16 17 18 19 19 19 19 19 19
4 3 4 19 3 4 19 1 2 4 7 19 0 1 2 3 8 9 9 19 3 8 9 16 19 5 7 9 10 19 5 6 7 8 8 11 12 15 10 10 16 16 10 16 17 18 7 13 14 15 15 15 1 2 3 6 7 8
-67.50446188000001
ru-49Y4-a
Ru Ru Ru O H Ru Ru Ru C H C H H H C H Ru C H H H N Ru
0 0 1 2 2 2 3 3 3 3 3 4 4 4 4 5 5 6 6 6 7 7 7 7 7 8 8 8 8 8 9 9 9 9 10 10 10 10 11 12 13 14 14 14 14 15 15 16 17 17 17 17 18 18 18 19 20 21 21 21 21 21 21 22
4 21 4 3 4 21 2 4 7 21 22 0 1 2 3 9 21 8 9 18 3 8 9 15 21 6 7 9 14 21 5 6 7 8 11 12 13 14 10 10 10 8 10 15 17 7 14 18 14 18 19 20 6 16 17 17 17 0 2 3 5 7 8 3
-84.54019141000003
ni-37Y3-a
Ni Ni Ni O H Ni C H H H Ni C H H Ni H Ni N C
0 1 1 2 2 2 3 3 3 3 4 4 4 4 5 6 6 6 6 6 7 7 8 9 10 10 10 10 11 11 11 11 11 11 11 12 12 13 14 14 14 15 15 16 16 16 16 16 17 17 17 17 17 17 18 18 18 18 18 18
4 4 17 3 4 17 2 4 16 17 0 1 2 3 7 7 8 9 16 18 5 6 6 6 11 12 17 18 10 12 13 14 15 16 18 10 11 11 11 15 18 11 14 3 6 11 17 18 1 2 3 10 16 18 6 10 11 14 16 17
-67.63834752999998
cd-49Y1-a
Cd Cd Cd O H C H C H Cd H C H H Cd C H H H N
0 1 1 1 2 3 3 4 4 4 4 5 5 5 6 7 7 7 7 8 9 10 10 10 11 11 11 11 12 13 14 15 15 15 15 16 16 17 18 19 19 19
4 4 10 19 4 4 19 0 1 2 3 6 7 19 5 5 8 10 11 7 10 1 7 9 7 12 13 15 11 11 16 11 16 17 18 14 15 15 15 1 3 5
-83.62255375000001
rh-25Y2-a
Rh Rh Rh O H Rh Rh Rh C H C H H H N
0 0 0 1 2 2 2 3 3 3 3 3 4 4 4 4 5 5 6 6 7 7 7 7 7 8 8 8 8 8 9 9 9 9 10 10 10 10 11 11 12 13 14 14 14 14 14 14
3 4 14 4 3 4 14 0 2 4 7 14 0 1 2 3 8 9 9 14 3 8 9 11 14 5 7 9 10 14 5 6 7 8 8 11 12 13 7 10 10 10 0 2 3 6 7 8
-50.939961600000004
pd-49Y6-a
Pd Pd Pd O H Pd C H Pd Pd H H Pd C H Pd H C H H H N C
0 0 0 0 0 1 2 2 2 3 3 3 3 3 4 4 4 4 5 5 5 5 6 6 6 6 6 6 7 7 7 8 9 9 9 9 9 9 9 9 10 10 10 10 11 12 13 13 13 13 13 14 14 14 15 16 16 16 17 17 17 17 18 19 20 21 21 21 21 21 22 22 22 22 22 22
3 4 7 21 22 4 3 4 21 0 2 4 9 21 0 1 2 3 6 7 10 22 5 7 9 10 11 22 0 5 6 10 3 6 10 13 14 16 21 22 5 6 8 9 6 14 9 14 16 17 22 9 12 13 16 9 13 15 13 18 19 20 17 17 17 0 2 3 9 22 0 5 6 9 13 21
-84.23270112000003
au-37Y1-a
Au Au O H C H C H Au H C H H Au H Au N
0 1 1 2 2 2 3 3 3 4 4 4 4 5 6 6 6 6 7 8 9 9 10 10 10 10 11 12 13 14 14 15 15 16 16 16
3 2 3 1 3 16 0 1 2 5 6 15 16 4 4 7 9 10 6 9 6 8 6 11 12 14 10 10 14 10 13 4 16 2 4 15
-66.92579674000001
ru-37Y1-a
Ru Ru Ru O H Ru Ru Ru C H C H H C H H Ru H N Ru
0 1 1 1 2 2 2 3 3 3 3 3 3 4 4 4 4 5 5 5 6 6 6 7 7 7 7 7 8 8 8 8 8 8 9 9 9 9 10 10 10 10 11 12 12 13 13 13 13 14 15 16 17 17 17 18 18 18 18 18 18 19
4 3 4 18 3 4 18 1 2 4 6 7 18 0 1 2 3 8 9 12 3 8 9 3 8 9 17 18 5 6 7 9 10 18 5 6 7 8 8 11 12 13 10 5 10 10 14 15 17 13 13 17 7 13 16 1 2 3 7 8 19 18
-67.53656008000002
ag-13Y1-a
C H Ag H Ag Ag Ag O H N Ag
0 0 0 0 1 2 3 3 4 4 5 5 5 5 6 6 7 7 7 7 8 8 8 8 9 9 9 9 9 10
1 3 5 9 0 3 0 2 7 8 0 7 8 9 8 9 4 5 8 9 4 5 6 7 0 5 6 7 10 9
-33.61258361
pd-49Y1-a
Pd Pd Pd O H C H C H Pd Pd H C H H Pd C H H H N Pd
0 0 0 1 1 1 2 2 2 3 3 3 3 4 4 4 4 5 5 5 6 7 7 7 7 8 9 9 10 11 11 11 11 12 12 12 12 13 13 14 15 16 16 16 16 17 17 18 19 20 20 20 20 20 20 21
3 4 20 4 11 20 3 4 20 0 2 4 20 0 1 2 3 6 7 20 5 5 8 11 12 7 11 13 11 1 7 9 10 7 13 14 16 9 12 12 17 12 17 18 19 15 16 16 16 0 1 2 3 5 21 20
-84.48234921000002
au-37Y3-a
Au Au Au O H C H H H Au Au C H H H N C
0 1 1 1 2 2 3 3 3 4 4 4 4 5 5 5 5 6 7 8 9 10 11 11 11 11 12 12 12 12 13 14 15 15 15 16 16 16
4 4 12 15 3 4 2 4 15 0 1 2 3 6 7 8 16 5 5 5 12 12 12 13 14 16 1 9 10 11 11 11 1 3 16 5 11 15
-67.33715423000001
os-37Y1-a
Os Os Os O H Os Os C H C H Os H C H H Os H N Os
0 1 1 1 2 2 2 3 3 3 3 3 3 4 4 4 4 5 5 5 6 6 6 6 7 7 7 7 7 7 8 8 8 9 9 9 9 10 11 11 12 12 13 13 13 13 14 15 16 17 17 18 18 18 18 18 18 19
4 3 4 18 3 4 18 1 2 4 5 6 18 0 1 2 3 3 7 8 3 7 8 18 5 6 8 9 11 18 5 6 7 7 10 12 13 9 7 12 9 11 9 14 15 17 13 13 17 13 16 1 2 3 6 7 19 18
-67.50555968000003
rh-49Y4-a
Rh Rh Rh O H Rh Rh Rh C H C H H H C H Rh C H H H N
0 0 1 2 2 2 3 3 3 3 4 4 4 4 5 5 6 6 6 7 7 7 7 8 8 8 8 8 9 9 9 9 10 10 10 10 11 12 13 14 14 14 14 15 16 17 17 17 17 18 18 18 19 20 21 21 21 21 21 21
4 21 4 3 4 21 2 4 7 21 0 1 2 3 9 21 8 9 18 3 8 9 21 6 7 9 14 21 5 6 7 8 11 12 13 14 10 10 10 8 10 15 17 14 18 14 18 19 20 6 16 17 17 17 0 2 3 5 7 8
-84.25652615000001
cd-49Y4-a
Cd Cd Cd O H Cd C H C H H H C H C H H H Cd N
0 0 1 2 2 2 3 3 3 4 4 4 4 5 6 6 6 6 7 7 8 8 8 8 9 10 11 12 12 12 12 13 14 14 14 14 15 16 17 18 18 19 19 19 19 19
4 19 4 3 4 19 2 4 19 0 1 2 3 7 7 12 18 19 5 6 9 10 11 12 8 8 8 6 8 13 14 12 12 15 16 17 14 14 14 6 19 0 2 3 6 18
-83.49578618000001
cu-49Y6-a
Cu Cu Cu Cu O H Cu Cu C H H H C H H C H H H N C Cu
0 0 0 1 1 2 2 2 3 3 4 4 4 5 5 5 5 5 6 7 7 8 8 8 8 9 9 9 9 9 10 10 11 12 12 12 12 13 14 15 15 15 15 16 17 18 19 19 19 19 19 19 20 20 20 21
5 9 19 5 19 4 5 19 5 9 2 5 19 0 1 2 3 4 9 9 10 9 10 11 20 0 3 6 7 8 7 8 8 13 14 15 20 12 12 12 16 17 18 15 15 15 0 1 2 4 20 21 8 12 19 19
-84.10653697999999
cd-13Y1-a
C H H Cd Cd Cd O H N
0 0 0 1 2 3 4 4 5 6 6 7 7 7 7 8 8 8
1 2 8 0 0 7 7 8 7 7 8 3 4 5 6 0 4 6
-33.4585353
rh-25Y1-a
Rh Rh Rh O H C H Rh Rh Rh C H H H N Rh Rh
0 0 0 1 1 1 2 2 3 3 3 3 3 4 4 4 4 5 5 5 5 6 7 7 7 8 9 10 10 10 10 11 11 11 11 11 12 13 13 14 14 14 14 14 14 14 15 16
3 4 14 4 11 14 3 4 0 2 4 5 14 0 1 2 3 3 6 10 14 5 11 13 14 11 11 5 11 12 13 1 7 8 9 10 10 7 10 0 1 3 5 7 15 16 14 14
-51.09010361999998
ni-49Y3-a
Ni Ni Ni O H Ni C H C H H H Ni Ni C H Ni C H H H N
0 1 1 2 2 2 3 3 3 3 4 4 4 4 5 5 5 5 6 6 6 6 6 6 7 7 8 8 8 8 9 10 11 12 13 13 13 14 14 14 14 14 15 15 15 16 16 16 17 17 17 17 18 18 19 20 21 21 21 21 21 21
4 4 21 3 4 21 2 4 5 21 0 1 2 3 3 6 7 21 5 7 13 14 16 21 5 6 9 10 11 14 8 8 8 15 6 15 21 6 8 15 16 17 12 13 14 6 14 18 14 18 19 20 16 17 17 17 1 2 3 5 6 13
-84.18599628999999
pt-37Y2-a
Pt Pt O H Pt Pt C H C H H Pt C H H H N Pt
0 1 1 1 2 2 2 3 3 3 4 4 5 5 5 5 6 6 6 6 6 7 7 7 8 8 8 8 9 10 11 12 12 12 12 13 13 13 14 15 16 16 16 16 16 16 17 17
3 3 6 16 3 16 17 0 1 2 7 16 6 7 13 16 1 5 7 8 16 4 5 6 6 9 10 12 8 8 13 8 13 14 15 5 11 12 12 12 1 2 4 5 6 17 2 16
-67.50085726999998
cu-49Y1-a
Cu Cu Cu Cu O H C H C H Cu Cu H C H H C H H H N Cu
0 0 1 1 1 2 2 2 3 3 3 4 4 4 4 5 5 5 5 5 6 6 6 7 8 8 8 8 9 10 10 11 12 12 12 12 13 13 13 13 14 14 15 16 16 16 16 17 17 18 19 20 20 20 20 20 20 21
5 17 4 5 20 5 12 20 4 5 20 1 3 5 20 0 1 2 3 4 7 8 20 6 6 9 12 13 8 12 14 12 2 8 10 11 8 14 15 16 10 13 13 13 17 18 19 0 16 16 16 1 2 3 4 6 21 20
-84.02185922999999
pd-25Y1-a
Pd Pd Pd O H C H Pd Pd Pd C H H H N Pd
0 0 0 1 1 1 2 2 2 3 3 3 3 4 4 4 4 5 5 5 6 7 7 8 9 10 10 10 10 11 11 11 11 11 12 13 13 14 14 14 14 14 14 15
3 4 14 4 11 14 3 4 14 0 2 4 14 0 1 2 3 6 10 14 5 11 13 11 11 5 11 12 13 1 7 8 9 10 10 7 10 0 1 2 3 5 15 14
-51.065357560000024
zn-25Y1-a
Zn Zn Zn O H C H Zn C H H H N
0 1 1 2 3 3 4 4 4 4 5 5 5 6 7 8 8 8 8 9 9 10 11 12 12 12
4 4 12 4 4 12 0 1 2 3 6 8 12 5 9 5 9 10 11 7 8 8 8 1 3 5
-50.44821313
ni-37Y1-a
Ni Ni Ni O H Ni Ni C H C H Ni H C H H Ni H N
0 1 1 1 2 2 2 3 3 3 3 3 3 4 4 4 4 5 5 5 6 6 6 6 7 7 7 7 7 7 8 8 8 9 9 9 9 10 11 11 12 12 13 13 13 13 14 15 16 17 17 18 18 18 18 18
4 3 4 18 3 4 18 1 2 4 5 6 18 0 1 2 3 3 7 8 3 7 8 18 5 6 8 9 11 18 5 6 7 7 10 12 13 9 7 12 9 11 9 14 15 17 13 13 17 13 16 1 2 3 6 7
-67.23240250999999
ni-49Y1-a
Ni Ni Ni Ni O H C H C H Ni Ni H C H H Ni C H H H N Ni
0 0 0 1 1 1 2 2 3 3 3 4 4 4 4 5 5 5 5 5 6 6 6 7 8 8 8 8 9 10 10 11 12 12 12 12 13 13 13 13 14 14 15 16 17 17 17 17 18 18 18 19 20 21 21 21 21 21 21 22
5 12 18 4 5 21 5 21 4 5 21 1 3 5 21 0 1 2 3 4 7 8 21 6 6 9 12 13 8 12 14 12 0 8 10 11 8 14 15 17 10 13 13 18 13 18 19 20 0 16 17 17 17 1 2 3 4 6 22 21
-84.37988941999998
au-49Y6-a
Au Au Au O H Au C H H H C H H C H H H Au N C
0 0 0 1 2 2 2 3 3 3 4 4 4 4 5 5 6 6 6 6 7 7 8 8 9 10 10 10 10 11 12 13 13 13 13 14 15 16 17 18 18 18 18 19 19 19 19 19
4 18 19 4 3 4 18 2 4 18 0 1 2 3 7 8 7 8 9 19 5 6 5 6 6 11 12 13 19 10 10 10 14 15 16 13 13 13 19 0 2 3 19 0 6 10 17 18
-83.82708565000001
ag-49Y6-a
Ag Ag Ag O H Ag C H H H C H H C H H H Ag N C
0 0 1 2 2 2 3 3 3 4 4 4 4 5 5 6 6 6 6 7 7 8 8 9 10 10 10 10 11 12 13 13 13 13 14 15 16 17 17 18 18 18 18 18 19 19 19 19
4 18 4 3 4 18 2 4 18 0 1 2 3 7 8 7 8 9 19 5 6 5 6 6 11 12 13 19 10 10 10 14 15 16 13 13 13 18 19 0 2 3 17 19 6 10 17 18
-83.83485195
ag-25Y2-a
Ag Ag Ag O H Ag C H C H H H Ag N
0 0 0 1 2 2 3 3 3 4 4 4 4 5 6 6 6 6 7 7 8 8 8 8 9 10 11 12 12 13 13 13 13 13
3 4 13 4 4 13 0 4 13 0 1 2 3 7 7 8 12 13 5 6 6 9 10 11 8 8 8 6 13 0 2 3 6 12
-50.480391
ag-37Y3-a
Ag Ag Ag O H C H H H Ag Ag C H H H N C
0 0 1 1 1 2 2 3 3 3 3 4 4 4 4 5 5 5 5 6 7 8 9 10 11 11 11 11 12 12 12 12 13 14 15 15 15 16 16 16
3 4 4 12 15 3 4 0 2 4 15 0 1 2 3 6 7 8 16 5 5 5 12 12 12 13 14 16 1 9 10 11 11 11 1 3 16 5 11 15
-67.32990756000001
ru-49Y3-a
Ru Ru Ru O H Ru C H C H H H Ru Ru C H Ru C H H H N Ru Ru Ru
0 0 1 1 1 2 2 3 3 3 3 3 4 4 4 4 5 5 5 5 6 6 6 6 7 7 8 8 8 8 9 10 11 12 12 13 13 14 14 14 14 15 15 15 15 16 17 17 17 17 18 18 19 20 21 21 21 21 21 21 21 22 23 24
3 4 3 4 21 3 4 0 1 2 4 24 0 1 2 3 6 7 15 21 5 7 14 21 5 6 9 10 11 14 8 8 8 15 21 15 21 6 8 15 17 5 12 13 14 18 14 18 19 20 16 17 17 17 1 5 6 12 13 22 23 21 21 3
-86.84685374000003
os-49Y4-a
Os Os Os O H Os Os C H C H H H C H Os C H H H Os N
0 0 1 2 2 2 3 3 3 3 4 4 4 4 5 5 6 6 6 6 7 7 7 7 7 8 8 8 9 9 9 9 10 11 12 13 13 13 13 14 15 16 16 16 16 17 17 18 19 20 21 21 21 21 21 21
4 21 4 3 4 21 2 4 6 21 0 1 2 3 8 21 3 7 8 21 6 8 13 20 21 5 6 7 10 11 12 13 9 9 9 7 9 14 16 13 17 13 17 18 19 15 16 16 16 7 0 2 3 5 6 7
-84.58572163000008
rh-49Y1-a
Rh Rh Rh Rh O H C H C H Rh Rh H C H H C H H H N Rh Rh
0 0 0 1 1 1 2 2 2 3 3 3 4 4 4 4 5 5 5 5 5 6 6 6 7 8 8 8 8 9 10 10 11 12 12 12 12 12 13 13 13 13 14 14 15 16 16 16 16 17 17 18 19 20 20 20 20 20 20 20 21 22
5 12 17 4 5 20 5 12 20 4 5 20 1 3 5 20 0 1 2 3 4 7 8 20 6 6 9 12 13 8 12 14 12 0 2 8 10 11 8 14 15 16 10 13 13 13 17 18 19 0 16 16 16 1 2 3 4 6 21 22 20 20
-84.46578632
cu-25Y2-a
Cu Cu Cu O H Cu C H C H H H Cu N
0 0 1 2 2 3 3 4 4 4 4 5 5 6 6 6 6 7 7 8 8 8 8 9 10 11 12 12 13 13 13 13 13 13
4 13 4 4 13 4 13 0 1 2 3 7 13 7 8 12 13 5 6 6 9 10 11 8 8 8 6 13 0 2 3 5 6 12
-50.72478697
ru-25Y1-a
Ru Ru Ru Ru O H C H Ru Ru C H H H N Ru Ru
0 0 0 1 1 2 2 3 3 4 4 4 4 4 5 5 5 5 5 6 6 6 6 7 8 8 9 10 10 10 10 11 11 11 11 12 13 13 14 14 14 14 14 14 15 16
4 5 14 5 11 5 14 4 5 0 3 5 6 14 0 1 2 3 4 4 7 10 14 6 11 13 11 6 11 12 13 1 8 9 10 10 8 10 0 2 4 6 15 16 14 14
-51.07524374000002
pt-25Y1-a
Pt Pt Pt O H C H Pt C H H Pt H N
0 0 1 1 2 2 2 3 3 3 3 4 4 4 4 5 5 5 6 7 8 8 8 8 9 9 10 11 12 12 13 13 13 13
3 4 4 13 3 4 13 0 2 4 13 0 1 2 3 6 8 13 5 9 5 9 10 12 7 8 8 12 8 11 1 2 3 5
-51.131578579999996
os-49Y6-a
Os Os Os O H Os C H Os H H C H Os Os H C H H H N C
0 0 1 2 2 2 3 3 3 3 4 4 4 4 5 5 5 5 6 6 6 6 6 6 7 7 8 8 8 9 9 10 11 11 11 11 12 13 14 14 14 14 15 15 15 16 16 16 16 17 18 19 20 20 20 20 20 20 21 21 21 21 21 21
4 20 4 3 4 20 2 4 14 20 0 1 2 3 6 7 20 21 5 7 8 9 10 21 5 6 6 9 21 6 8 6 12 15 16 21 11 15 3 15 20 21 11 13 14 11 17 18 19 16 16 16 0 2 3 5 14 21 5 6 8 11 14 20
-84.56931685000006
os-49Y1-a
Os Os Os O H C H C H Os H Os C H H Os C H H H N Os Os
0 0 0 1 1 2 2 2 3 3 3 3 3 4 4 4 4 5 5 5 5 6 7 7 7 7 8 9 10 10 11 12 12 12 12 13 13 14 15 16 16 16 16 17 17 18 19 20 20 20 20 20 20 20 21 22
3 4 20 4 20 3 4 20 0 2 4 5 20 0 1 2 3 3 6 7 20 5 5 8 10 12 7 10 7 9 13 7 13 14 16 11 12 12 17 12 17 18 19 15 16 16 16 0 1 2 3 5 21 22 20 20
-84.59835547
cd-25Y1-a
Cd Cd Cd O H C H Cd C H H H N
0 1 1 1 2 3 3 4 4 4 4 5 5 5 6 7 8 8 8 8 9 9 9 10 11 12 12 12
4 4 9 12 4 4 12 0 1 2 3 6 8 12 5 9 5 9 10 11 1 7 8 8 8 1 3 5
-50.32607226
pt-37Y1-a
Pt Pt O H Pt Pt C H C H Pt H C H H Pt H N
0 0 0 1 1 2 2 2 2 2 3 3 3 4 5 5 5 5 5 6 6 6 6 6 7 7 7 8 8 8 8 8 9 10 10 11 11 12 12 12 12 13 14 15 16 16 17 17 17 17
2 3 17 2 3 0 1 3 5 17 0 1 2 7 2 6 7 8 17 5 7 8 10 17 4 5 6 5 6 9 11 12 8 6 11 8 10 8 13 14 16 12 12 16 12 15 0 2 5 6
-66.99199002
pt-25Y2-a
Pt Pt Pt O H Pt Pt C H C H H H N
0 0 0 0 1 2 2 2 3 3 3 4 4 4 4 5 5 6 6 6 6 7 7 7 7 7 7 8 8 8 9 9 9 9 9 10 11 12 13 13 13 13 13 13
3 4 7 13 4 4 7 13 0 4 13 0 1 2 3 8 13 7 8 9 13 0 2 6 8 9 13 5 6 7 6 7 10 11 12 9 9 9 0 2 3 5 6 7
-50.93839694000002
pt-49Y3-a
Pt Pt O H Pt C H C H H Pt H Pt C H C H H H N Pt
0 1 1 1 2 2 2 3 3 3 4 4 4 4 5 5 5 5 6 6 7 7 7 7 8 9 10 11 11 12 13 13 13 13 14 14 14 15 15 15 15 16 17 18 19 19 19 19 19 20
3 2 3 19 1 3 19 0 1 2 5 6 14 19 4 6 13 19 4 5 8 9 11 13 7 7 11 7 10 14 5 7 14 15 4 12 13 13 16 17 18 15 15 15 1 2 4 5 20 19
-83.76496172999998
pd-49Y3-a
Pd Pd Pd O H Pd C H C H H Pd Pd H Pd C H C H H H N
0 1 1 1 1 2 2 2 2 3 3 3 3 4 4 4 4 5 5 5 5 6 6 6 6 6 6 6 7 7 8 8 8 8 9 10 11 12 12 12 12 13 13 13 14 15 15 15 15 15 16 16 16 16 17 17 17 17 18 19 20 21 21 21 21 21
4 3 4 6 21 3 4 6 21 1 2 4 21 0 1 2 3 6 7 16 21 1 2 5 7 12 15 21 5 6 9 10 13 15 8 8 13 6 13 15 16 8 11 12 16 6 8 12 16 17 5 12 14 15 15 18 19 20 17 17 17 1 2 3 5 6
-84.11997972000003
ni-25Y1-a
Ni Ni Ni Ni O H C H Ni Ni C H H H N Ni
0 0 0 1 1 2 2 3 3 3 4 4 4 4 5 5 5 5 5 6 6 6 7 8 8 9 10 10 10 10 11 11 11 11 12 13 13 14 14 14 14 14 14 15
4 5 14 5 11 5 14 4 5 14 0 3 5 14 0 1 2 3 4 7 10 14 6 11 13 11 6 11 12 13 1 8 9 10 10 8 10 0 2 3 4 6 15 14
-51.01445135
zn-49Y4-a
Zn Zn Zn O H C H C H H H C H C H H H N
0 0 1 2 3 3 4 4 4 4 5 5 5 6 7 7 7 7 8 9 10 11 11 11 11 12 13 13 13 13 14 15 16 17 17 17
4 17 4 4 4 17 0 1 2 3 6 11 17 5 8 9 10 11 7 7 7 5 7 12 13 11 11 14 15 16 13 13 13 0 3 5
-83.67036886
zn-37Y1-a
Zn O H C H C H Zn H C H H H N Zn
0 0 1 1 1 2 2 3 3 3 4 5 5 5 5 6 7 8 8 9 9 9 9 10 11 12 13 13 13 14
1 2 0 2 13 0 1 4 5 13 3 3 6 8 9 5 8 5 7 5 10 11 12 9 9 9 1 3 14 13
-66.84765447
ru-49Y2-a
Ru Ru Ru O H Ru Ru C H C H H C H H C H H H Ru N
0 0 0 1 1 2 2 2 3 3 3 4 4 4 4 5 5 6 6 7 7 7 7 8 8 8 8 9 9 9 9 10 11 12 12 12 12 13 14 15 15 15 15 16 17 18 19 19 20 20 20 20 20 20 20 20
4 8 20 4 20 3 4 20 2 4 20 0 1 2 3 8 20 8 20 8 9 19 20 0 5 6 7 7 10 11 12 9 9 9 13 14 15 12 12 12 16 17 18 15 15 15 7 20 0 1 2 3 5 6 7 19
-84.37433604
os-49Y5-a
Os Os Os O H Os C H H H C H Os H C H H Os H Os N C
0 1 1 1 2 2 2 3 3 3 3 3 4 4 4 4 5 6 6 6 6 7 7 8 9 10 10 10 10 11 12 13 13 14 14 14 14 15 16 17 18 18 19 19 19 20 20 20 20 20 21 21 21 21
4 3 4 20 3 4 20 1 2 4 19 20 0 1 2 3 7 7 8 9 21 5 6 6 6 11 13 14 21 10 13 10 12 10 15 16 18 14 14 18 14 17 3 20 21 1 2 3 19 21 6 10 19 20
-84.12578726000004
ru-49Y1-a
Ru Ru Ru Ru O H C H C H Ru Ru H C H H C H H H N Ru Ru
0 0 0 1 1 1 2 2 2 3 3 3 4 4 4 4 5 5 5 5 5 6 6 6 7 8 8 8 8 9 10 10 11 12 12 12 12 12 13 13 13 13 14 14 15 16 16 16 16 17 17 18 19 20 20 20 20 20 20 20 21 22
5 12 17 4 5 20 5 12 20 4 5 20 1 3 5 20 0 1 2 3 4 7 8 20 6 6 9 12 13 8 12 14 12 0 2 8 10 11 8 14 15 16 10 13 13 13 17 18 19 0 16 16 16 1 2 3 4 6 21 22 20 20
-84.38745649999998
au-49Y2-a
Au Au Au O H Au C H C H H C H H C H H H N
0 0 1 2 2 3 3 3 4 4 4 4 5 6 6 6 7 7 8 8 8 8 9 10 11 11 11 11 12 13 14 14 14 14 15 16 17 18 18 18
4 18 4 3 4 2 4 18 0 1 2 3 7 7 8 18 5 6 6 9 10 11 8 8 8 12 13 14 11 11 11 15 16 17 14 14 14 0 3 6
-83.73585086
pd-37Y1-a
Pd Pd Pd O H Pd Pd C H C H Pd H C H H Pd Pd H N
0 1 1 2 2 3 3 3 3 4 4 4 4 5 5 6 6 6 6 6 6 7 7 7 7 7 7 8 8 8 9 9 9 9 9 10 11 11 12 12 13 13 13 13 14 15 16 17 18 18 18 18 19 19 19 19
4 4 19 3 4 2 4 6 19 0 1 2 3 7 8 3 7 8 9 18 19 5 6 8 9 11 19 5 6 7 6 7 10 12 13 9 7 12 9 11 9 14 15 18 13 13 18 18 6 13 16 17 1 3 6 7
-67.19441330000004
pt-49Y2-a
Pt Pt Pt O H Pt C H C H H C H H C H H H N Pt
0 0 0 1 1 2 2 2 3 3 3 3 4 4 4 4 5 6 6 6 7 7 7 8 8 8 8 9 10 11 11 11 11 12 13 14 14 14 14 15 16 17 18 18 18 18 18 19
4 7 18 3 4 3 4 18 1 2 4 18 0 1 2 3 7 7 8 18 0 5 6 6 9 10 11 8 8 8 12 13 14 11 11 11 15 16 17 14 14 14 0 2 3 6 19 18
-84.43345980999999
ru-49Y6-a
Ru Ru Ru O H Ru C H Ru H H C H Ru Ru H C H H H N C
0 0 1 2 2 2 3 3 3 3 3 4 4 4 4 5 5 5 5 5 6 6 6 6 6 6 7 7 8 8 8 9 9 9 10 11 11 11 11 12 13 13 14 14 14 14 15 15 15 16 16 16 16 17 18 19 20 20 20 20 20 20 21 21 21 21 21 21
4 20 4 3 4 20 2 4 13 14 20 0 1 2 3 6 7 9 20 21 5 7 8 9 10 21 5 6 6 9 21 5 6 8 6 12 15 16 21 11 3 15 3 15 20 21 11 13 14 11 17 18 19 16 16 16 0 2 3 5 14 21 5 6 8 11 14 20
-84.54390801
pd-25Y2-a
Pd Pd Pd O H Pd Pd C H Pd C H H H N
0 0 0 0 1 2 2 2 2 3 3 3 4 4 4 4 5 5 6 6 6 6 6 6 7 7 7 7 7 7 8 8 8 8 9 10 10 10 10 10 11 11 11 12 12 13 14 14 14 14 14 14
3 4 7 14 4 4 7 8 14 0 4 14 0 1 2 3 8 14 7 8 10 11 12 14 0 2 6 8 10 14 2 5 6 7 11 6 7 11 12 13 6 9 10 6 10 10 0 2 3 5 6 7
-50.979212509999996
ru-49Y5-a
Ru Ru Ru Ru O H Ru C H H H C H Ru Ru H C H H Ru H N C
0 1 2 2 2 2 3 3 3 4 4 4 4 4 5 5 5 5 5 6 7 7 7 7 8 8 9 10 11 11 11 11 12 13 14 14 14 14 15 15 15 16 16 16 16 17 18 19 20 20 20 21 21 21 21 21 22 22 22 22
5 5 4 5 20 21 4 5 21 2 3 5 14 21 0 1 2 3 4 8 8 9 10 22 6 7 7 7 12 15 16 22 11 15 4 15 21 22 11 13 14 11 17 18 20 16 16 20 2 16 19 2 3 4 14 22 7 11 14 21
-84.04934262
ir-49Y5-a
Ir Ir O H Ir C H H H C H H C H H Ir H Ir N C Ir
0 1 1 1 2 2 2 2 3 3 3 4 5 5 5 5 6 6 7 8 9 9 9 9 10 11 12 12 12 12 13 14 15 16 16 17 17 18 18 18 18 18 19 19 19 19 20 20
3 2 3 18 1 3 18 20 0 1 2 6 6 7 8 19 4 5 5 5 10 11 12 19 9 9 9 13 14 16 12 12 16 12 15 18 19 1 2 17 19 20 5 9 17 18 2 18
-84.00149495
ag-37Y2-a
Ag Ag Ag O H Ag C H C H H C H H H Ag N
0 1 1 2 2 2 3 3 3 4 4 4 4 5 6 6 6 6 7 7 8 8 8 8 9 10 11 11 11 11 12 13 14 15 15 16 16 16 16 16
4 4 16 3 4 16 2 4 16 0 1 2 3 7 7 8 15 16 5 6 6 9 10 11 8 8 8 12 13 14 11 11 11 6 16 1 2 3 6 15
-67.08150559
ru-13Y1-a
Ru C H Ru Ru H Ru Ru Ru O H N Ru
0 0 0 0 0 1 1 1 1 1 1 2 2 3 3 3 4 4 5 5 5 5 6 7 7 8 8 8 9 9 9 9 9 10 10 10 10 11 11 11 11 11 11 12
1 2 5 9 11 0 2 3 4 5 11 0 1 1 5 11 1 5 0 1 3 4 10 10 11 9 10 11 0 8 10 11 12 6 7 8 9 0 1 3 7 8 9 9
-34.44897904999999
pt-49Y6-a
Pt Pt Pt O H Pt C H Pt H H Pt C H Pt H C H H H N C
0 0 0 0 1 2 2 2 2 3 3 3 3 4 4 4 4 5 5 6 6 6 6 6 7 7 8 9 9 10 11 11 11 11 11 11 12 12 12 12 12 13 13 14 15 15 15 16 16 16 16 17 18 19 20 20 20 20 20 21 21 21 21 21 21 21
3 4 20 21 4 3 4 20 21 0 2 4 20 0 1 2 3 7 21 7 9 10 11 21 5 6 9 6 8 6 6 12 13 15 20 21 11 13 15 16 21 11 12 15 11 12 14 12 17 18 19 16 16 16 0 2 3 11 21 0 2 5 6 11 12 20
-84.12778259999999
zn-37Y2-a
Zn Zn Zn O H C H C H H C H H H N
0 1 1 2 3 3 4 4 4 4 5 5 5 6 7 7 7 7 8 9 10 10 10 10 11 12 13 14 14 14
4 4 14 4 4 14 0 1 2 3 6 7 14 5 5 8 9 10 7 7 7 11 12 13 10 10 10 1 3 5
-67.05036145999999
ir-49Y4-a
Ir Ir Ir O H Ir Ir C H C H H H C H Ir C H H H Ir N
0 0 1 2 2 2 3 3 3 3 4 4 4 4 5 5 6 6 6 6 7 7 7 7 7 8 8 8 9 9 9 9 10 11 12 13 13 13 13 14 15 16 16 16 16 17 17 18 19 20 21 21 21 21 21 21
4 21 4 3 4 21 2 4 6 21 0 1 2 3 8 21 3 7 8 21 6 8 13 20 21 5 6 7 10 11 12 13 9 9 9 7 9 14 16 13 17 13 17 18 19 15 16 16 16 7 0 2 3 5 6 7
-84.02527235999997
ag-37Y1-a
Ag Ag O H C H C H Ag H C H H Ag Ag H N
0 1 1 2 2 2 3 3 3 4 4 4 4 5 6 6 6 6 7 8 9 9 10 10 10 10 11 12 13 14 14 14 15 15 15 16 16 16
3 2 3 1 3 16 0 1 2 5 6 14 16 4 4 7 9 10 6 9 6 8 6 11 12 15 10 10 15 4 15 16 10 13 14 2 4 14
-66.92167924
ir-37Y3-a
Ir Ir Ir O H Ir Ir C H H H Ir C H H Ir H N C
0 1 1 2 2 2 3 3 3 3 4 4 4 4 5 5 5 5 5 5 6 7 7 7 7 7 8 8 8 9 10 11 11 11 11 12 12 12 12 12 12 12 13 13 14 15 15 15 16 16 17 17 17 17 17 17 18 18 18 18 18 18
4 4 17 3 4 17 2 4 5 17 0 1 2 3 3 7 8 12 17 18 8 5 8 9 10 18 5 6 7 7 7 12 13 17 18 5 11 13 14 15 16 18 11 12 12 12 16 18 12 15 1 2 3 5 11 18 5 7 11 12 15 17
-67.37690721999996
cd-49Y2-a
Cd Cd Cd O H C H C H H C H H C H H H N
0 0 0 1 2 3 3 4 4 4 4 5 5 5 5 6 7 7 7 7 8 9 10 10 10 10 11 12 13 13 13 13 14 15 16 17 17 17
4 5 17 4 4 4 17 0 1 2 3 0 6 7 17 5 5 8 9 10 7 7 7 11 12 13 10 10 10 14 15 16 13 13 13 0 3 5
-83.51093548
rh-37Y3-a
Rh Rh Rh O H Rh Rh C H H H Rh C H H Rh H N C
0 1 1 2 2 2 3 3 3 3 4 4 4 4 5 5 5 5 5 5 6 7 7 7 7 7 8 8 8 9 10 11 11 11 11 12 12 12 12 12 12 12 13 13 14 15 15 15 16 16 17 17 17 17 17 17 18 18 18 18 18 18
4 4 17 3 4 17 2 4 5 17 0 1 2 3 3 7 8 12 17 18 8 5 8 9 10 18 5 6 7 7 7 12 13 17 18 5 11 13 14 15 16 18 11 12 12 12 16 18 12 15 1 2 3 5 11 18 5 7 11 12 15 17
-67.62467956
cu-25Y1-a
Cu Cu Cu Cu O H C H Cu Cu C H H H N Cu
0 0 0 1 1 2 2 3 3 3 4 4 4 4 5 5 5 5 5 6 6 6 7 8 9 10 10 10 10 11 11 11 11 12 13 14 14 14 14 14 14 15
4 5 14 5 11 5 14 4 5 14 0 3 5 14 0 1 2 3 4 7 10 14 6 11 11 6 11 12 13 1 8 9 10 10 10 0 2 3 4 6 15 14
-50.68395869
pd-13Y1-a
Pd C H Pd H Pd Pd Pd O H N
0 0 0 0 1 1 1 1 1 1 1 2 2 3 3 3 4 4 4 5 5 6 6 6 6 7 7 7 7 8 8 8 8 8 9 9 9 9 10 10 10 10 10 10
1 2 4 10 0 2 3 4 6 7 10 0 1 1 4 10 0 1 3 8 9 1 8 9 10 1 8 9 10 5 6 7 9 10 5 6 7 8 0 1 3 6 7 8
-34.19558809000003
ir-37Y1-a
Ir Ir Ir O H Ir Ir C H C H Ir H C H H Ir H N
0 1 1 1 2 2 2 3 3 3 3 3 3 4 4 4 4 5 5 5 6 6 6 6 7 7 7 7 7 7 8 8 8 9 9 9 9 10 11 11 12 12 13 13 13 13 14 15 16 17 17 18 18 18 18 18
4 3 4 18 3 4 18 1 2 4 5 6 18 0 1 2 3 3 7 8 3 7 8 18 5 6 8 9 11 18 5 6 7 7 10 12 13 9 7 12 9 11 9 14 15 17 13 13 17 13 16 1 2 3 6 7
-67.16729891
pt-49Y1-a
Pt Pt Pt O H C H C H Pt Pt H C H H Pt C H H H N
0 0 0 1 1 1 2 2 3 3 3 3 4 4 4 4 5 5 5 6 7 7 7 7 8 9 9 10 11 11 11 11 12 12 12 12 13 13 14 15 16 16 16 16 17 17 18 19 20 20 20 20
3 4 20 4 11 20 3 4 0 2 4 20 0 1 2 3 6 7 20 5 5 8 11 12 7 11 13 11 1 7 9 10 7 13 14 16 9 12 12 17 12 17 18 19 15 16 16 16 0 1 3 5
-84.50953432
zn-49Y6-a
Zn Zn Zn O H Zn C H H H C H H C H H H N C
0 0 1 2 3 3 4 4 4 4 5 6 6 6 6 7 7 8 9 10 10 10 10 11 12 13 13 13 13 14 15 16 17 17 17 18 18 18
4 17 4 4 4 17 0 1 2 3 7 7 8 9 18 5 6 6 6 11 12 13 18 10 10 10 14 15 16 13 13 13 0 3 18 6 10 17
-83.87857606
ru-37Y3-a
Ru Ru Ru O H Ru Ru C H H H Ru C H H Ru H N C
0 1 1 2 2 2 3 3 3 3 3 4 4 4 4 5 5 5 5 6 6 7 7 7 7 8 8 8 9 10 11 11 11 11 11 12 12 12 12 12 12 13 13 14 15 15 15 16 16 16 17 17 17 17 17 17 18 18 18 18 18 18
4 4 17 3 4 17 2 4 5 6 17 0 1 2 3 3 8 17 18 3 8 8 9 10 18 5 6 7 7 7 12 13 16 17 18 11 13 14 15 16 18 11 12 12 12 16 18 11 12 15 1 2 3 5 11 18 5 7 11 12 15 17
-67.93845557000003
pd-49Y5-a
Pd Pd Pd O H C H H H C H Pd Pd H C H H H N C Pd
0 0 0 1 1 1 2 2 2 3 3 3 3 4 4 4 4 5 5 5 5 6 7 8 9 9 9 9 10 11 12 12 13 13 13 13 14 14 14 14 15 16 17 17 18 18 18 18 18 18 19 19 19 20
3 4 18 4 13 18 3 4 18 0 2 4 18 0 1 2 3 6 7 8 19 5 5 5 10 13 14 19 9 13 13 17 1 9 11 12 9 15 16 17 14 14 12 14 0 1 2 3 19 20 5 9 18 18
-84.62177578999999
os-49Y2-a
Os Os Os O H Os Os C H C H H C H H C H H H N Os
0 0 0 0 1 1 2 2 2 3 3 3 3 4 4 4 4 5 5 6 6 7 7 7 8 8 8 8 9 9 9 9 10 11 12 12 12 12 13 14 15 15 15 15 16 17 18 19 19 19 19 19 19 19 19 20
3 4 8 19 4 19 3 4 19 0 2 4 19 0 1 2 3 8 19 8 19 8 9 19 0 5 6 7 7 10 11 12 9 9 9 13 14 15 12 12 12 16 17 18 15 15 15 0 1 2 3 5 6 7 20 19
-84.61031508000008
cd-37Y3-a
Cd Cd Cd O H C H H H Cd C H H H N C
0 1 1 1 2 2 3 3 3 4 4 4 4 5 5 5 5 6 7 8 9 10 10 10 10 11 11 11 12 13 14 14 14 15 15 15
4 4 11 14 3 4 2 4 14 0 1 2 3 6 7 8 15 5 5 5 11 11 12 13 15 1 9 10 10 10 1 3 15 5 10 14
-67.13427908
zn-49Y2-a
Zn Zn Zn O H C H C H H C H H C H H H N
0 0 1 2 3 3 4 4 4 4 5 5 5 6 7 7 7 7 8 9 10 10 10 10 11 12 13 13 13 13 14 15 16 17 17 17
4 17 4 4 4 17 0 1 2 3 6 7 17 5 5 8 9 10 7 7 7 11 12 13 10 10 10 14 15 16 13 13 13 0 3 5
-83.67244919999999
ir-25Y2-a
Ir Ir O H Ir Ir C H C H H H Ir N
0 0 1 1 1 1 2 2 2 2 2 3 3 3 4 4 4 5 5 5 5 6 6 6 6 6 6 6 7 7 7 8 8 8 8 8 9 10 11 12 12 12 13 13 13 13 13 13
2 3 2 3 6 13 0 1 3 12 13 0 1 2 6 7 13 6 7 8 13 1 4 5 7 8 12 13 4 5 6 5 6 9 10 11 8 8 8 2 6 13 1 2 4 5 6 12
-51.029841429999976
cd-49Y6-a
Cd Cd Cd O H C H H H C H H C H H H N C
0 0 0 1 2 2 3 3 3 4 4 4 4 5 5 5 5 6 7 8 9 9 9 9 10 11 12 12 12 12 13 14 15 16 16 16 17 17 17 17
4 16 17 4 3 4 2 4 16 0 1 2 3 6 7 8 17 5 5 5 10 11 12 17 9 9 9 13 14 15 12 12 12 0 3 17 0 5 9 16
-83.66260208
cd-37Y1-a
Cd O H C H C H Cd H C H H Cd H Cd N
0 0 1 1 1 2 2 3 3 3 3 4 5 5 5 5 6 7 8 8 9 9 9 9 10 11 12 13 13 14 14 15 15 15
1 2 0 2 15 0 1 4 5 14 15 3 3 6 8 9 5 8 5 7 5 10 11 13 9 9 13 9 12 3 15 1 3 14
-66.80016973
cu-37Y3-a
Cu Cu Cu Cu O H C H H H Cu Cu C H H H N C Cu
0 0 1 1 2 2 2 3 3 3 4 4 4 5 5 5 5 5 6 6 6 6 7 8 9 10 10 11 12 12 12 12 13 13 13 13 13 14 15 15 16 16 16 16 16 16 17 17 17 18
5 16 5 13 5 13 16 4 5 16 3 5 16 0 1 2 3 4 7 8 9 17 6 6 6 13 15 13 13 14 15 17 1 2 10 11 12 12 10 12 0 2 3 4 17 18 6 12 16 16
-67.51968774
os-25Y2-a
Os Os Os O H Os Os C H C H H H Os N
0 0 0 1 2 2 3 3 3 3 4 4 4 4 5 5 6 6 6 6 6 7 7 7 7 7 8 8 8 9 9 9 9 10 10 11 12 13 14 14 14 14 14 14
3 4 14 4 4 14 0 4 6 14 0 1 2 3 8 14 3 7 8 10 14 6 8 9 13 14 5 6 7 7 10 11 12 6 9 9 9 7 0 2 3 5 6 7
-51.248648520000074
ni-49Y5-a
Ni Ni O H Ni C H H H C H Ni H C H H Ni H Ni N C Ni
0 1 1 1 2 2 2 2 3 3 3 4 5 5 5 5 6 6 7 8 9 9 9 9 10 11 12 12 13 13 13 13 14 15 16 17 17 18 18 19 19 19 19 19 20 20 20 20 21 21
3 2 3 19 1 3 19 21 0 1 2 6 6 7 8 20 4 5 5 5 10 12 13 20 9 12 9 11 9 14 15 17 13 13 17 13 16 19 20 1 2 18 20 21 5 9 18 19 2 19
-83.99691196999999
pd-49Y2-a
Pd Pd Pd O H Pd Pd C H C H H C H H C H H H N Pd
0 0 0 1 2 2 2 3 3 3 4 4 4 4 5 6 6 7 7 7 8 8 8 8 9 9 9 9 10 11 12 12 12 12 13 14 15 15 15 15 16 17 18 19 19 19 19 19 19 20
4 8 19 4 3 4 19 2 4 19 0 1 2 3 8 8 19 8 9 19 0 5 6 7 7 10 11 12 9 9 9 13 14 15 12 12 12 16 17 18 15 15 15 0 2 3 6 7 20 19
-84.31817396
