4aZh
C H N H C H H H C H H C H H H N
0 0 0 1 2 2 2 3 4 4 4 4 5 6 7 8 8 8 8 9 10 11 11 11 11 12 13 14 15 15
1 2 15 0 0 3 4 2 2 5 6 7 4 4 4 9 10 11 15 8 8 8 12 13 14 11 11 11 0 8
-89.44856733
38Z8
N H N H C H H H C H H H C
0 0 1 2 2 2 3 4 4 4 4 5 6 7 8 8 8 8 9 10 11 12 12 12
1 12 0 3 4 12 2 2 5 6 7 4 4 4 9 10 11 12 8 8 8 0 2 8
-73.20189653
4aZm
C H C H H H C H H H C H H H N N
0 0 0 1 2 2 2 2 3 4 5 6 6 6 6 7 8 9 10 10 10 10 11 12 13 14 14 15 15 15
1 14 15 0 3 4 5 15 2 2 2 7 8 9 15 6 6 6 11 12 13 14 10 10 10 0 10 0 2 6
-88.98917594
26Z1
N H C H N H C H H H
0 0 1 2 2 2 3 4 4 4 5 6 6 6 6 7 8 9
1 2 0 0 3 4 2 2 5 6 4 4 7 8 9 6 6 6
-56.49648025
38Z4
N H H C H C H H C H H H N
0 0 0 1 2 3 3 3 4 5 5 5 5 6 7 8 8 8 8 9 10 11 12 12
1 2 3 0 0 0 4 12 3 6 7 8 12 5 5 5 9 10 11 8 8 8 3 5
-73.15683345
4aZ7
N H H C H C H H C H H C H H H N
0 0 0 1 2 3 3 3 4 5 5 5 5 6 7 8 8 8 8 9 10 11 11 11 11 12 13 14 15 15
1 2 3 0 0 0 4 15 3 6 7 8 15 5 5 5 9 10 11 8 8 8 12 13 14 11 11 11 3 5
-89.74371693
26Z4
N H H C H C H H H N
0 0 0 1 2 3 3 3 4 5 5 5 5 6 7 8 9 9
1 2 3 0 0 0 4 9 3 6 7 8 9 5 5 5 3 5
-56.48695894
38Za
C H N H C H H H C H H H N
0 0 0 1 2 2 2 3 4 4 4 4 5 6 7 8 8 8 8 9 10 11 12 12
1 2 12 0 0 3 4 2 2 5 6 7 4 4 4 9 10 11 12 8 8 8 0 8
-72.81191912
4aZo
C H H H C H H H N H C H H H N C
0 0 0 0 1 2 3 4 4 4 4 5 6 7 8 8 8 9 10 10 10 10 11 12 13 14 14 15 15 15
1 2 3 8 0 0 0 5 6 7 15 4 4 4 0 9 15 8 11 12 13 14 10 10 10 10 15 4 8 14
-89.59802192
38Z5
N H H C H H H C H H H N C
0 0 0 1 2 3 3 3 3 4 5 6 7 7 7 7 8 9 10 11 11 12 12 12
1 2 12 0 0 4 5 6 12 3 3 3 8 9 10 11 7 7 7 7 12 0 3 11
-73.26704009
4aZk
C H N H C H H C H H H C H H H N
0 0 0 1 2 2 2 3 4 4 4 4 5 6 7 7 7 7 8 9 10 11 11 11 11 12 13 14 15 15
1 2 15 0 0 3 4 2 2 5 6 7 4 4 4 8 9 10 7 7 7 12 13 14 15 11 11 11 0 11
-89.47953894
4aZi
C H N H C H H H C H H C H H H N
0 0 0 1 2 2 2 3 4 4 4 4 5 6 7 8 8 8 8 9 10 11 11 11 11 12 13 14 15 15
1 2 15 0 0 3 4 2 2 5 6 7 4 4 4 9 10 11 15 8 8 8 12 13 14 11 11 11 0 8
-89.48306868
26Z3
N H H C H C H H H N
0 0 0 1 2 3 3 3 4 5 5 5 5 6 7 8 9 9
1 2 3 0 0 0 4 9 3 6 7 8 9 5 5 5 3 5
-56.47362309
26Z2
N H N H H C H H H C
0 0 1 2 2 2 3 4 5 5 5 5 6 7 8 9 9 9
1 9 0 3 4 9 2 2 6 7 8 9 5 5 5 0 2 5
-56.9633665
4aZ4
N H N H H C H H C H H C H H H C
0 0 1 2 2 2 3 4 5 5 5 5 6 7 8 8 8 8 9 10 11 11 11 11 12 13 14 15 15 15
1 15 0 3 4 15 2 2 6 7 8 15 5 5 5 9 10 11 8 8 8 12 13 14 11 11 11 0 2 5
-90.14320214
4aZ1
N H C H N H C H H H C H C H H H
0 0 1 2 2 2 3 4 4 4 5 6 6 6 6 7 8 9 10 10 10 10 11 12 12 12 12 13 14 15
1 2 0 0 3 4 2 2 5 10 4 7 8 9 10 6 6 6 4 6 11 12 10 10 13 14 15 12 12 12
-89.83666085
4aZa
N H H C H H H C H H C H H H N C
0 0 0 1 2 3 3 3 3 4 5 6 7 7 7 7 8 9 10 10 10 10 11 12 13 14 14 15 15 15
1 2 15 0 0 4 5 6 15 3 3 3 8 9 10 14 7 7 7 11 12 13 10 10 10 7 15 0 3 14
-89.98237877
4aZe
N H N H C H H H C H H C H H H C
0 0 1 2 2 2 3 4 4 4 4 5 6 7 8 8 8 8 9 10 11 11 11 11 12 13 14 15 15 15
1 15 0 3 4 15 2 2 5 6 7 4 4 4 9 10 11 15 8 8 8 12 13 14 11 11 11 0 2 8
-89.76368235
4aZ3
N H N H H C H H H C H C H H H C
0 0 1 2 2 2 3 4 5 5 5 5 6 7 8 9 9 9 9 10 11 11 11 11 12 13 14 15 15 15
1 15 0 3 4 15 2 2 6 7 8 9 5 5 5 5 10 11 15 9 9 12 13 14 11 11 11 0 2 9
-90.18966138
4aZb
N H H C H H C H H H C H H H N C
0 0 0 1 2 3 3 3 3 4 5 6 6 6 6 7 8 9 10 10 10 10 11 12 13 14 14 15 15 15
1 2 15 0 0 4 5 6 15 3 3 3 7 8 9 6 6 6 11 12 13 14 10 10 10 10 15 0 3 14
-89.83189482
4aZn
C H H H C H H H C H H H N H N C
0 0 0 0 1 2 3 4 4 4 4 5 6 7 8 8 8 8 9 10 11 12 12 12 13 14 14 15 15 15
1 2 3 12 0 0 0 5 6 7 14 4 4 4 9 10 11 15 8 8 8 0 13 15 12 4 15 8 12 14
-89.52619563
38Z2
N H N H H C H H C H H H C
0 0 1 2 2 2 3 4 5 5 5 5 6 7 8 8 8 8 9 10 11 12 12 12
1 12 0 3 4 12 2 2 6 7 8 12 5 5 5 9 10 11 8 8 8 0 2 5
-73.51030823
4aZ5
N H H C H C H H H C H C H H H N
0 0 0 1 2 3 3 3 4 5 5 5 5 6 7 8 9 9 9 9 10 11 11 11 11 12 13 14 15 15
1 2 3 0 0 0 4 15 3 6 7 8 9 5 5 5 5 10 11 15 9 9 12 13 14 11 11 11 3 9
-89.92729302
4aZ6
N H H C H C H H H C H C H H H N
0 0 0 1 2 3 3 3 4 5 5 5 5 6 7 8 9 9 9 9 10 11 11 11 11 12 13 14 15 15
1 2 3 0 0 0 4 15 3 6 7 8 9 5 5 5 5 10 11 15 9 9 12 13 14 11 11 11 3 9
-89.82432836
4aZf
N H N H C H H H C H H C H H H C
0 0 1 2 2 2 3 4 4 4 4 5 6 7 8 8 8 8 9 10 11 11 11 11 12 13 14 15 15 15
1 15 0 3 8 15 2 5 6 7 15 4 4 4 2 9 10 11 8 8 8 12 13 14 11 11 11 0 2 4
-89.86611798
4aZj
C H N H C H H H C H H C H H H N
0 0 0 1 2 2 2 3 4 4 4 4 5 6 7 8 8 8 8 9 10 11 11 11 11 12 13 14 15 15
1 2 15 0 0 3 8 2 5 6 7 15 4 4 4 2 9 10 11 8 8 8 12 13 14 11 11 11 0 4
-89.53796066
4aZ8
N H H C H C H H C H H C H H H N
0 0 0 1 2 3 3 3 4 5 5 5 5 6 7 8 8 8 8 9 10 11 11 11 11 12 13 14 15 15
1 2 3 0 0 0 4 15 3 6 7 8 15 5 5 5 9 10 11 8 8 8 12 13 14 11 11 11 3 5
-89.76359319
4aZ2
N H C H N H C H H C H H C H H H
0 0 1 2 2 2 3 4 4 4 5 6 6 6 6 7 8 9 9 9 9 10 11 12 12 12 12 13 14 15
1 2 0 0 3 4 2 2 5 6 4 4 7 8 9 6 6 6 10 11 12 9 9 9 13 14 15 12 12 12
-89.77371337
38Z6
N H H C H H H C H H H N C
0 0 0 1 2 3 3 3 3 4 5 6 7 7 7 7 8 9 10 11 11 12 12 12
1 2 12 0 0 4 5 6 12 3 3 3 8 9 10 11 7 7 7 7 12 0 3 11
-73.31321823
14Z1
N H H N H C H
0 0 0 1 2 3 3 4 5 5 5 6
1 2 5 0 0 4 5 3 0 3 6 5
-40.17277264
4aZc
N H H C H H C H H H C H H H N C
0 0 0 1 2 3 3 3 3 4 5 6 6 6 6 7 8 9 10 10 10 10 11 12 13 14 14 15 15 15
1 2 15 0 0 4 5 6 15 3 3 3 7 8 9 6 6 6 11 12 13 14 10 10 10 10 15 0 3 14
-89.88367801
4aZd
N H C H C H H H C H H C H H H N
0 0 1 2 2 2 3 4 4 4 4 5 6 7 8 8 8 8 9 10 11 11 11 11 12 13 14 15 15 15
1 2 0 0 3 15 2 5 6 7 15 4 4 4 9 10 11 15 8 8 8 12 13 14 11 11 11 2 4 8
-89.53895482
4aZ9
N H H C H H H C H H C H H H N C
0 0 0 1 2 3 3 3 3 4 5 6 7 7 7 7 8 9 10 10 10 10 11 12 13 14 14 15 15 15
1 2 15 0 0 4 5 6 15 3 3 3 8 9 10 14 7 7 7 11 12 13 10 10 10 7 15 0 3 14
-89.936183
4aZg
N H C H H H C H H H C H H H N C
0 0 1 2 2 2 2 3 4 5 6 6 6 6 7 8 9 10 10 10 10 11 12 13 14 14 14 15 15 15
1 15 0 3 4 5 15 2 2 2 7 8 9 14 6 6 6 11 12 13 14 10 10 10 6 10 15 0 2 14
-89.59163214
38Z9
C H N H C H H H C H H H N
0 0 0 1 2 2 2 3 4 4 4 4 5 6 7 8 8 8 8 9 10 11 12 12
1 2 12 0 0 3 4 2 2 5 6 7 4 4 4 9 10 11 12 8 8 8 0 8
-72.78093875
38Z7
N H C H C H H H C H H H N
0 0 1 2 2 2 3 4 4 4 4 5 6 7 8 8 8 8 9 10 11 12 12 12
1 2 0 0 3 12 2 5 6 7 12 4 4 4 9 10 11 12 8 8 8 2 4 8
-72.8732225
38Z1
N H C H N H C H H C H H H
0 0 1 2 2 2 3 4 4 4 5 6 6 6 6 7 8 9 9 9 9 10 11 12
1 2 0 0 3 4 2 2 5 6 4 4 7 8 9 6 6 6 10 11 12 9 9 9
-73.16804246
38Z3
N H H C H C H H C H H H N
0 0 0 1 2 3 3 3 4 5 5 5 5 6 7 8 8 8 8 9 10 11 12 12
1 2 3 0 0 0 4 12 3 6 7 8 12 5 5 5 9 10 11 8 8 8 3 5
-73.14079468
4aZl
C H C H H H C H H H C H H H N N
0 0 0 1 2 2 2 2 3 4 5 6 6 6 6 7 8 9 10 10 10 10 11 12 13 14 14 15 15 15
1 14 15 0 3 4 5 14 2 2 2 7 8 9 15 6 6 6 11 12 13 15 10 10 10 0 2 0 6 10
-89.3159104
