ir-37N2-a
C H Ir Ir H Ir C H H Ir C H H H N Ir
0 0 0 1 2 3 4 4 4 5 6 6 6 6 7 7 8 9 10 10 10 10 11 11 12 13 14 14 14 15
1 4 14 0 4 4 0 2 3 7 7 8 10 14 5 6 6 11 6 11 12 13 9 10 10 10 0 6 15 14
-61.936827679999965
zn-4bN2-a
C H H H C H C H H C H H H Zn N H H
0 0 0 0 1 2 3 4 4 4 4 5 6 6 6 6 7 8 9 9 9 9 10 11 12 13 13 14 14 14 14 15 15 16
1 2 3 4 0 0 0 0 5 6 14 4 4 7 8 9 6 6 6 10 11 12 9 9 9 14 15 4 13 15 16 13 14 14
-86.35903209
ru-39N2-a
C H H H C H H H Ru C H Ru N H H
0 0 0 0 1 2 3 4 4 4 4 5 6 7 8 9 9 9 9 10 10 11 11 11 12 12 12 12 13 13 14 14
1 2 3 9 0 0 0 5 6 7 9 4 4 4 10 0 4 10 12 8 9 12 13 14 9 11 13 14 11 12 11 12
-70.33745836000003
ag-25N1-a
C H H H C H Ag N H
0 0 0 0 1 2 3 4 4 4 5 6 6 7 7 7 8 8
1 2 3 4 0 0 0 0 5 7 4 7 8 4 6 8 6 7
-44.854321209999995
ni-37N3-a
C H Ni H H C H Ni C H H H N Ni
0 0 0 0 1 2 2 3 3 4 4 5 5 5 6 7 7 8 8 8 8 8 8 9 9 10 11 12 12 12 13 13
1 3 4 5 0 3 4 0 2 0 2 0 6 12 5 8 9 7 9 10 11 12 13 7 8 8 8 5 8 13 8 12
-61.864313330000016
os-25N1-a
Os C H H H Os C H Os Os N H Os
0 1 1 1 1 1 2 2 3 4 5 5 5 5 6 6 6 6 6 6 7 7 8 8 8 9 9 9 10 10 10 10 10 10 11 11 11 12
2 2 3 4 5 6 0 1 1 1 1 6 7 10 1 5 7 8 9 10 5 6 6 10 11 6 10 11 5 6 8 9 11 12 8 9 10 10
-46.196662660000015
ir-49N3-a
Ir Ir C H H Ir C H H C H Ir H C H H H N Ir
0 1 2 2 2 3 3 3 4 5 6 6 6 6 7 7 8 9 9 9 9 10 11 12 12 13 13 13 13 14 15 16 17 17 17 18
3 3 3 4 17 0 1 2 2 7 7 8 9 17 5 6 6 6 10 12 13 9 12 9 11 9 14 15 16 13 13 13 2 6 18 17
-78.59700291999997
ag-49N6-a
C H H H Ag C H C H Ag H C H H Ag H N Ag
0 0 0 0 1 2 3 4 5 5 5 6 6 7 7 7 7 8 9 10 10 11 11 11 11 12 13 14 15 15 16 16 16 17
1 2 3 5 0 0 0 6 0 6 16 4 5 8 10 11 16 7 10 7 9 7 12 13 15 11 11 15 11 14 5 7 17 16
-78.00283911
pd-49N6-a
C H H H Pd C H C H Pd Pd H C H H Pd H N Pd
0 0 0 0 1 2 3 4 5 5 5 6 6 7 7 7 7 8 9 10 11 11 11 12 12 12 12 13 14 15 16 16 17 17 17 18
1 2 3 5 0 0 0 6 0 6 17 4 5 8 11 12 17 7 11 11 7 9 10 7 13 14 16 12 12 16 12 15 5 7 18 17
-78.64416249000001
pt-49N8-a
C H H H C H H Pt C H Pt C H H H N Pt
0 0 0 0 1 2 3 4 4 4 4 5 6 7 8 8 8 9 9 10 11 11 11 11 11 12 12 13 14 15 15 15 16 16
1 2 3 4 0 0 0 0 5 6 8 4 4 9 4 9 15 7 8 12 12 13 14 15 16 10 11 11 11 8 11 16 11 15
-78.45161544000001
ag-49N4-a
Ag C H H Ag C H H H C H C H Ag H H N Ag
0 1 1 1 2 2 3 4 5 5 5 5 6 6 7 8 9 9 9 9 10 11 11 11 11 12 13 14 14 15 16 16 16 17
2 2 3 16 0 1 1 6 6 7 8 9 4 5 5 5 5 10 11 16 9 9 12 14 15 11 14 11 13 11 1 9 17 16
-77.84170951000002
ir-37N3-a
C H Ir H Ir H C H Ir C H H Ir H N Ir
0 0 0 0 1 2 3 3 4 5 5 6 6 6 7 8 9 9 9 9 9 10 10 11 12 13 13 14 14 14 15 15
1 3 5 6 0 3 0 2 5 0 4 0 7 14 6 10 10 11 13 14 15 8 9 9 13 9 12 6 9 15 9 14
-61.99800522999999
rh-25N1-a
Rh C H H H Rh C H Rh Rh N H Rh
0 1 1 1 1 1 2 2 3 4 5 5 5 5 6 6 6 6 6 6 7 7 8 8 8 9 9 9 10 10 10 10 10 10 11 11 11 12
2 2 3 4 5 6 0 1 1 1 1 6 7 10 1 5 7 8 9 10 5 6 6 10 11 6 10 11 5 6 8 9 11 12 8 9 10 10
-45.76899062000001
ag-4bN1-a
C H H H C H H Ag C H H C H Ag H Ag N H H
0 0 0 0 1 2 3 4 4 4 4 5 6 7 8 8 8 8 9 9 10 11 11 11 11 12 13 14 14 15 15 15 16 16 16 16 17 17 18 18
1 2 3 4 0 0 0 0 5 6 8 4 4 9 4 9 10 11 7 8 8 8 12 14 16 11 14 11 13 16 17 18 11 15 17 18 15 16 15 16
-86.33753430000002
ir-49N6-a
C H H H Ir C H C H Ir H C H H Ir H N Ir
0 0 0 0 1 2 3 4 5 5 5 6 6 7 7 7 7 8 9 10 10 11 11 11 11 12 13 14 15 15 16 16 16 17
1 2 3 5 0 0 0 6 0 6 16 4 5 8 10 11 16 7 10 7 9 7 12 13 15 11 11 15 11 14 5 7 17 16
-78.76336049999998
zn-15N1-a
C H H H N H H Zn
0 0 0 0 1 2 3 4 4 4 4 5 6 7
1 2 3 4 0 0 0 0 5 6 7 4 4 4
-36.282499959999996
ag-39N4-a
C H Ag H H C H H Ag H Ag C H H H Ag N
0 0 0 0 0 1 2 3 3 4 5 5 5 5 5 6 7 8 9 9 10 11 11 11 11 11 12 12 13 14 15 15 15 15 16 16 16 16
1 3 4 15 16 0 3 0 2 0 6 7 9 15 16 5 5 9 5 8 12 12 13 14 15 16 10 11 11 11 0 5 11 16 0 5 11 15
-69.16105099
pt-4bN5-a
C H Pt H H Pt C H H Pt N H Pt C H H Pt C H H H
0 0 0 0 1 2 3 3 4 5 6 6 6 6 7 7 8 9 9 10 10 10 10 11 11 12 13 13 13 13 14 14 15 16 17 17 17 17 18 18 19 20
1 3 4 6 0 3 0 2 0 7 0 7 8 10 5 6 6 10 11 6 9 11 13 9 10 14 10 14 15 17 12 13 13 18 13 18 19 20 16 17 17 17
-86.62476328000002
ag-49N7-a
C H H H Ag Ag C H H C H Ag C H Ag H H N Ag
0 0 0 0 1 2 3 4 5 6 6 6 6 7 7 7 8 9 9 9 10 11 12 12 12 12 13 13 14 15 15 16 17 17 17 18
1 2 3 6 0 0 0 7 7 0 7 8 9 4 5 6 6 6 10 17 9 13 13 15 16 17 11 12 15 12 14 12 9 12 18 17
-77.97405522
ru-27N1-a
C H H Ru H C H Ru H Ru N H Ru H
0 0 0 0 1 2 3 4 4 5 5 5 5 6 7 8 8 9 9 9 10 10 10 10 11 11 12 13 13 13
1 2 4 5 0 0 4 0 3 0 6 8 10 5 8 5 7 10 11 13 5 9 11 13 9 10 13 9 10 12
-53.60295825000003
pt-39N4-a
C H Pt H H Pt C H H Pt H Pt C H Pt H H Pt N
0 0 0 0 0 1 2 3 3 4 5 6 6 6 6 6 7 7 8 9 10 10 11 12 12 12 12 12 13 13 14 15 15 16 17 17 17 17 18 18 18 18
1 3 4 17 18 0 3 0 2 0 7 7 8 10 17 18 5 6 6 10 6 9 13 13 15 16 17 18 11 12 15 12 14 12 0 6 12 18 0 6 12 17
-69.77391601
zn-49Na-a
C H H H C H H H C H H H C N Zn
0 0 0 0 1 2 3 4 4 4 4 5 6 7 8 8 8 8 9 10 11 12 12 12 13 13 13 14
1 2 3 12 0 0 0 5 6 7 12 4 4 4 9 10 11 13 8 8 8 0 4 13 8 12 14 13
-78.00384131999999
rh-37N5-a
C H H H C H Rh H Rh H Rh Rh N H C
0 0 0 0 1 2 3 4 4 4 4 5 6 7 7 8 9 9 10 11 11 12 12 12 13 13 13 14 14 14
1 2 3 14 0 0 0 5 7 9 14 4 7 4 6 9 4 8 13 12 13 11 13 14 10 11 12 0 4 12
-62.48919042
ni-49N1-a
C H H H C H H C H H C H Ni N H Ni Ni
0 0 0 0 1 2 3 4 4 4 4 5 6 7 7 7 7 8 9 10 10 10 10 11 12 12 13 13 13 13 14 14 15 16
1 2 3 4 0 0 0 0 5 6 7 4 4 4 8 9 10 7 7 7 11 13 15 10 13 14 10 12 14 16 12 13 10 13
-78.64862395
zn-39N2-a
C H H H C H H H Zn C H N H H Zn
0 0 0 0 1 2 3 4 4 4 4 5 6 7 8 9 9 9 9 10 10 11 11 11 11 12 13 14
1 2 3 9 0 0 0 5 6 7 9 4 4 4 10 0 4 10 11 8 9 9 12 13 14 11 11 11
-69.66929652
au-27N1-a
C H H Au H C H H Au N H H
0 0 0 0 1 2 3 4 4 5 5 5 5 6 7 8 8 8 9 9 9 9 10 10 11 11
1 2 4 5 0 0 4 0 3 0 6 7 9 5 5 9 10 11 5 8 10 11 8 9 8 9
-53.0982736
ir-49N8-a
C H H H C H H Ir C H Ir C H Ir H H N Ir
0 0 0 0 1 2 3 4 4 4 4 5 6 7 7 8 8 8 8 9 9 10 11 11 11 11 12 12 13 14 14 15 16 16 16 17
1 2 3 4 0 0 0 0 5 6 8 4 4 8 9 4 7 9 16 7 8 12 12 14 15 16 10 11 14 11 13 11 8 11 17 16
-78.47603607999997
cd-13N1-a
C H H N H Cd
0 0 0 0 1 2 3 3 3 4 5 5
1 2 3 5 0 0 0 4 5 3 0 3
-27.7312022
os-4bN1-a
C H H H C H H Os C H H C H Os H Os N H H
0 0 0 0 1 2 3 4 4 4 4 5 6 7 8 8 8 8 9 9 10 11 11 11 11 12 13 14 14 15 15 15 16 16 16 16 17 17 18 18
1 2 3 4 0 0 0 0 5 6 8 4 4 9 4 9 10 11 7 8 8 8 12 14 16 11 14 11 13 16 17 18 11 15 17 18 15 16 15 16
-87.1917969000001
zn-4bN6-a
C H H H C H Zn H C H H N H C H H H Zn
0 0 0 0 1 2 3 4 4 4 4 5 6 7 7 8 8 8 8 9 10 11 11 11 11 12 13 13 13 13 14 15 16 17
1 2 3 4 0 0 0 0 5 7 8 4 7 4 6 4 9 10 11 8 8 8 12 13 17 11 11 14 15 16 13 13 13 11
-86.00236369999999
pd-39N2-a
C H H H C H H H Pd C H Pd N H H
0 0 0 0 1 2 3 4 4 4 4 5 6 7 8 9 9 9 9 10 10 11 11 11 12 12 12 12 13 13 14 14
1 2 3 9 0 0 0 5 6 7 9 4 4 4 10 0 4 10 12 8 9 12 13 14 9 11 13 14 11 12 11 12
-70.31969882000001
ag-4bN7-a
C H Ag H H C H H C H H Ag H C H H H N Ag
0 0 0 0 1 2 3 3 4 5 5 5 5 6 7 8 8 8 8 8 9 10 11 12 12 13 13 13 13 13 14 15 16 17 17 17 17 18 18 18
1 3 4 5 0 3 0 2 0 0 6 7 17 5 5 9 10 12 17 18 8 8 12 8 11 14 15 16 17 18 13 13 13 5 8 13 18 8 13 17
-85.77037426000001
cd-4bN4-a
C H H H C H H H C H H H Cd N H H C
0 0 0 0 1 2 3 4 4 4 4 5 6 7 8 8 8 8 9 10 11 12 12 12 13 13 13 13 14 14 15 15 16 16 16 16
1 2 3 16 0 0 0 5 6 7 16 4 4 4 9 10 11 16 8 8 8 13 14 15 12 14 15 16 12 13 12 13 0 4 8 13
-86.27315302
pd-39N4-a
C H Pd H Pd H Pd C H H Pd H Pd C H Pd H H Pd N
0 0 0 0 0 1 2 3 3 4 5 5 6 7 7 7 7 7 8 8 9 10 11 11 12 13 13 13 13 13 14 14 15 16 16 17 18 18 18 18 19 19 19 19
1 3 5 18 19 0 3 0 2 5 0 4 8 8 9 11 18 19 6 7 7 11 7 10 14 14 16 17 18 19 12 13 16 13 15 13 0 7 13 19 0 7 13 18
-69.70838075000003
ag-15N1-a
C H H H Ag N H H
0 0 0 0 1 2 3 4 4 4 5 5 5 5 6 6 7 7
1 2 3 5 0 0 0 5 6 7 0 4 6 7 4 5 4 5
-36.32911392
pd-25N1-a
Pd C H H H Pd C H Pd Pd N H Pd
0 1 1 1 1 1 2 2 3 4 5 5 5 5 6 6 6 6 6 6 7 7 8 8 8 9 9 9 10 10 10 10 10 10 11 11 11 12
2 2 3 4 5 6 0 1 1 1 1 6 7 10 1 5 7 8 9 10 5 6 6 10 11 6 10 11 5 6 8 9 11 12 8 9 10 10
-45.478487779999995
ni-39N3-a
Ni C H H H Ni C H H Ni N H C H H Ni H
0 1 1 1 1 2 2 3 4 5 6 6 6 6 7 7 8 9 9 9 10 10 10 10 11 11 12 12 12 12 12 12 13 14 15 15 16 16
2 2 3 4 6 0 1 1 1 7 1 7 8 10 5 6 6 10 11 12 6 9 11 12 9 10 9 10 13 14 15 16 12 12 12 16 12 15
-69.80687426999998
cd-4bN1-a
C H H H C H H Cd C H H C H H N H Cd H
0 0 0 0 1 2 3 4 4 4 4 5 6 7 8 8 8 8 9 9 10 11 11 11 11 12 13 14 14 14 14 15 16 16 17 17
1 2 3 4 0 0 0 0 5 6 8 4 4 9 4 9 10 11 7 8 8 8 12 13 14 11 11 11 15 16 17 14 14 17 14 16
-86.12177184999999
zn-4bN4-a
C H H H C H H H C H H H N H H C Zn
0 0 0 0 1 2 3 4 4 4 4 5 6 7 8 8 8 8 9 10 11 12 12 12 12 13 14 15 15 15 15 16
1 2 3 15 0 0 0 5 6 7 15 4 4 4 9 10 11 15 8 8 8 13 14 15 16 12 12 0 4 8 12 12
-86.42279979
os-4bN3-a
C H H Os H Os C H C H H C H H H Os N H H
0 0 0 0 1 2 3 4 4 5 6 6 6 6 7 7 8 8 8 8 9 10 11 11 11 11 12 13 14 15 15 15 16 16 16 16 17 17 18 18
1 2 4 6 0 0 4 0 3 7 0 7 8 16 5 6 6 9 10 11 8 8 8 12 13 14 11 11 11 16 17 18 6 15 17 18 15 16 15 16
-87.22959494000008
pt-27N1-a
C H H Pt H C H H Pt N H H
0 0 0 0 1 2 3 4 4 5 5 5 5 6 7 8 8 8 9 9 9 9 10 10 11 11
1 2 4 5 0 0 4 0 3 0 6 7 9 5 5 9 10 11 5 8 10 11 8 9 8 9
-53.75587870999999
zn-49N4-a
C H H C H H H C H C H H H N Zn
0 0 0 1 2 3 3 3 3 4 5 6 7 7 7 7 8 9 9 9 9 10 11 12 13 13 13 14
1 2 13 0 0 4 5 6 7 3 3 3 3 8 9 13 7 7 10 11 12 9 9 9 0 7 14 13
-77.78479672
cd-39N1-a
C H H H Cd C H H C H H N H Cd H
0 0 0 0 1 2 3 4 5 5 5 5 6 6 7 8 8 8 8 9 10 11 11 11 11 12 13 13 14 14
1 2 3 5 0 0 0 6 0 6 7 8 4 5 5 5 9 10 11 8 8 8 12 13 14 11 11 14 11 13
-69.47647689000001
ir-27N2-a
C H Ir H H Ir N H Ir C H H Ir H
0 0 0 0 0 1 2 3 3 4 5 5 5 5 6 6 6 6 7 7 8 9 9 9 9 9 10 10 11 12 13 13
1 3 4 5 6 0 3 0 2 0 0 6 7 9 0 5 7 9 5 6 10 5 6 10 11 13 8 9 9 13 9 12
-53.44305042999997
pt-4bN3-a
C H H H Pt C H C H H C H H H Pt N H H
0 0 0 0 1 2 3 4 5 5 5 5 6 6 7 7 7 7 8 9 10 10 10 10 11 12 13 14 14 14 15 15 15 15 16 16 17 17
1 2 3 5 0 0 0 6 0 6 7 15 4 5 5 8 9 10 7 7 7 11 12 13 10 10 10 15 16 17 5 14 16 17 14 15 14 15
-87.16811631000002
rh-4bN2-a
C H H Rh H Rh C H C H H C H H H Rh N H H
0 0 0 0 1 2 3 4 4 5 6 6 6 6 7 7 8 8 8 8 9 10 11 11 11 11 12 13 14 15 15 15 16 16 16 16 17 17 18 18
1 2 4 6 0 0 4 0 3 7 0 7 8 16 5 6 6 9 10 11 8 8 8 12 13 14 11 11 11 16 17 18 6 15 17 18 15 16 15 16
-87.02270472000004
pt-49Na-a
C H Pt H H C H H H Pt C H H H C N Pt
0 0 0 0 1 2 3 3 4 5 5 5 5 6 7 8 9 10 10 10 10 11 11 12 13 14 14 14 15 15 15 16
1 3 4 14 0 3 0 2 0 6 7 8 14 5 5 5 11 11 12 13 15 9 10 10 10 0 5 15 10 14 16 15
-78.6615362
pd-39N1-a
C H H H Pd C H H C H Pd H Pd N H H
0 0 0 0 1 2 3 4 5 5 5 5 6 6 7 8 8 8 8 9 10 11 11 12 12 12 13 13 13 13 14 14 15 15
1 2 3 5 0 0 0 6 0 6 7 8 4 5 5 5 9 11 13 8 11 8 10 13 14 15 8 12 14 15 12 13 12 13
-70.29047016000001
pt-15N1-a
C H H H Pt N H H
0 0 0 0 0 1 2 3 4 4 4 4 5 5 5 5 6 6 7 7
1 2 3 4 5 0 0 0 0 5 6 7 0 4 6 7 4 5 4 5
-37.047272239999984
pd-4bN5-a
C H Pd Pd H H Pd C H H Pd N H Pd C H H Pd C H H H
0 0 0 0 1 2 2 3 4 4 4 5 6 7 7 7 7 8 8 8 9 10 10 11 11 11 11 12 12 13 14 14 14 14 15 15 16 17 18 18 18 18 19 19 20 21
1 4 5 7 0 4 8 4 0 2 3 0 8 0 8 9 11 2 6 7 7 11 12 7 10 12 14 10 11 15 11 15 16 18 13 14 14 19 14 19 20 21 17 18 18 18
-86.57679419000002
pt-39N2-a
C H H H C H H H Pt C H Pt N H H
0 0 0 0 1 2 3 4 4 4 4 5 6 7 8 9 9 9 9 10 10 11 11 11 12 12 12 12 13 13 14 14
1 2 3 9 0 0 0 5 6 7 9 4 4 4 10 0 4 10 12 8 9 12 13 14 9 11 13 14 11 12 11 12
-70.46583278999998
au-49N1-a
C H H H C H H C H H C H Au N H
0 0 0 0 1 2 3 4 4 4 4 5 6 7 7 7 7 8 9 10 10 10 10 11 12 12 12 13 13 13 14 14
1 2 3 4 0 0 0 0 5 6 7 4 4 4 8 9 10 7 7 7 11 12 13 10 10 13 14 10 12 14 12 13
-78.11444376
au-4bN1-a
C H H H C H H Au C H H C H Au H N H Au H
0 0 0 0 1 2 3 4 4 4 4 5 6 7 8 8 8 8 9 9 10 11 11 11 11 12 13 14 14 15 15 15 15 16 17 17 18 18
1 2 3 4 0 0 0 0 5 6 8 4 4 9 4 9 10 11 7 8 8 8 12 14 15 11 14 11 13 11 16 17 18 15 15 18 15 17
-86.41887085000002
ag-49Na-a
C H Ag H H C H H H Ag C H H H C N Ag
0 0 0 0 1 2 3 3 4 5 5 5 5 6 7 8 9 10 10 10 10 11 11 12 13 14 14 14 15 15 15 16
1 3 4 14 0 3 0 2 0 6 7 8 14 5 5 5 11 11 12 13 15 9 10 10 10 0 5 15 10 14 16 15
-78.03457531000001
cd-49N8-a
C H H H C H H Cd C H C H H H N Cd
0 0 0 0 1 2 3 4 4 4 4 5 6 7 8 8 8 9 9 10 10 10 10 11 12 13 14 14 14 15
1 2 3 4 0 0 0 0 5 6 8 4 4 9 4 9 14 7 8 11 12 13 14 10 10 10 8 10 15 14
-77.68982545
cu-49N9-a
C H H H C H H C H Cu H Cu H Cu N H C
0 0 0 0 1 2 3 4 4 4 4 5 6 7 7 7 7 8 9 10 10 11 12 12 13 13 14 14 14 15 15 16 16 16
1 2 3 4 0 0 0 0 5 6 16 4 4 8 10 12 16 7 10 7 9 12 7 11 14 15 13 15 16 13 14 4 7 14
-78.67851893
ni-25N2-a
C H Ni H C H H H N Ni
0 0 0 1 2 3 3 4 4 4 4 4 5 6 7 8 8 8 9 9
1 3 8 0 3 0 2 5 6 7 8 9 4 4 4 0 4 9 4 8
-45.016726059999996
ag-49N2-a
C H H H C H H H C H Ag C H Ag N H
0 0 0 0 1 2 3 4 4 4 4 5 6 7 8 8 8 8 9 10 11 11 11 12 12 13 13 14 14 14 15 15
1 2 3 8 0 0 0 5 6 7 8 4 4 4 0 4 9 11 8 12 8 12 14 10 11 14 15 11 13 15 13 14
-78.16651629
cd-49N9-a
C H H H C H H C H H H Cd N H C
0 0 0 0 1 2 3 4 4 4 4 5 6 7 7 7 7 8 9 10 11 11 12 12 12 13 13 14 14 14
1 2 3 4 0 0 0 0 5 6 14 4 4 8 9 10 14 7 7 7 12 13 11 13 14 11 12 4 7 12
-78.17240153
ru-49N2-a
C H H H C H H H C H Ru C H Ru N H Ru Ru
0 0 0 0 1 2 3 4 4 4 4 5 6 7 8 8 8 8 9 10 11 11 11 12 12 13 13 14 14 14 14 14 15 15 16 17
1 2 3 8 0 0 0 5 6 7 8 4 4 4 0 4 9 11 8 12 8 12 14 10 11 14 15 11 13 15 16 17 13 14 14 14
-78.86339618
ru-37N3-a
C H Ru Ru Ru H Ru Ru H C H Ru C H H H N Ru
0 0 0 0 1 2 2 3 4 5 5 5 5 6 7 8 8 8 8 9 9 9 10 11 11 12 12 12 12 12 13 13 14 15 15 16 16 16 17 17
1 5 8 9 0 5 8 5 5 0 2 3 4 8 8 0 2 6 7 0 10 16 9 13 15 13 14 15 16 17 11 12 12 11 12 9 12 17 12 16
-61.944253720000006
ni-39N2-a
C H H H C H H H Ni C H Ni N H H
0 0 0 0 1 2 3 4 4 4 4 5 6 7 8 9 9 9 9 10 10 11 11 11 12 12 12 12 13 13 14 14
1 2 3 9 0 0 0 5 6 7 9 4 4 4 10 0 4 10 12 8 9 12 13 14 9 11 13 14 11 12 11 12
-70.22078341999998
rh-4bN6-a
C H H H C H Rh H Rh C H H Rh N H Rh C H H Rh H
0 0 0 0 1 2 3 4 4 4 4 5 6 7 7 8 9 9 9 9 10 10 11 12 12 12 13 13 13 13 14 14 15 16 16 16 16 16 17 17 18 19 20 20
1 2 3 4 0 0 0 0 5 7 9 4 7 4 6 10 4 10 11 13 8 9 9 13 14 16 9 12 14 16 12 13 17 12 13 17 18 20 15 16 16 20 16 19
-86.60730619999998
ru-4bN7-a
C H Ru H H C H Ru H C H Ru H Ru H Ru C H H Ru H N Ru
0 0 0 0 1 2 3 3 4 5 5 5 5 6 7 8 8 9 9 9 9 9 10 11 12 12 13 14 14 15 16 16 16 16 16 17 17 18 19 20 20 21 21 21 21 22 22 22
1 3 4 5 0 3 0 2 0 0 6 8 21 5 8 5 7 10 12 14 21 22 9 12 9 11 14 9 13 17 17 18 20 21 22 15 16 16 20 16 19 5 9 16 22 9 16 21
-86.15152524000001
rh-49N6-a
C H H H Rh C H C H Rh Rh H C H H Rh H N Rh
0 0 0 0 1 2 3 4 5 5 5 6 6 7 7 7 7 8 9 10 11 11 11 12 12 12 12 13 14 15 16 16 17 17 17 18
1 2 3 5 0 0 0 6 0 6 17 4 5 8 11 12 17 7 11 11 7 9 10 7 13 14 16 12 12 16 12 15 5 7 18 17
-78.64890813
ni-37N1-a
C H H H C H H C H Ni N H
0 0 0 0 1 2 3 4 4 4 4 5 6 7 7 7 8 9 9 10 10 10 11 11
1 2 3 4 0 0 0 0 5 6 7 4 4 4 8 10 7 10 11 7 9 11 9 10
-62.09543836
pt-27N2-a
C H Pt H H Pt N H C H H Pt H
0 0 0 0 0 1 2 3 3 4 5 5 5 5 6 6 6 6 7 7 8 8 8 8 8 9 10 11 12 12
1 3 4 5 6 0 3 0 2 0 0 6 7 8 0 5 7 8 5 6 5 6 9 10 12 8 8 12 8 11
-53.43330056000002
cu-37N5-a
C H H H C H Cu H Cu H Cu N H C
0 0 0 0 1 2 3 4 4 4 4 5 6 7 7 8 9 9 10 10 11 11 11 12 12 13 13 13
1 2 3 13 0 0 0 5 7 9 13 4 7 4 6 9 4 8 11 12 10 12 13 10 11 0 4 11
-62.02432207999999
cd-49N3-a
C H H C H H C H Cd H C H H H N Cd
0 0 0 1 2 3 3 3 3 4 5 6 6 6 6 7 8 9 9 10 10 10 10 11 12 13 14 14 14 15
1 2 14 0 0 4 5 6 14 3 3 3 7 9 10 6 9 6 8 6 11 12 13 10 10 10 0 3 15 14
-77.6268096
ru-4bN2-a
C H H Ru H Ru C H C H H C H H H Ru N H H
0 0 0 0 1 2 3 4 4 5 6 6 6 6 7 7 8 8 8 8 9 10 11 11 11 11 12 13 14 15 15 15 16 16 16 16 17 17 18 18
1 2 4 6 0 0 4 0 3 7 0 7 8 16 5 6 6 9 10 11 8 8 8 12 13 14 11 11 11 16 17 18 6 15 17 18 15 16 15 16
-86.99830671000001
rh-4bN1-a
Rh C H H H C H H Rh C H H C H Rh H Rh N H H
0 1 1 1 1 2 2 3 4 5 5 5 5 6 7 8 9 9 9 9 10 10 11 12 12 12 12 13 14 15 15 16 16 16 17 17 17 17 18 18 19 19
2 2 3 4 5 0 1 1 1 1 6 7 9 5 5 10 5 10 11 12 8 9 9 9 13 15 17 12 15 12 14 17 18 19 12 16 18 19 16 17 16 17
-86.96811929
ag-37N2-a
C H Ag H Ag C H H Ag C H H H N Ag
0 0 0 1 2 3 3 4 5 5 5 5 6 6 7 8 9 9 9 9 10 10 11 12 13 13 13 14
1 3 13 0 3 0 2 6 6 7 9 13 4 5 5 10 5 10 11 12 8 9 9 9 0 5 14 13
-61.158909859999994
pd-49N4-a
Pd Pd C H H Pd C H H H C H C H Pd H H N Pd
0 1 1 2 2 2 2 3 3 3 4 5 6 6 6 6 7 7 8 9 10 10 10 10 11 12 12 12 12 13 14 15 15 16 17 17 17 18
3 2 3 1 3 4 17 0 1 2 2 7 7 8 9 10 5 6 6 6 6 11 12 17 10 10 13 15 16 12 15 12 14 12 2 10 18 17
-78.48846995
ru-39N3-a
Ru C H H H Ru C H H Ru N H C H H Ru H
0 1 1 1 1 2 2 3 4 5 6 6 6 6 7 7 8 9 9 9 10 10 10 10 11 11 12 12 12 12 12 13 14 15 16 16
2 2 3 4 6 0 1 1 1 7 1 7 8 10 5 6 6 10 11 12 6 9 11 12 9 10 9 10 13 14 16 12 12 16 12 15
-69.87880734999999
os-4bN4-a
C H H H Os Os C H H H C H Os H H Os Os N H Os H C
0 0 0 0 1 2 3 4 4 5 6 6 6 6 7 7 7 8 9 10 10 10 10 11 12 13 13 13 14 15 16 16 16 17 17 17 17 18 18 18 19 20 20 20 21 21 21 21
1 2 3 21 0 0 0 7 13 7 7 8 9 21 4 5 6 6 6 11 13 14 21 10 13 4 10 12 10 18 17 18 20 16 18 20 21 15 16 17 20 16 17 19 0 6 10 17
-87.20629076
au-4bN5-a
C H Au H H C H H N H Au C H H Au C H H H Au
0 0 0 0 1 2 3 3 4 5 5 5 5 6 7 8 8 8 8 9 10 11 11 11 11 12 12 13 14 15 15 15 15 16 16 17 18 19
1 3 4 5 0 3 0 2 0 0 6 7 8 5 5 5 9 11 19 8 12 8 12 13 15 10 11 11 16 11 16 17 18 14 15 15 15 8
-86.06737761000002
pd-49N2-a
C H H H C H H H C H Pd C H Pd N H Pd
0 0 0 0 1 2 3 4 4 4 4 5 6 7 8 8 8 8 9 10 11 11 11 12 12 13 13 14 14 14 14 15 15 16
1 2 3 8 0 0 0 5 6 7 8 4 4 4 0 4 9 11 8 12 8 12 14 10 11 14 15 11 13 15 16 13 14 14
-78.78488339999998
ir-4bN1-a
C H H H C H H Ir C H H C H Ir H Ir N H H
0 0 0 0 1 2 3 4 4 4 4 5 6 7 8 8 8 8 9 9 10 11 11 11 11 12 13 14 14 15 15 15 16 16 16 16 17 17 18 18
1 2 3 4 0 0 0 0 5 6 8 4 4 9 4 9 10 11 7 8 8 8 12 14 16 11 14 11 13 16 17 18 11 15 17 18 15 16 15 16
-87.11518738999996
ir-4bN7-a
C H Ir H H C H Ir H C H Ir H Ir H Ir C H H Ir H N Ir
0 0 0 0 1 2 3 3 4 5 5 5 5 6 7 8 8 9 9 9 9 9 10 11 12 12 13 14 14 15 16 16 16 16 16 17 17 18 19 20 20 21 21 21 21 22 22 22
1 3 4 5 0 3 0 2 0 0 6 8 21 5 8 5 7 10 12 14 21 22 9 12 9 11 14 9 13 17 17 18 20 21 22 15 16 16 20 16 19 5 9 16 22 9 16 21
-86.30674375999996
pd-4bN6-a
C H H H C H Pd H Pd C H H Pd N H Pd C H H Pd H
0 0 0 0 1 2 3 4 4 4 4 5 6 7 7 8 9 9 9 9 10 10 11 12 12 12 13 13 13 13 14 14 15 16 16 16 16 16 17 17 18 19 20 20
1 2 3 4 0 0 0 0 5 7 9 4 7 4 6 10 4 10 11 13 8 9 9 13 14 16 9 12 14 16 12 13 17 12 13 17 18 20 15 16 16 20 16 19
-86.63468777
cd-37N1-a
C H H H C H H C H N H Cd
0 0 0 0 1 2 3 4 4 4 4 5 6 7 7 7 7 8 9 9 9 10 11 11
1 2 3 4 0 0 0 0 5 6 7 4 4 4 8 9 11 7 7 10 11 9 7 9
-61.27275214
os-39N1-a
C H H H Os C H H C H Os H Os N H H
0 0 0 0 1 2 3 4 5 5 5 5 6 6 7 8 8 8 8 9 10 11 11 12 12 12 13 13 13 13 14 14 15 15
1 2 3 5 0 0 0 6 0 6 7 8 4 5 5 5 9 11 13 8 11 8 10 13 14 15 8 12 14 15 12 13 12 13
-70.53075161000004
zn-49N1-a
C H H H C H H C H H C H N H Zn
0 0 0 0 1 2 3 4 4 4 4 5 6 7 7 7 7 8 9 10 10 10 11 12 12 12 13 14
1 2 3 4 0 0 0 0 5 6 7 4 4 4 8 9 10 7 7 7 11 12 10 10 13 14 12 12
-78.02773785
ni-37N5-a
C H H H C H Ni H H Ni N H C
0 0 0 0 1 2 3 4 4 4 4 5 6 7 7 8 9 9 10 10 10 11 11 12 12 12
1 2 3 12 0 0 0 5 7 8 12 4 7 4 6 4 10 11 9 11 12 9 10 0 4 10
-62.38613781999999
os-49N2-a
C H H H C H H H C H Os C H Os N H
0 0 0 0 1 2 3 4 4 4 4 5 6 7 8 8 8 8 9 10 11 11 11 12 12 13 13 14 14 14 15 15
1 2 3 8 0 0 0 5 6 7 8 4 4 4 0 4 9 11 8 12 8 12 14 10 11 14 15 11 13 15 13 14
-79.12422344000004
cu-49N7-a
C H H H Cu Cu C H H C H Cu C H Cu H H N Cu
0 0 0 0 1 2 3 4 5 6 6 6 6 7 7 7 8 9 9 9 10 11 12 12 12 12 12 13 13 14 15 15 16 17 17 17 18 18
1 2 3 6 0 0 0 7 7 0 7 8 9 4 5 6 6 6 10 17 9 13 13 15 16 17 18 11 12 15 12 14 12 9 12 18 12 17
-78.15613452
rh-4bN7-a
C H Rh H H C H Rh H C H Rh H Rh H Rh C H H Rh H N Rh
0 0 0 0 1 2 3 3 4 5 5 5 5 6 7 8 8 9 9 9 9 9 10 11 12 12 13 14 14 15 16 16 16 16 16 17 17 18 19 20 20 21 21 21 21 22 22 22
1 3 4 5 0 3 0 2 0 0 6 8 21 5 8 5 7 10 12 14 21 22 9 12 9 11 14 9 13 17 17 18 20 21 22 15 16 16 20 16 19 5 9 16 22 9 16 21
-86.24431365999999
ru-49N4-a
Ru Ru C H H Ru C H H H C H C H Ru H H N Ru
0 0 1 1 2 2 2 2 2 3 3 3 4 5 6 6 6 6 7 7 8 9 10 10 10 10 11 12 12 12 12 13 14 15 15 16 17 17 17 18
2 3 2 3 0 1 3 4 17 0 1 2 2 7 7 8 9 10 5 6 6 6 6 11 12 17 10 10 13 15 16 12 15 12 14 12 2 10 18 17
-78.2938729
pt-39N3-a
Pt C H H H Pt C H H Pt N H C H H Pt H
0 1 1 1 1 2 2 3 4 5 6 6 6 6 7 7 8 9 9 9 10 10 10 10 11 11 12 12 12 12 12 13 14 15 16 16
2 2 3 4 6 0 1 1 1 7 1 7 8 10 5 6 6 10 11 12 6 9 11 12 9 10 9 10 13 14 16 12 12 16 12 15
-70.04783122999999
ru-4bN3-a
C H H Ru H Ru Ru C H C H H C H H H Ru N H Ru H
0 0 0 0 1 2 3 4 4 5 6 7 7 7 7 8 8 8 9 9 9 9 10 11 12 12 12 12 13 14 15 16 16 16 17 17 17 17 18 18 19 20 20 20
1 2 4 7 0 0 4 0 3 8 8 0 8 9 17 5 6 7 7 10 11 12 9 9 9 13 14 15 12 12 12 17 18 20 7 16 18 20 16 17 20 16 17 19
-86.98613311000003
cd-49N1-a
C H H H C H H C H H C H N H Cd
0 0 0 0 1 2 3 4 4 4 4 5 6 7 7 7 7 8 9 10 10 10 10 11 12 12 12 13 14 14
1 2 3 4 0 0 0 0 5 6 7 4 4 4 8 9 10 7 7 7 11 12 14 10 10 13 14 12 10 12
-77.91116572000001
os-49N1-a
C H H H C H H C H H C H Os N H Os
0 0 0 0 1 2 3 4 4 4 4 5 6 7 7 7 7 8 9 10 10 10 11 12 12 13 13 13 13 14 14 15
1 2 3 4 0 0 0 0 5 6 7 4 4 4 8 9 10 7 7 7 11 13 10 13 14 10 12 14 15 12 13 13
-79.00819867000007
au-49N6-a
C H H H Au C H C H H C H H H N Au
0 0 0 0 1 2 3 4 5 5 5 6 6 7 7 7 7 8 9 10 10 10 10 11 12 13 14 14 14 15
1 2 3 5 0 0 0 6 0 6 14 4 5 8 9 10 14 7 7 7 11 12 13 10 10 10 5 7 15 14
-78.05825186000001
ag-25N2-a
C H Ag H C H H H N Ag
0 0 0 1 2 3 3 4 4 4 4 5 6 7 8 8 8 9
1 3 8 0 3 0 2 5 6 7 8 4 4 4 0 4 9 8
-44.46911345000001
au-27N2-a
C H H H Au N H C H H H
0 0 0 0 0 1 2 3 4 4 4 4 5 5 5 5 6 6 7 7 7 7 7 8 9 10
1 2 3 4 5 0 0 0 0 5 6 7 0 4 6 7 4 5 4 5 8 9 10 7 7 7
-52.79088048
pd-4bN2-a
C H H Pd H Pd C H C H H C H H H Pd N H H
0 0 0 0 1 2 3 4 4 5 6 6 6 6 7 7 8 8 8 8 9 10 11 11 11 11 12 13 14 15 15 15 16 16 16 16 17 17 18 18
1 2 4 6 0 0 4 0 3 7 0 7 8 16 5 6 6 9 10 11 8 8 8 12 13 14 11 11 11 16 17 18 6 15 17 18 15 16 15 16
-87.02942649000002
zn-49N5-a
C H H H C H C H H C H H H N Zn
0 0 0 0 1 2 3 4 4 4 5 6 6 6 6 7 8 9 9 9 9 10 11 12 13 13 13 14
1 2 3 4 0 0 0 0 5 13 4 7 8 9 13 6 6 6 10 11 12 9 9 9 4 6 14 13
-77.9075015
os-49N9-a
C H H H C H H C H Os H Os H Os N H C Os
0 0 0 0 1 2 3 4 4 4 4 5 6 7 7 7 7 8 9 10 10 11 12 12 13 13 14 14 14 14 15 15 16 16 16 17
1 2 3 4 0 0 0 0 5 6 16 4 4 8 10 12 16 7 10 7 9 12 7 11 14 15 13 15 16 17 13 14 4 7 14 14
-79.35018796000008
rh-37N3-a
C H Rh Rh H H C H Rh C H H H N Rh
0 0 0 0 1 2 2 3 4 4 4 5 5 6 6 6 7 8 9 9 9 9 10 10 11 12 13 13 13 14
1 4 5 6 0 4 5 4 0 2 3 0 2 0 7 13 6 10 10 11 12 13 8 9 9 9 6 9 14 13
-61.85320593
cd-49N4-a
C H H C H H H C H C H H H N Cd
0 0 0 1 2 3 3 3 3 4 5 6 7 7 7 7 8 9 9 9 9 10 11 12 13 13 13 14
1 2 13 0 0 4 5 6 7 3 3 3 3 8 9 13 7 7 10 11 12 9 9 9 0 7 14 13
-77.69008982
ag-13N1-a
C H H Ag N H
0 0 0 0 1 2 3 3 3 4 4 4 5 5
1 2 3 4 0 0 0 4 5 0 3 5 3 4
-27.902496040000017
ru-49N1-a
C H H H C H H C H H Ru C H Ru Ru N H Ru
0 0 0 0 1 2 3 4 4 4 4 5 6 7 7 7 7 8 9 10 10 10 11 11 11 11 12 12 13 13 14 14 15 15 15 15 15 15 16 16 16 17
1 2 3 4 0 0 0 0 5 6 7 4 4 4 8 9 11 7 7 11 12 15 7 10 12 15 10 11 15 16 15 16 10 11 13 14 16 17 13 14 15 15
-78.75665887000002
pt-49N5-a
Pt C H H H C H Pt C H H C H H H N Pt
0 0 1 1 1 1 2 2 3 3 4 5 5 5 6 7 7 8 8 8 8 9 9 10 10 11 11 11 11 12 13 14 15 15 15 16
2 3 2 3 4 5 0 1 0 1 1 1 6 15 5 9 10 9 10 11 15 7 8 7 8 8 12 13 14 11 11 11 5 8 16 15
-78.63393582999998
zn-37N1-a
C H H H C H H C H N H Zn
0 0 0 0 1 2 3 4 4 4 4 5 6 7 7 7 8 9 9 9 10 11
1 2 3 4 0 0 0 0 5 6 7 4 4 4 8 9 7 7 10 11 9 9
-61.424754629999995
ir-39N1-a
C H H H Ir C H H C H Ir H Ir N H H
0 0 0 0 1 2 3 4 5 5 5 5 6 6 7 8 8 8 8 9 10 11 11 12 12 12 13 13 13 13 14 14 15 15
1 2 3 5 0 0 0 6 0 6 7 8 4 5 5 5 9 11 13 8 11 8 10 13 14 15 8 12 14 15 12 13 12 13
-70.44562365999997
cu-39N2-a
C H H H C H H H Cu C H Cu N H H
0 0 0 0 1 2 3 4 4 4 4 5 6 7 8 9 9 9 9 10 10 11 11 11 12 12 12 12 13 13 14 14
1 2 3 9 0 0 0 5 6 7 9 4 4 4 10 0 4 10 12 8 9 12 13 14 9 11 13 14 11 12 11 12
-69.94175547
os-4bN7-a
C H Os H H C H Os H C H Os H Os H Os C H H Os H N Os
0 0 0 0 1 2 3 3 4 5 5 5 5 6 7 8 8 9 9 9 9 9 10 11 12 12 13 14 14 15 16 16 16 16 16 17 17 18 19 20 20 21 21 21 21 22 22 22
1 3 4 5 0 3 0 2 0 0 6 8 21 5 8 5 7 10 12 14 21 22 9 12 9 11 14 9 13 17 17 18 20 21 22 15 16 16 20 16 19 5 9 16 22 9 16 21
-86.36605513000006
ni-13N1-a
Ni C H Ni H Ni Ni N H Ni
0 0 0 0 0 1 1 1 1 1 1 2 2 3 3 3 4 4 4 5 5 6 6 7 7 7 7 7 7 8 8 8 8 9
1 2 4 7 8 0 2 3 4 7 9 0 1 1 4 7 0 1 3 7 8 7 8 0 1 3 5 6 8 0 5 6 7 1
-28.72370484999999
zn-4bN7-a
C H Zn H H C H H C H H H C H H H N Zn
0 0 0 0 1 2 3 3 4 5 5 5 5 6 7 8 8 8 8 9 10 11 12 12 12 12 13 14 15 16 16 16 16 17
1 3 4 5 0 3 0 2 0 0 6 7 16 5 5 9 10 11 16 8 8 8 13 14 15 16 12 12 12 5 8 12 17 16
-85.74221503999999
pd-27N2-a
C H Pd H H Pd N H Pd C H H Pd H
0 0 0 0 0 1 2 3 3 4 5 5 5 5 6 6 6 6 7 7 8 9 9 9 9 9 10 10 11 12 13 13
1 3 4 5 6 0 3 0 2 0 0 6 7 9 0 5 7 9 5 6 10 5 6 10 11 13 8 9 9 13 9 12
-53.29730871000001
pt-49N9-a
C H H H C H H C H Pt H Pt H Pt N H C
0 0 0 0 1 2 3 4 4 4 4 5 6 7 7 7 7 8 9 10 10 11 12 12 13 13 14 14 14 15 15 16 16 16
1 2 3 4 0 0 0 0 5 6 16 4 4 8 10 12 16 7 10 7 9 12 7 11 14 15 13 15 16 13 14 4 7 14
-79.23043804000002
au-49N4-a
Au C H H Au C H H H C H C H Au H H N Au
0 1 1 1 2 2 3 4 5 5 5 5 6 6 7 8 9 9 9 9 10 11 11 11 11 12 13 14 14 15 16 16 16 17
2 2 3 16 0 1 1 6 6 7 8 9 4 5 5 5 5 10 11 16 9 9 12 14 15 11 14 11 13 11 1 9 17 16
-77.88342741
ru-4bN5-a
C H Ru H H Ru C H H Ru N H Ru C H H Ru C H H H
0 0 0 0 1 2 3 3 4 5 6 6 6 6 7 7 8 9 9 10 10 10 10 11 11 12 13 13 13 13 14 14 15 16 17 17 17 17 18 18 19 20
1 3 4 6 0 3 0 2 0 7 0 7 8 10 5 6 6 10 11 6 9 11 13 9 10 14 10 14 15 17 12 13 13 18 13 18 19 20 16 17 17 17
-86.45920361000003
ag-4bN2-a
C H H Ag H Ag C H C H H C H H H Ag N H H
0 0 0 0 1 2 3 4 4 5 6 6 6 6 7 7 8 8 8 8 9 10 11 11 11 11 12 13 14 15 15 15 16 16 16 16 17 17 18 18
1 2 4 6 0 0 4 0 3 7 0 7 8 16 5 6 6 9 10 11 8 8 8 12 13 14 11 11 11 16 17 18 6 15 17 18 15 16 15 16
-86.41385883000001
cu-39N1-a
C H H H Cu C H H C H Cu H Cu N H H
0 0 0 0 1 2 3 4 5 5 5 5 6 6 7 8 8 8 8 9 10 11 11 12 12 12 13 13 13 13 14 14 15 15
1 2 3 5 0 0 0 6 0 6 7 8 4 5 5 5 9 11 13 8 11 8 10 13 14 15 8 12 14 15 12 13 12 13
-69.89827967
os-49N4-a
Os Os C H H Os C H H H C H C H Os H H N Os
0 1 1 2 2 2 2 3 3 3 4 5 6 6 6 6 7 7 8 9 10 10 10 10 11 12 12 12 12 13 14 15 15 16 17 17 17 18
3 2 3 1 3 4 17 0 1 2 2 7 7 8 9 10 5 6 6 6 6 11 12 17 10 10 13 15 16 12 15 12 14 12 2 10 18 17
-78.46981921000008
cu-49Na-a
Cu C H H H C H H H Cu C H H H C N Cu
0 0 1 1 1 1 2 2 3 3 4 5 5 5 5 6 7 8 9 10 10 10 10 10 11 11 12 13 14 14 14 15 15 15 16 16
2 3 2 3 4 14 0 1 0 1 1 6 7 8 14 5 5 5 11 11 12 13 15 16 9 10 10 10 1 5 15 10 14 16 10 15
-78.20630571000001
pt-4bN2-a
C H H Pt H Pt C H C H H C H H H Pt N H H
0 0 0 0 1 2 3 4 4 5 6 6 6 6 7 7 8 8 8 8 9 10 11 11 11 11 12 13 14 15 15 15 16 16 16 16 17 17 18 18
1 2 4 6 0 0 4 0 3 7 0 7 8 16 5 6 6 9 10 11 8 8 8 12 13 14 11 11 11 16 17 18 6 15 17 18 15 16 15 16
-87.17030311000002
ag-4bN3-a
C H H H Ag C H C H H C H H H Ag N H H
0 0 0 0 1 2 3 4 5 5 5 5 6 6 7 7 7 7 8 9 10 10 10 10 11 12 13 14 14 14 15 15 15 15 16 16 17 17
1 2 3 5 0 0 0 6 0 6 7 15 4 5 5 8 9 10 7 7 7 11 12 13 10 10 10 15 16 17 5 14 16 17 14 15 14 15
-86.41909301000001
ni-49N4-a
Ni Ni C H H Ni C H H H C H C H Ni H H N Ni
0 1 2 2 2 3 3 3 4 5 6 6 6 6 7 7 8 9 10 10 10 10 11 12 12 12 12 13 14 15 15 16 17 17 17 18
3 3 3 4 17 0 1 2 2 7 7 8 9 10 5 6 6 6 6 11 12 17 10 10 13 15 16 12 15 12 14 12 2 10 18 17
-78.32914382999996
zn-13N1-a
C H H N H Zn
0 0 0 1 2 3 3 3 4 5
1 2 3 0 0 0 4 5 3 3
-27.867498519999998
ni-37N2-a
C H Ni H Ni C H H Ni C H H H N Ni
0 0 0 1 2 3 3 4 5 5 5 5 6 6 7 8 9 9 9 9 10 10 11 12 13 13 13 14
1 3 13 0 3 0 2 6 6 7 9 13 4 5 5 10 5 10 11 12 8 9 9 9 0 5 14 13
-61.71760494
pt-4bN1-a
Pt C H H H C H H Pt C H H C H Pt H Pt N H H
0 1 1 1 1 2 2 3 4 5 5 5 5 6 7 8 9 9 9 9 10 10 11 12 12 12 12 13 14 15 15 16 16 16 17 17 17 17 18 18 19 19
2 2 3 4 5 0 1 1 1 1 6 7 9 5 5 10 5 10 11 12 8 9 9 9 13 15 17 12 15 12 14 17 18 19 12 16 18 19 16 17 16 17
-87.09545854999999
zn-4bN1-a
C H H H C H H Zn C H H C H H N H H Zn
0 0 0 0 1 2 3 4 4 4 4 5 6 7 8 8 8 8 9 9 10 11 11 11 11 12 13 14 14 14 14 15 16 17
1 2 3 4 0 0 0 0 5 6 8 4 4 9 4 9 10 11 7 8 8 8 12 13 14 11 11 11 15 16 17 14 14 14
-86.27516053
ag-37N4-a
C H H H Ag C H C H H H N Ag
0 0 0 0 1 2 3 4 5 5 5 6 6 7 7 7 7 8 9 10 11 11 11 12
1 2 3 5 0 0 0 6 0 6 11 4 5 8 9 10 11 7 7 7 5 7 12 11
-61.27606302000001
rh-49N2-a
C H H H C H H H C H Rh C H Rh N H Rh Rh
0 0 0 0 1 2 3 4 4 4 4 5 6 7 8 8 8 8 9 10 11 11 11 12 12 13 13 14 14 14 14 14 15 15 16 17
1 2 3 8 0 0 0 5 6 7 8 4 4 4 0 4 9 11 8 12 8 12 14 10 11 14 15 11 13 15 16 17 13 14 14 14
-78.84222617
ag-39N3-a
Ag C H H H C H H Ag N H C H H Ag H
0 1 1 1 1 2 2 3 4 5 5 5 5 6 7 8 8 8 9 9 9 9 10 10 11 11 11 11 11 12 13 14 15 15
2 2 3 4 5 0 1 1 1 1 6 7 9 5 5 9 10 11 5 8 10 11 8 9 8 9 12 13 15 11 11 15 11 14
-69.36057278000001
pt-37N3-a
C H Pt H Pt H C H Pt C H H Pt H N Pt
0 0 0 0 1 2 3 3 4 5 5 6 6 6 7 8 9 9 9 9 9 10 10 11 12 13 13 14 14 14 15 15
1 3 5 6 0 3 0 2 5 0 4 0 7 14 6 10 10 11 13 14 15 8 9 9 13 9 12 6 9 15 9 14
-62.024129130000006
zn-4bN5-a
C H H H C H H N H C H H Zn C H H H Zn
0 0 0 0 1 2 3 4 4 4 4 5 6 7 7 7 7 8 9 9 9 9 10 11 12 13 13 13 13 14 14 15 16 17
1 2 3 4 0 0 0 0 5 6 7 4 4 4 8 9 17 7 7 10 11 13 9 9 14 9 14 15 16 12 13 13 13 7
-85.97910085999999
ir-25N2-a
C H Ir H C H H Ir H N Ir
0 0 0 1 2 3 3 4 4 4 4 4 5 6 7 8 8 9 9 9 10 10
1 3 9 0 3 0 2 5 6 8 9 10 4 4 8 4 7 0 4 10 4 9
-45.24133482999997
zn-49N9-a
C H H H C H H C H H H N H C Zn
0 0 0 0 1 2 3 4 4 4 4 5 6 7 7 7 7 8 9 10 11 11 11 12 13 13 13 14
1 2 3 4 0 0 0 0 5 6 13 4 4 8 9 10 13 7 7 7 12 13 14 11 4 7 11 11
-78.33740355999998
ni-4bN6-a
C H H H C H Ni H Ni C H H Ni N H C H H Ni H
0 0 0 0 1 2 3 4 4 4 4 5 6 7 7 8 9 9 9 9 10 10 11 12 12 12 13 13 13 13 14 14 15 15 15 15 15 16 17 18 19 19
1 2 3 4 0 0 0 0 5 7 9 4 7 4 6 10 4 10 11 13 8 9 9 13 14 15 9 12 14 15 12 13 12 13 16 17 19 15 15 19 15 18
-86.49945724999998
ru-27N2-a
C H Ru H H Ru N H Ru C H H Ru H
0 0 0 0 0 1 2 3 3 4 5 5 5 5 6 6 6 6 7 7 8 9 9 9 9 9 10 10 11 12 13 13
1 3 4 5 6 0 3 0 2 0 0 6 7 9 0 5 7 9 5 6 10 5 6 10 11 13 8 9 9 13 9 12
-53.28136660000001
au-13N1-a
C H H N H Au
0 0 0 0 1 2 3 3 3 4 5 5
1 2 3 5 0 0 0 4 5 3 0 3
-27.911351200000013
rh-13N1-a
Rh C H Rh H Rh Rh N H Rh
0 0 0 0 0 1 1 1 1 1 1 2 2 3 3 3 4 4 4 5 5 6 6 7 7 7 7 7 7 8 8 8 8 9
1 2 4 7 8 0 2 3 4 7 9 0 1 1 4 7 0 1 3 7 8 7 8 0 1 3 5 6 8 0 5 6 7 1
-28.696126910000032
pd-49N7-a
Pd C H H H Pd C H H C H Pd C H Pd H H N Pd
0 0 1 1 1 1 2 2 3 4 5 6 6 6 6 7 7 7 8 9 9 9 10 11 12 12 12 12 12 13 13 14 15 15 16 17 17 17 18 18
2 7 2 3 4 6 0 1 1 1 7 1 7 8 9 0 5 6 6 6 10 17 9 13 13 15 16 17 18 11 12 15 12 14 12 9 12 18 12 17
-78.61273585
ru-13N1-a
Ru C H Ru H Ru N H Ru Ru
0 0 0 0 1 1 1 1 1 1 2 2 3 3 3 4 4 5 5 6 6 6 6 6 6 7 7 7 8 9
1 2 6 7 0 2 3 4 6 8 0 1 1 4 6 1 3 6 7 0 1 3 5 7 9 0 5 6 1 6
-29.183128230000023
cd-39N4-a
C H H H C H H H C H H H Cd N
0 0 0 0 0 1 2 3 4 4 4 4 4 5 6 7 8 8 8 8 8 9 10 11 12 12 12 12 13 13 13 13
1 2 3 12 13 0 0 0 5 6 7 12 13 4 4 4 9 10 11 12 13 8 8 8 0 4 8 13 0 4 8 12
-69.01195629
rh-49N3-a
Rh Rh C H H Rh C H H C H Rh Rh H C H H H N Rh
0 1 2 2 2 3 3 3 4 5 6 6 6 6 7 7 8 9 9 9 9 10 11 12 13 13 13 14 14 14 14 15 16 17 18 18 18 19
3 3 3 4 18 0 1 2 2 7 7 8 9 18 5 6 6 6 10 13 14 9 13 13 9 11 12 9 15 16 17 14 14 14 2 6 19 18
-78.48668776
pt-13N1-a
Pt C H H Pt Pt N H
0 0 0 0 1 1 1 1 1 2 2 3 3 4 4 4 5 5 6 6 6 6 6 7 7 7
1 2 3 6 0 2 3 4 6 0 1 0 1 1 6 7 6 7 0 1 4 5 7 4 5 6
-28.61666310999999
rh-37N2-a
C H Rh Rh H Rh C H H Rh C H H H N Rh
0 0 0 1 2 3 4 4 4 5 6 6 6 6 7 7 8 9 10 10 10 10 11 11 12 13 14 14 14 15
1 4 14 0 4 4 0 2 3 7 7 8 10 14 5 6 6 11 6 11 12 13 9 10 10 10 0 6 15 14
-61.82876623999999
ir-49Na-a
Ir C H H H C H H H Ir C H H H C N Ir
0 0 1 1 1 1 2 2 3 3 4 5 5 5 5 6 7 8 9 10 10 10 10 11 11 12 13 14 14 14 15 15 15 16
2 3 2 3 4 14 0 1 0 1 1 6 7 8 14 5 5 5 11 11 12 13 15 9 10 10 10 1 5 15 10 14 16 15
-78.60985468999996
ir-49N4-a
Ir Ir C H H Ir C H H H C H C H Ir H H N Ir
0 1 1 2 2 2 2 3 3 3 4 5 6 6 6 6 7 7 8 9 10 10 10 10 11 12 12 12 12 13 14 15 15 16 17 17 17 18
3 2 3 1 3 4 17 0 1 2 2 7 7 8 9 10 5 6 6 6 6 11 12 17 10 10 13 15 16 12 15 12 14 12 2 10 18 17
-78.45863978
rh-37N1-a
C H H H C H H Rh C H Rh N H
0 0 0 0 1 2 3 4 4 4 4 5 6 7 8 8 8 9 9 10 10 11 11 11 12 12
1 2 3 4 0 0 0 0 5 6 8 4 4 9 4 9 11 7 8 11 12 8 10 12 10 11
-62.20267279000001
cd-4bN6-a
C H H H C H Cd H C H H N H C H H H Cd
0 0 0 0 1 2 3 4 4 4 4 5 6 7 7 8 8 8 8 9 10 11 11 11 11 12 13 13 13 13 13 14 15 16 17 17
1 2 3 4 0 0 0 0 5 7 8 4 7 4 6 4 9 10 11 8 8 8 12 13 17 11 11 14 15 16 17 13 13 13 11 13
-85.85660524
ni-39N4-a
C H Ni H H C H H Ni H Ni C H H H Ni N
0 0 0 0 0 1 2 3 3 4 5 5 5 5 5 6 7 8 9 9 10 11 11 11 11 11 12 12 13 14 15 15 15 15 16 16 16 16
1 3 4 15 16 0 3 0 2 0 6 7 9 15 16 5 5 9 5 8 12 12 13 14 15 16 10 11 11 11 0 5 11 16 0 5 11 15
-69.55364256999997
cd-37N2-a
C H H C H H C H H H N Cd
0 0 0 1 2 3 3 3 3 4 5 6 6 6 6 7 8 9 10 10 10 11
1 2 10 0 0 4 5 6 10 3 3 3 7 8 9 6 6 6 0 3 11 10
-60.982482139999995
ag-27N2-a
C H Ag H H Ag N H C H H Ag H
0 0 0 0 1 2 3 3 4 5 5 6 6 6 6 7 7 8 8 8 8 9 10 11 12 12
1 3 4 6 0 3 0 2 0 6 7 0 5 7 8 5 6 6 9 10 12 8 8 12 8 11
-52.71902781
rh-49N5-a
Rh C H Rh H H C H Rh C H Rh H C H H H N Rh
0 0 1 1 1 1 2 2 3 4 4 4 5 6 6 6 7 8 8 9 9 9 9 10 10 11 12 12 12 13 13 13 13 14 15 16 17 17 17 18
2 4 2 4 5 6 0 1 4 0 1 3 1 1 7 17 6 10 12 10 12 13 17 8 9 12 8 9 11 9 14 15 16 13 13 13 6 9 18 17
-78.58021653000003
ru-49Na-a
Ru Ru Ru C H Ru Ru H H C H H H Ru C H H H C N Ru
0 1 2 2 3 3 3 3 4 4 4 4 5 6 7 7 7 7 8 9 9 9 9 10 11 12 13 14 14 14 14 15 15 16 17 18 18 18 19 19 19 20
4 4 4 7 4 7 8 18 0 1 2 3 7 7 2 3 5 6 3 10 11 12 18 9 9 9 15 15 16 17 19 13 14 14 14 3 9 19 14 18 20 19
-78.63738849000003
cu-4bN6-a
C H H H C H Cu H Cu C H H Cu N H C H H Cu H
0 0 0 0 1 2 3 4 4 4 4 5 6 7 7 8 9 9 9 9 10 10 11 12 12 12 13 13 13 13 14 14 15 15 15 15 15 16 17 18 19 19
1 2 3 4 0 0 0 0 5 7 9 4 7 4 6 10 4 10 11 13 8 9 9 13 14 15 9 12 14 15 12 13 12 13 16 17 19 15 15 19 15 18
-86.21928207000002
cu-37N1-a
C H H H C H H C H Cu N H
0 0 0 0 1 2 3 4 4 4 4 5 6 7 7 7 8 9 9 10 10 10 11 11
1 2 3 4 0 0 0 0 5 6 7 4 4 4 8 10 7 10 11 7 9 11 9 10
-61.75122295
au-25N2-a
C H H C H H H N Au
0 0 0 1 2 3 3 3 3 4 5 6 7 7 7 8
1 2 7 0 0 4 5 6 7 3 3 3 0 3 8 7
-44.50458376
ag-49N9-a
C H H H C H H C H Ag H H Ag N H C
0 0 0 0 1 2 3 4 4 4 4 5 6 7 7 7 7 8 9 10 10 11 12 12 13 13 13 14 14 15 15 15
1 2 3 4 0 0 0 0 5 6 15 4 4 8 10 11 15 7 10 7 9 7 13 14 12 14 15 12 13 4 7 13
-78.41437207000001
zn-37N2-a
C H H C H H C H H H N Zn
0 0 0 1 2 3 3 3 3 4 5 6 6 6 6 7 8 9 10 10 10 11
1 2 10 0 0 4 5 6 10 3 3 3 7 8 9 6 6 6 0 3 11 10
-61.11436972
au-49N9-a
C H H H C H H C H H H Au N H C
0 0 0 0 1 2 3 4 4 4 4 5 6 7 7 7 7 8 9 10 11 11 12 12 12 13 13 14 14 14
1 2 3 4 0 0 0 0 5 6 14 4 4 8 9 10 14 7 7 7 12 13 11 13 14 11 12 4 7 12
-78.45287778000002
cu-25N2-a
C H Cu H C H H Cu H N Cu
0 0 0 1 2 3 3 4 4 4 4 4 5 6 7 8 8 9 9 9 10 10
1 3 9 0 3 0 2 5 6 8 9 10 4 4 8 4 7 0 4 10 4 9
-44.68843380999999
au-49N3-a
C H H Au C H H C H Au H C H H H N Au
0 0 0 1 2 3 4 4 4 4 5 5 6 7 7 7 7 8 9 10 10 11 11 11 11 12 13 14 15 15 15 16
1 2 15 0 0 5 5 6 7 15 3 4 4 4 8 10 11 7 10 7 9 7 12 13 14 11 11 11 0 4 16 15
-77.86938615
ru-37N2-a
C H Ru Ru H Ru C H H Ru C H H H N Ru
0 0 0 1 2 3 4 4 4 5 6 6 6 6 7 7 8 9 10 10 10 10 11 11 12 13 14 14 14 15
1 4 14 0 4 4 0 2 3 7 7 8 10 14 5 6 6 11 6 11 12 13 9 10 10 10 0 6 15 14
-61.76416689000001
rh-39N4-a
C H Rh H Rh H Rh C H H Rh H Rh C H Rh H H Rh N
0 0 0 0 0 1 2 3 3 4 5 5 6 7 7 7 7 7 8 8 9 10 11 11 12 13 13 13 13 13 14 14 15 16 16 17 18 18 18 18 19 19 19 19
1 3 5 18 19 0 3 0 2 5 0 4 8 8 9 11 18 19 6 7 7 11 7 10 14 14 16 17 18 19 12 13 16 13 15 13 0 7 13 19 0 7 13 18
-69.6637705
os-4bN5-a
C H H H Os C H H Os N H Os C H H Os C H H H
0 0 0 0 1 2 3 4 5 5 5 5 6 6 7 8 8 9 9 9 9 10 10 11 12 12 12 12 13 13 14 15 16 16 16 16 17 17 18 19
1 2 3 5 0 0 0 6 0 6 7 9 4 5 5 9 10 5 8 10 12 8 9 13 9 13 14 16 11 12 12 17 12 17 18 19 15 16 16 16
-86.69120329000009
cd-49N2-a
C H H H C H H H C H C H N H Cd
0 0 0 0 1 2 3 4 4 4 4 5 6 7 8 8 8 8 9 10 10 10 10 11 12 12 12 13 14 14
1 2 3 8 0 0 0 5 6 7 8 4 4 4 0 4 9 10 8 8 11 12 14 10 10 13 14 12 10 12
-77.96016392000001
cd-37N4-a
C H H H Cd C H C H H H Cd Cd N
0 0 0 0 0 1 2 3 4 4 4 4 5 5 5 5 5 5 6 6 7 7 7 7 7 7 8 9 10 11 11 11 12 12 12 13 13 13 13 13
1 2 3 4 5 0 0 0 0 5 6 13 0 4 6 11 12 13 4 5 8 9 10 11 12 13 7 7 7 5 7 13 5 7 13 4 5 7 11 12
-60.217913380000006
pd-37N1-a
C H H H C H H Pd C H Pd N H
0 0 0 0 1 2 3 4 4 4 4 5 6 7 8 8 8 9 9 10 10 11 11 11 12 12
1 2 3 4 0 0 0 0 5 6 8 4 4 9 4 9 11 7 8 11 12 8 10 12 10 11
-62.11182205000003
au-4bN3-a
C H H H C H C H H C H H H Au N H H
0 0 0 0 1 2 3 4 4 4 4 5 6 6 6 6 7 8 9 9 9 9 10 11 12 13 13 13 14 14 14 14 15 15 16 16
1 2 3 4 0 0 0 0 5 6 14 4 4 7 8 9 6 6 6 10 11 12 9 9 9 14 15 16 4 13 15 16 13 14 13 14
-86.49210618000001
pt-4bN7-a
C H Pt H H C H Pt H C H Pt H Pt H Pt C H H Pt H Pt N
0 0 0 0 1 2 3 3 4 5 5 5 5 5 6 7 8 8 9 9 9 9 9 10 11 12 12 13 14 14 15 16 16 16 16 16 17 17 18 19 20 20 21 21 21 21 22 22 22 22
1 3 4 5 0 3 0 2 0 0 6 8 21 22 5 8 5 7 10 12 14 21 22 9 12 9 11 14 9 13 17 17 18 20 21 22 15 16 16 20 16 19 5 9 16 22 5 9 16 21
-86.35880412
cu-39N3-a
Cu C H H H Cu C H H Cu N H C H H Cu H
0 1 1 1 1 2 2 3 4 5 6 6 6 6 7 7 8 9 9 9 10 10 10 10 11 11 12 12 12 12 12 13 14 15 16 16
2 2 3 4 6 0 1 1 1 7 1 7 8 10 5 6 6 10 11 12 6 9 11 12 9 10 9 10 13 14 16 12 12 16 12 15
-69.53838901999998
zn-4bN3-a
C H H H C H C H H C H H H N H Zn H
0 0 0 0 1 2 3 4 4 4 4 5 6 6 6 6 7 8 9 9 9 9 10 11 12 13 13 13 13 14 15 15 16 16
1 2 3 4 0 0 0 0 5 6 13 4 4 7 8 9 6 6 6 10 11 12 9 9 9 4 14 15 16 13 13 16 13 15
-86.35352291000001
pt-49N3-a
Pt C H H Pt C H H C H Pt H C H H H N Pt
0 1 1 1 2 2 3 4 5 5 5 5 6 6 7 8 8 8 8 9 10 11 11 12 12 12 12 13 14 15 16 16 16 17
2 2 3 16 0 1 1 6 6 7 8 16 4 5 5 5 9 11 12 8 11 8 10 8 13 14 15 12 12 12 1 5 17 16
-78.58707895999999
os-25N2-a
C H Os H Os C H H Os H N Os
0 0 0 1 2 3 3 4 5 5 5 5 6 6 7 8 9 9 10 10 10 11
1 3 10 0 3 0 2 6 6 7 9 10 4 5 5 9 5 8 0 5 11 10
-45.307600070000035
pd-37N5-a
C H H H C H Pd H Pd H Pd Pd N H C
0 0 0 0 1 2 3 4 4 4 4 5 6 7 7 8 9 9 10 11 11 12 12 12 13 13 13 14 14 14
1 2 3 14 0 0 0 5 7 9 14 4 7 4 6 9 4 8 13 12 13 11 13 14 10 11 12 0 4 12
-62.443221539999996
rh-49N7-a
Rh C H H H Rh C H H C H Rh C H Rh H H N Rh
0 0 1 1 1 1 2 2 3 4 5 6 6 6 6 7 7 7 8 9 9 9 10 11 12 12 12 12 12 13 13 14 15 15 16 17 17 17 18 18
2 7 2 3 4 6 0 1 1 1 7 1 7 8 9 0 5 6 6 6 10 17 9 13 13 15 16 17 18 11 12 15 12 14 12 9 12 18 12 17
-78.55163536999999
os-15N1-a
C H Os H Os H Os N H H
0 0 0 0 1 2 3 3 4 5 5 6 6 6 7 7 7 7 8 8 9 9
1 3 5 7 0 3 0 2 5 0 4 7 8 9 0 6 8 9 6 7 6 7
-37.18267685000001
os-37N3-a
C H Os Os Os H Os Os H C H C H H Os H N Os
0 0 0 0 1 2 2 3 4 5 5 5 5 6 7 8 8 8 8 9 9 9 10 11 11 11 11 11 12 13 14 15 15 16 16 16 17 17
1 5 8 9 0 5 8 5 5 0 2 3 4 8 8 0 2 6 7 0 10 16 9 12 13 15 16 17 11 11 15 11 14 9 11 17 11 16
-62.069309450000105
os-27N2-a
C H Os H H Os N H Os C H H Os H
0 0 0 0 0 1 2 3 3 4 5 5 5 5 6 6 6 6 7 7 8 9 9 9 9 9 10 10 11 12 13 13
1 3 4 5 6 0 3 0 2 0 0 6 7 9 0 5 7 9 5 6 10 5 6 10 11 13 8 9 9 13 9 12
-53.52420636000011
ir-37N4-a
C H Ir H H Ir C H Ir C H H H Ir Ir N
0 0 0 0 0 1 2 3 3 4 5 5 5 5 6 6 6 6 6 6 7 7 8 8 9 9 9 9 10 10 11 12 13 13 14 14 15 15 15 15 15 15
1 3 4 5 6 0 3 0 2 0 0 6 7 15 0 5 7 13 14 15 5 6 10 15 10 11 12 15 8 9 9 9 6 15 6 15 5 6 8 9 13 14
-62.37393057999998
ag-4bN4-a
C H H H Ag Ag C H H H C H Ag H H Ag N H H C
0 0 0 0 1 2 3 4 5 6 6 6 6 7 7 7 8 9 10 10 10 10 11 12 13 13 14 15 15 15 16 16 16 16 17 17 18 18 19 19 19 19
1 2 3 19 0 0 0 7 7 7 8 9 19 4 5 6 6 6 11 13 14 19 10 13 10 12 10 16 17 18 15 17 18 19 15 16 15 16 0 6 10 16
-86.51622111
au-37N4-a
C H H H Au C H Au C H H H Au Au N
0 0 0 0 0 1 2 3 4 4 4 4 5 5 5 5 5 5 6 6 7 8 8 8 8 8 9 9 10 11 12 12 12 13 13 14 14 14 14 14
1 2 3 4 5 0 0 0 0 5 6 14 0 4 6 12 13 14 4 5 9 9 10 11 12 14 7 8 8 8 5 8 14 5 14 4 5 8 12 13
-60.25196177000001
ir-37N5-a
C H H H C H Ir H Ir H Ir Ir N H C
0 0 0 0 1 2 3 4 4 4 4 5 6 7 7 8 9 9 10 11 11 12 12 12 13 13 13 14 14 14
1 2 3 14 0 0 0 5 7 9 14 4 7 4 6 9 4 8 13 12 13 11 13 14 10 11 12 0 4 12
-62.617899429999966
rh-49N1-a
C H H H C H H C H H Rh C H Rh Rh N H Rh
0 0 0 0 1 2 3 4 4 4 4 5 6 7 7 7 7 8 9 10 10 10 11 11 11 11 12 12 13 13 14 14 15 15 15 15 15 15 16 16 16 17
1 2 3 4 0 0 0 0 5 6 7 4 4 4 8 9 11 7 7 11 12 15 7 10 12 15 10 11 15 16 15 16 10 11 13 14 16 17 13 14 15 15
-78.71431246999998
cu-49N4-a
Cu Cu C H H Cu C H H H C H C H Cu H H N Cu
0 1 2 2 2 3 3 3 4 5 6 6 6 6 7 7 8 9 10 10 10 10 11 12 12 12 12 13 14 15 15 16 17 17 17 18
3 3 3 4 17 0 1 2 2 7 7 8 9 10 5 6 6 6 6 11 12 17 10 10 13 15 16 12 15 12 14 12 2 10 18 17
-78.00187556
cu-37N3-a
C H Cu Cu H H C H Cu C H H Cu H N Cu
0 0 0 0 1 2 2 3 4 4 4 5 5 6 6 6 7 8 8 9 9 9 9 9 9 10 10 11 12 13 13 14 14 14 15 15
1 4 5 6 0 4 5 4 0 2 3 0 2 0 7 14 6 9 10 8 10 11 13 14 15 8 9 9 13 9 12 6 9 15 9 14
-61.521202450000004
rh-49N8-a
C H H H C H H Rh Rh C H Rh C H Rh H H N
0 0 0 0 1 2 3 4 4 4 4 5 6 7 7 8 8 8 9 9 9 9 10 10 10 11 12 12 12 12 12 13 13 14 15 15 16 17 17 17
1 2 3 4 0 0 0 0 5 6 9 4 4 9 10 10 12 17 4 7 10 17 7 8 9 13 8 13 15 16 17 11 12 15 12 14 12 8 9 12
-78.34603521000003
ni-4bN7-a
C H Ni H H C H Ni H C H H Ni H C H H Ni H Ni N
0 0 0 0 1 2 3 3 4 5 5 5 5 5 6 7 8 8 9 9 9 9 9 10 11 12 13 13 14 14 14 14 14 15 16 17 18 18 19 19 19 19 20 20 20 20
1 3 4 5 0 3 0 2 0 0 6 8 19 20 5 8 5 7 10 11 13 19 20 9 9 13 9 12 15 16 18 19 20 14 14 18 14 17 5 9 14 20 5 9 14 19
-86.14391083999999
au-4bN6-a
C H H H C H Au H C H H Au N H C H H Au H
0 0 0 0 1 2 3 4 4 4 4 5 6 7 7 8 8 8 8 9 10 11 11 11 12 12 12 12 13 13 14 14 14 14 14 15 16 17 18 18
1 2 3 4 0 0 0 0 5 7 8 4 7 4 6 4 9 10 12 8 8 12 13 14 8 11 13 14 11 12 11 12 15 16 18 14 14 18 14 17
-86.10559034000002
pd-4bN4-a
C H H H Pd Pd C H H H C H Pd H H Pd Pd N H H C
0 0 0 0 1 2 3 4 4 5 6 6 6 6 7 7 7 8 9 10 10 10 10 11 12 13 13 13 14 15 16 16 16 17 17 17 17 18 18 18 19 19 20 20 20 20
1 2 3 20 0 0 0 7 13 7 7 8 9 20 4 5 6 6 6 11 13 14 20 10 13 4 10 12 10 18 17 18 19 16 18 19 20 15 16 17 16 17 0 6 10 17
-87.13429091999998
os-49N5-a
Os C H Os H H C H Os C H Os H C H H H N Os
0 0 1 1 1 1 2 2 3 4 4 4 5 6 6 6 7 8 8 9 9 9 9 10 10 11 12 12 12 13 13 13 13 14 15 16 17 17 17 18
2 4 2 4 5 6 0 1 4 0 1 3 1 1 7 17 6 10 12 10 12 13 17 8 9 12 8 9 11 9 14 15 16 13 13 13 6 9 18 17
-78.69997008000007
ag-49N1-a
C H H H C H H C H H C H Ag N H Ag
0 0 0 0 1 2 3 4 4 4 4 5 6 7 7 7 7 8 9 10 10 10 10 11 12 12 12 13 13 13 13 14 14 15
1 2 3 4 0 0 0 0 5 6 7 4 4 4 8 9 10 7 7 7 11 12 13 10 10 13 14 10 12 14 15 12 13 13
-78.09793459
ir-49N2-a
C H H H C H H H C H Ir C H Ir N H
0 0 0 0 1 2 3 4 4 4 4 5 6 7 8 8 8 8 9 10 11 11 11 12 12 13 13 14 14 14 15 15
1 2 3 8 0 0 0 5 6 7 8 4 4 4 0 4 9 11 8 12 8 12 14 10 11 14 15 11 13 15 13 14
-79.02618636
rh-39N2-a
C H H H C H H H Rh C H Rh N H H
0 0 0 0 1 2 3 4 4 4 4 5 6 7 8 9 9 9 9 10 10 11 11 11 12 12 12 12 13 13 14 14
1 2 3 9 0 0 0 5 6 7 9 4 4 4 10 0 4 10 12 8 9 12 13 14 9 11 13 14 11 12 11 12
-70.33890173000003
pd-27N1-a
C H H Pd H C H Pd H Pd N H Pd H
0 0 0 0 1 2 3 4 4 5 5 5 5 6 7 8 8 9 9 9 10 10 10 10 11 11 12 13 13 13
1 2 4 5 0 0 4 0 3 0 6 8 10 5 8 5 7 10 11 13 5 9 11 13 9 10 13 9 10 12
-53.61957111000001
cu-49N1-a
C H H H C H H C H H C H Cu N H Cu Cu
0 0 0 0 1 2 3 4 4 4 4 5 6 7 7 7 7 8 9 10 10 10 10 11 12 12 13 13 13 13 14 14 15 16
1 2 3 4 0 0 0 0 5 6 7 4 4 4 8 9 10 7 7 7 11 13 15 10 13 14 10 12 14 16 12 13 10 13
-78.32945999
pd-13N1-a
Pd C H Pd H Pd Pd N H
0 0 0 0 1 1 1 1 1 1 2 2 3 3 4 4 4 5 5 5 6 6 7 7 7 7 7 8 8 8
1 2 4 7 0 2 3 4 5 7 0 1 1 4 0 1 3 1 7 8 7 8 0 1 5 6 8 5 6 7
-28.61668807999999
pt-49N6-a
C H H H Pt C H C H Pt H C H H Pt H N Pt
0 0 0 0 1 2 3 4 5 5 5 6 6 7 7 7 7 8 9 10 10 11 11 11 11 12 13 14 15 15 16 16 16 17
1 2 3 5 0 0 0 6 0 6 16 4 5 8 10 11 16 7 10 7 9 7 12 13 15 11 11 15 11 14 5 7 17 16
-78.76799573
ag-37N5-a
C H H H C H Ag H Ag H Ag N H C
0 0 0 0 1 2 3 4 4 4 4 5 6 7 7 8 9 9 10 10 11 11 11 12 12 13 13 13
1 2 3 13 0 0 0 5 7 9 13 4 7 4 6 9 4 8 11 12 10 12 13 10 11 0 4 11
-61.75127997999999
zn-49N3-a
C H H C H H C H H C H H H N Zn
0 0 0 1 2 3 3 3 3 4 5 6 6 6 6 7 8 9 9 9 9 10 11 12 13 13 13 14
1 2 13 0 0 4 5 6 13 3 3 3 7 8 9 6 6 6 10 11 12 9 9 9 0 3 14 13
-77.76870600999999
rh-4bN3-a
C H H Rh H Rh Rh C H C H H C H H H Rh N H Rh H
0 0 0 0 1 2 3 4 4 5 6 7 7 7 7 8 8 8 9 9 9 9 10 11 12 12 12 12 13 14 15 16 16 16 17 17 17 17 18 18 19 20 20 20
1 2 4 7 0 0 4 0 3 8 8 0 8 9 17 5 6 7 7 10 11 12 9 9 9 13 14 15 12 12 12 17 18 20 7 16 18 20 16 17 20 16 17 19
-87.01599144
rh-27N2-a
C H Rh H H Rh N H Rh C H H Rh H
0 0 0 0 0 1 2 3 3 4 5 5 5 5 6 6 6 6 7 7 8 9 9 9 9 9 10 10 11 12 13 13
1 3 4 5 6 0 3 0 2 0 0 6 7 9 0 5 7 9 5 6 10 5 6 10 11 13 8 9 9 13 9 12
-53.30076882000003
pt-49N2-a
C H H H C H H H C H Pt C H Pt N H
0 0 0 0 1 2 3 4 4 4 4 5 6 7 8 8 8 8 9 10 11 11 11 12 12 13 13 14 14 14 15 15
1 2 3 8 0 0 0 5 6 7 8 4 4 4 0 4 9 11 8 12 8 12 14 10 11 14 15 11 13 15 13 14
-78.93465007999998
ni-39N1-a
C H H H Ni C H H C H Ni H Ni N H H
0 0 0 0 1 2 3 4 5 5 5 5 6 6 7 8 8 8 8 9 10 11 11 12 12 12 13 13 13 13 14 14 15 15
1 2 3 5 0 0 0 6 0 6 7 8 4 5 5 5 9 11 13 8 11 8 10 13 14 15 8 12 14 15 12 13 12 13
-70.17981550999997
ir-4bN6-a
C H H H C H Ir H Ir C H H Ir N H C H H Ir H
0 0 0 0 1 2 3 4 4 4 4 5 6 7 7 8 9 9 9 9 10 10 11 12 12 12 13 13 13 13 14 14 15 15 15 15 15 16 17 18 19 19
1 2 3 4 0 0 0 0 5 7 9 4 7 4 6 10 4 10 11 13 8 9 9 13 14 15 9 12 14 15 12 13 12 13 16 17 19 15 15 19 15 18
-86.73791238999996
cu-4bN1-a
Cu C H H H C H H Cu C H H C H Cu H Cu N H H
0 1 1 1 1 2 2 3 4 5 5 5 5 6 7 8 9 9 9 9 10 10 11 12 12 12 12 13 14 15 15 16 16 16 17 17 17 17 18 18 19 19
2 2 3 4 5 0 1 1 1 1 6 7 9 5 5 10 5 10 11 12 8 9 9 9 13 15 17 12 15 12 14 17 18 19 12 16 18 19 16 17 16 17
-86.56219762
ni-4bN5-a
C H Ni H H Ni C H H Ni N H Ni C H H Ni C H H H
0 0 0 0 1 2 3 3 4 5 6 6 6 6 7 7 8 9 9 10 10 10 10 11 11 12 13 13 13 13 14 14 15 16 17 17 17 17 18 18 19 20
1 3 4 6 0 3 0 2 0 7 0 7 8 10 5 6 6 10 11 6 9 11 13 9 10 14 10 14 15 17 12 13 13 18 13 18 19 20 16 17 17 17
-86.41379438000001
rh-39N1-a
C H H H Rh C H H C H Rh H Rh N H H
0 0 0 0 1 2 3 4 5 5 5 5 6 6 7 8 8 8 8 9 10 11 11 12 12 12 13 13 13 13 14 14 15 15
1 2 3 5 0 0 0 6 0 6 7 8 4 5 5 5 9 11 13 8 11 8 10 13 14 15 8 12 14 15 12 13 12 13
-70.29147684000003
ru-39N4-a
C H Ru H Ru H Ru C H H Ru H Ru C H Ru H H Ru N
0 0 0 0 0 1 2 3 3 4 5 5 6 7 7 7 7 7 8 8 9 10 11 11 12 13 13 13 13 13 14 14 15 16 16 17 18 18 18 18 19 19 19 19
1 3 5 18 19 0 3 0 2 5 0 4 8 8 9 11 18 19 6 7 7 11 7 10 14 14 16 17 18 19 12 13 16 13 15 13 0 7 13 19 0 7 13 18
-69.59883408000002
pt-37N4-a
C H Pt H H Pt C H Pt C H H H Pt Pt N
0 0 0 0 0 1 2 3 3 4 5 5 5 5 6 6 6 6 6 6 7 7 8 9 9 9 9 9 9 10 10 11 12 13 13 13 14 14 14 15 15 15 15 15
1 3 4 5 6 0 3 0 2 0 0 6 7 15 0 5 7 13 14 15 5 6 10 10 11 12 13 14 15 8 9 9 9 6 9 15 6 9 15 5 6 9 13 14
-62.03730359000002
ag-49N5-a
Ag C H H H C H Ag C H H C H H H N Ag
0 0 1 1 1 1 2 2 3 3 4 5 5 5 6 7 7 8 8 8 8 9 9 10 10 11 11 11 11 12 13 14 15 15 15 16
2 3 2 3 4 5 0 1 0 1 1 1 6 15 5 9 10 9 10 11 15 7 8 7 8 8 12 13 14 11 11 11 5 8 16 15
-77.94969069000001
ni-27N2-a
C H Ni H H Ni N H C H H Ni H
0 0 0 0 0 1 2 3 3 4 5 5 5 5 6 6 6 6 7 7 8 8 8 8 8 9 10 11 12 12
1 3 4 5 6 0 3 0 2 0 0 6 7 8 0 5 7 8 5 6 5 6 9 10 12 8 8 12 8 11
-53.17870866999999
zn-37N5-a
C H H H C H H H N H C Zn
0 0 0 0 1 2 3 4 4 4 4 5 6 7 8 8 8 9 10 10 10 11
1 2 3 10 0 0 0 5 6 7 10 4 4 4 9 10 11 8 0 4 8 8
-61.68812217
ir-27N1-a
C H H Ir H C H Ir H Ir N H Ir H
0 0 0 0 1 2 3 4 4 5 5 5 5 6 7 8 8 9 9 9 10 10 10 10 11 11 12 13 13 13
1 2 4 5 0 0 4 0 3 0 6 8 10 5 8 5 7 10 11 13 5 9 11 13 9 10 13 9 10 12
-53.76877256999995
zn-25N1-a
C H H H Zn C H Zn Zn N H
0 0 0 0 0 1 2 3 4 4 4 4 5 5 5 5 5 5 6 6 7 7 7 8 8 8 9 9 9 9 9 10 10 10
1 2 3 4 5 0 0 0 0 5 6 9 0 4 6 7 8 9 4 5 5 9 10 5 9 10 4 5 7 8 10 7 8 9
-44.360697849999994
ni-4bN2-a
C H H Ni H Ni C H C H H C H H H Ni N H H
0 0 0 0 1 2 3 4 4 5 6 6 6 6 7 7 8 8 8 8 9 10 11 11 11 11 12 13 14 15 15 15 16 16 16 16 17 17 18 18
1 2 4 6 0 0 4 0 3 7 0 7 8 16 5 6 6 9 10 11 8 8 8 12 13 14 11 11 11 16 17 18 6 15 17 18 15 16 15 16
-86.91277960999997
rh-25N2-a
C H Rh H C H H Rh H N Rh
0 0 0 1 2 3 3 4 4 4 4 4 5 6 7 8 8 9 9 9 10 10
1 3 9 0 3 0 2 5 6 8 9 10 4 4 8 4 7 0 4 10 4 9
-45.12404480999999
ru-49N6-a
C H H H Ru C H C H Ru Ru H C H H Ru H N Ru
0 0 0 0 1 2 3 4 5 5 5 6 6 7 7 7 7 8 9 10 11 11 11 12 12 12 12 13 14 15 16 16 17 17 17 18
1 2 3 5 0 0 0 6 0 6 17 4 5 8 11 12 17 7 11 11 7 9 10 7 13 14 16 12 12 16 12 15 5 7 18 17
-78.60065057000003
ag-49N8-a
C H H H C H H Ag C H Ag C H H H N Ag
0 0 0 0 1 2 3 4 4 4 4 5 6 7 8 8 8 9 9 10 11 11 11 11 12 12 13 14 15 15 15 16
1 2 3 4 0 0 0 0 5 6 8 4 4 9 4 9 15 7 8 12 12 13 14 15 10 11 11 11 8 11 16 15
-77.70267559999999
zn-27N2-a
C H H H N H C H H H Zn
0 0 0 0 1 2 3 4 4 4 4 5 6 6 6 6 7 8 9 10
1 2 3 4 0 0 0 0 5 6 10 4 4 7 8 9 6 6 6 4
-52.694902119999995
cd-49Na-a
C H Cd H H C H H H Cd C H H H C N Cd
0 0 0 0 1 2 3 3 4 5 5 5 5 6 7 8 9 10 10 10 10 11 11 12 13 14 14 14 15 15 15 16
1 3 4 14 0 3 0 2 0 6 7 8 14 5 5 5 11 11 12 13 15 9 10 10 10 0 5 15 10 14 16 15
-77.8820111
zn-39N3-a
Zn C H H H C H H N H C H H H Zn
0 1 1 1 1 2 2 3 4 5 5 5 5 6 7 8 8 8 8 9 10 10 10 10 11 12 13 14
2 2 3 4 5 0 1 1 1 1 6 7 8 5 5 5 9 10 14 8 8 11 12 13 10 10 10 8
-69.33929977999999
pd-37N4-a
C H Pd H H Pd C H Pd C H H H Pd Pd N
0 0 0 0 0 1 2 3 3 4 5 5 5 5 6 6 6 6 6 6 7 7 8 8 9 9 9 9 9 9 10 10 11 12 13 13 13 14 14 14 15 15 15 15 15 15
1 3 4 5 6 0 3 0 2 0 0 6 7 15 0 5 7 13 14 15 5 6 10 15 10 11 12 13 14 15 8 9 9 9 6 9 15 6 9 15 5 6 8 9 13 14
-61.93769574000001
ni-4bN3-a
C H H H C H C H H C H H H Ni N H H
0 0 0 0 1 2 3 4 4 4 4 5 6 6 6 6 7 8 9 9 9 9 10 11 12 13 13 13 14 14 14 14 15 15 16 16
1 2 3 4 0 0 0 0 5 6 14 4 4 7 8 9 6 6 6 10 11 12 9 9 9 14 15 16 4 13 15 16 13 14 13 14
-86.91232459999998
ir-37N1-a
C H H H C H H C H Ir N H
0 0 0 0 1 2 3 4 4 4 4 5 6 7 7 7 8 9 9 10 10 10 11 11
1 2 3 4 0 0 0 0 5 6 7 4 4 4 8 10 7 10 11 7 9 11 9 10
-62.376424189999966
au-49N7-a
C H H H Au C H H C H Au C H Au H H N Au
0 0 0 0 1 2 3 4 5 5 5 5 6 6 7 8 8 8 9 10 11 11 11 11 12 12 13 14 14 15 16 16 16 17
1 2 3 5 0 0 0 6 0 6 7 8 4 5 5 5 9 16 8 12 12 14 15 16 10 11 14 11 13 11 8 11 17 16
-78.01660924000001
cd-4bN7-a
C H Cd H H C H H C H H H C H H H N Cd
0 0 0 0 1 2 3 3 4 5 5 5 5 6 7 8 8 8 8 8 9 10 11 12 12 12 12 13 14 15 16 16 16 16 17 17
1 3 4 5 0 3 0 2 0 0 6 7 16 5 5 9 10 11 16 17 8 8 8 13 14 15 16 12 12 12 5 8 12 17 8 16
-85.63065028
cu-27N2-a
C H Cu H H Cu N H C H H Cu H
0 0 0 0 0 1 2 3 3 4 5 5 5 5 6 6 6 6 7 7 8 8 8 8 8 9 10 11 12 12
1 3 4 5 6 0 3 0 2 0 0 6 7 8 0 5 7 8 5 6 5 6 9 10 12 8 8 12 8 11
-52.91547532999999
cu-49N5-a
Cu C H H H C H Cu C H Cu H C H H H N Cu
0 0 1 1 1 1 2 2 3 3 4 5 5 5 6 7 7 8 8 8 8 9 9 10 11 11 11 12 12 12 12 13 14 15 16 16 16 17
2 3 2 3 4 5 0 1 0 1 1 1 6 16 5 9 11 9 11 12 16 7 8 11 7 8 10 8 13 14 15 12 12 12 5 8 17 16
-78.15357556000001
zn-39N1-a
C H H H C H H C H H N H H Zn
0 0 0 0 1 2 3 4 4 4 4 5 6 7 7 7 7 8 9 10 10 10 10 11 12 13
1 2 3 4 0 0 0 0 5 6 7 4 4 4 8 9 10 7 7 7 11 12 13 10 10 10
-69.62218044
os-4bN2-a
C H H Os H Os C H C H H C H H H Os N H H
0 0 0 0 1 2 3 4 4 5 6 6 6 6 7 7 8 8 8 8 9 10 11 11 11 11 12 13 14 15 15 15 16 16 16 16 17 17 18 18
1 2 4 6 0 0 4 0 3 7 0 7 8 16 5 6 6 9 10 11 8 8 8 12 13 14 11 11 11 16 17 18 6 15 17 18 15 16 15 16
-87.26059806
pd-49N8-a
C H H H C H H Pd C H Pd C H Pd H H N Pd
0 0 0 0 1 2 3 4 4 4 4 5 6 7 8 8 8 9 9 10 11 11 11 11 11 12 12 13 14 14 15 16 16 16 17 17
1 2 3 4 0 0 0 0 5 6 8 4 4 9 4 9 16 7 8 12 12 14 15 16 17 10 11 14 11 13 11 8 11 17 11 16
-78.31788871
au-4bN7-a
C H Au H H C H H C H H Au H C H H H N Au
0 0 0 0 1 2 3 3 4 5 5 5 5 6 7 8 8 8 8 9 10 11 12 12 13 13 13 13 14 15 16 17 17 17 17 18
1 3 4 5 0 3 0 2 0 0 6 7 17 5 5 9 10 12 17 8 8 12 8 11 14 15 16 17 13 13 13 5 8 13 18 17
-85.85309000000001
ag-39N1-a
C H H H Ag C H H C H Ag H Ag N H H
0 0 0 0 1 2 3 4 5 5 5 5 6 6 7 8 8 8 8 9 10 11 11 12 12 12 13 13 13 13 14 14 15 15
1 2 3 5 0 0 0 6 0 6 7 8 4 5 5 5 9 11 13 8 11 8 10 13 14 15 8 12 14 15 12 13 12 13
-69.68649365000002
rh-49Na-a
Rh C H Rh H H C H H H Rh C H H H C N Rh
0 0 1 1 1 1 2 2 3 4 4 4 5 6 6 6 6 7 8 9 10 11 11 11 11 11 12 12 13 14 15 15 15 16 16 16 17 17
2 4 2 4 5 15 0 1 4 0 1 3 1 7 8 9 15 6 6 6 12 12 13 14 16 17 10 11 11 11 1 6 16 11 15 17 11 16
-78.62169197999998
ag-27N1-a
C H H Ag H C H H Ag N H H
0 0 0 0 1 2 3 4 4 5 5 5 5 6 7 8 8 8 9 9 9 9 10 10 11 11
1 2 4 5 0 0 4 0 3 0 6 7 9 5 5 9 10 11 5 8 10 11 8 9 8 9
-53.033485180000014
ir-39N4-a
C H Ir H Ir H Ir C H H Ir H Ir C H Ir H H Ir N
0 0 0 0 0 1 2 3 3 4 5 5 6 7 7 7 7 7 8 8 9 10 11 11 12 13 13 13 13 13 14 14 15 16 16 17 18 18 18 18 19 19 19 19
1 3 5 18 19 0 3 0 2 5 0 4 8 8 9 11 18 19 6 7 7 11 7 10 14 14 16 17 18 19 12 13 16 13 15 13 0 7 13 19 0 7 13 18
-69.74683489
os-37N4-a
C H Os H H Os C H Os C H H H Os Os N
0 0 0 0 0 1 2 3 3 4 5 5 5 5 6 6 6 6 6 6 7 7 8 8 9 9 9 9 10 10 11 12 13 13 14 14 15 15 15 15 15 15
1 3 4 5 6 0 3 0 2 0 0 6 7 15 0 5 7 13 14 15 5 6 10 15 10 11 12 15 8 9 9 9 6 15 6 15 5 6 8 9 13 14
-62.65110297000001
zn-37N3-a
C H H H C H C H H H N Zn
0 0 0 0 1 2 3 4 4 4 5 6 6 6 6 7 8 9 10 10 10 11
1 2 3 4 0 0 0 0 5 10 4 7 8 9 10 6 6 6 4 6 11 10
-61.270989560000004
cu-49N3-a
Cu C H H Cu C H H C H Cu H C H H H N Cu
0 1 1 1 2 2 3 4 5 5 5 5 6 6 7 8 8 8 8 9 10 11 11 12 12 12 12 13 14 15 16 16 16 17
2 2 3 16 0 1 1 6 6 7 8 16 4 5 5 5 9 11 12 8 11 8 10 8 13 14 15 12 12 12 1 5 17 16
-78.05041526
ir-49N7-a
Ir C H H H Ir C H H C H Ir C H Ir H H N Ir
0 1 1 1 1 2 2 3 4 5 6 6 6 6 7 7 8 9 9 9 10 11 12 12 12 12 12 13 13 14 15 15 16 17 17 17 18 18
2 2 3 4 6 0 1 1 1 7 1 7 8 9 5 6 6 6 10 17 9 13 13 15 16 17 18 11 12 15 12 14 12 9 12 18 12 17
-78.59471445999998
cu-4bN2-a
C H H Cu H Cu C H C H H C H H H Cu N H H
0 0 0 0 1 2 3 4 4 5 6 6 6 6 7 7 8 8 8 8 9 10 11 11 11 11 12 13 14 15 15 15 16 16 16 16 17 17 18 18
1 2 4 6 0 0 4 0 3 7 0 7 8 16 5 6 6 9 10 11 8 8 8 12 13 14 11 11 11 16 17 18 6 15 17 18 15 16 15 16
-86.62226971000001
ni-25N1-a
Ni C H H H Ni C H Ni Ni N H Ni
0 1 1 1 1 1 2 2 3 4 5 5 5 5 6 6 6 6 6 6 7 7 8 8 8 9 9 9 10 10 10 10 10 10 11 11 11 12
2 2 3 4 5 6 0 1 1 1 1 6 7 10 1 5 7 8 9 10 5 6 6 10 11 6 10 11 5 6 8 9 11 12 8 9 10 10
-45.53432282
ni-37N4-a
C H Ni H H Ni C H Ni C H H H Ni Ni N
0 0 0 0 0 1 2 3 3 4 5 5 5 5 6 6 6 6 6 6 7 7 8 8 9 9 9 9 9 10 10 11 12 13 13 13 14 14 15 15 15 15 15 15
1 3 4 5 6 0 3 0 2 0 0 6 7 15 0 5 7 13 14 15 5 6 10 15 10 11 12 13 15 8 9 9 9 6 9 15 6 15 5 6 8 9 13 14
-61.939881679999985
pt-49N4-a
Pt Pt C H H Pt C H H H C H C H Pt H H N Pt
0 1 2 2 2 3 3 3 4 5 6 6 6 6 7 7 8 9 10 10 10 10 11 12 12 12 12 13 14 15 15 16 17 17 17 18
3 3 3 4 17 0 1 2 2 7 7 8 9 10 5 6 6 6 6 11 12 17 10 10 13 15 16 12 15 12 14 12 2 10 18 17
-78.50043503
cu-4bN4-a
C H H H Cu Cu C H H H C H Cu H H Cu Cu N H H C
0 0 0 0 1 2 3 4 5 6 6 6 6 7 7 7 8 9 10 10 10 10 11 12 13 13 14 15 16 16 16 17 17 17 17 18 18 18 19 19 20 20 20 20
1 2 3 20 0 0 0 7 7 7 8 9 20 4 5 6 6 6 11 13 14 20 10 13 10 12 10 18 17 18 19 16 18 19 20 15 16 17 16 17 0 6 10 17
-86.7013374
pt-37N1-a
C H H H C H H C H Pt N H
0 0 0 0 1 2 3 4 4 4 4 5 6 7 7 7 8 9 9 10 10 10 11 11
1 2 3 4 0 0 0 0 5 6 7 4 4 4 8 10 7 10 11 7 9 11 9 10
-62.282287370000006
ni-27N1-a
C H H Ni H C H H Ni N H H
0 0 0 0 1 2 3 4 4 5 5 5 5 6 7 8 8 8 9 9 9 9 10 10 11 11
1 2 4 5 0 0 4 0 3 0 6 7 9 5 5 9 10 11 5 8 10 11 8 9 8 9
-53.50750747000001
cu-13N1-a
Cu C H Cu H Cu Cu N H
0 0 0 0 0 1 1 1 1 2 2 3 4 4 4 5 5 6 6 7 7 7 7 7 8 8 8 8
1 2 4 7 8 0 2 4 7 0 1 4 0 1 3 7 8 7 8 0 1 5 6 8 0 5 6 7
-28.01489036000001
pt-39N1-a
C H H H Pt C H H C H Pt H Pt N H H
0 0 0 0 1 2 3 4 5 5 5 5 6 6 7 8 8 8 8 9 10 11 11 12 12 12 13 13 13 13 14 14 15 15
1 2 3 5 0 0 0 6 0 6 7 8 4 5 5 5 9 11 13 8 11 8 10 13 14 15 8 12 14 15 12 13 12 13
-70.41992815000003
pt-25N1-a
Pt C H H H Pt C H Pt Pt N H Pt
0 1 1 1 1 1 2 2 3 4 5 5 5 5 6 6 6 6 6 6 7 7 8 8 8 9 9 9 10 10 10 10 10 10 11 11 11 12
2 2 3 4 5 6 0 1 1 1 1 6 7 10 1 5 7 8 9 10 5 6 6 10 11 6 10 11 5 6 8 9 11 12 8 9 10 10
-45.55072415000001
cd-25N1-a
C H H H Cd C H Cd Cd N H
0 0 0 0 0 1 2 3 4 4 4 4 5 5 5 5 5 5 6 6 7 7 7 8 8 8 9 9 9 9 9 10 10 10
1 2 3 4 5 0 0 0 0 5 6 9 0 4 6 7 8 9 4 5 5 9 10 5 9 10 4 5 7 8 10 7 8 9
-43.90241857
ag-4bN6-a
C H H H C H Ag H Ag C H H Ag N H C H H Ag H
0 0 0 0 1 2 3 4 4 4 4 5 6 7 7 8 9 9 9 9 10 10 11 12 12 12 13 13 13 13 14 14 15 15 15 15 15 16 17 18 19 19
1 2 3 4 0 0 0 0 5 7 9 4 7 4 6 10 4 10 11 13 8 9 9 13 14 15 9 12 14 15 12 13 12 13 16 17 19 15 15 19 15 18
-86.02574530000001
ni-49N5-a
Ni C H H H C H Ni C H H C H H H N Ni
0 0 1 1 1 1 2 2 3 3 4 5 5 5 6 7 7 8 8 8 8 9 9 10 10 11 11 11 11 12 13 14 15 15 15 16
2 3 2 3 4 5 0 1 0 1 1 1 6 15 5 9 10 9 10 11 15 7 8 7 8 8 12 13 14 11 11 11 5 8 16 15
-78.49024539999999
pd-37N3-a
C H Pd Pd H H C H Pd C H H H N Pd
0 0 0 0 1 2 2 3 4 4 4 5 5 6 6 6 7 8 9 9 9 9 10 10 11 12 13 13 13 14
1 4 5 6 0 4 5 4 0 2 3 0 2 0 7 13 6 10 10 11 12 13 8 9 9 9 6 9 14 13
-61.86397838000002
zn-39N4-a
C H H H C H H H C H H H N Zn
0 0 0 0 1 2 3 4 4 4 4 5 6 7 8 8 8 8 9 10 11 12 12 12 12 13
1 2 3 12 0 0 0 5 6 7 12 4 4 4 9 10 11 12 8 8 8 0 4 8 13 12
-69.14423191
ni-49N7-a
C H H H Ni Ni C H H C H Ni C H Ni H H N Ni
0 0 0 0 1 2 3 4 5 6 6 6 6 7 7 7 8 9 9 9 10 11 12 12 12 12 12 13 13 14 15 15 16 17 17 17 18 18
1 2 3 6 0 0 0 7 7 0 7 8 9 4 5 6 6 6 10 17 9 13 13 15 16 17 18 11 12 15 12 14 12 9 12 18 12 17
-78.47413023999997
pt-37N2-a
C H Pt Pt H Pt C H H Pt C H H H N Pt
0 0 0 1 2 3 4 4 4 5 6 6 6 6 7 7 8 9 10 10 10 10 11 11 12 13 14 14 14 15
1 4 14 0 4 4 0 2 3 7 7 8 10 14 5 6 6 11 6 11 12 13 9 10 10 10 0 6 15 14
-61.90867377000001
pt-49N1-a
C H H H C H H C H H C H Pt N H Pt
0 0 0 0 1 2 3 4 4 4 4 5 6 7 7 7 7 8 9 10 10 10 11 12 12 13 13 13 13 14 14 15
1 2 3 4 0 0 0 0 5 6 7 4 4 4 8 9 10 7 7 7 11 13 10 13 14 10 12 14 15 12 13 13
-78.82507498000001
zn-25N2-a
C H H C H H H N Zn
0 0 0 1 2 3 3 3 3 4 5 6 7 7 7 8
1 2 7 0 0 4 5 6 7 3 3 3 0 3 8 7
-44.42395915
os-37N2-a
C H Os H Os C H H Os C H H H N Os
0 0 0 1 2 3 3 4 5 5 5 5 6 6 7 8 9 9 9 9 10 10 11 12 13 13 13 14
1 3 13 0 3 0 2 6 6 7 9 13 4 5 5 10 5 10 11 12 8 9 9 9 0 5 14 13
-61.990858419999995
cu-49N8-a
C H H H C H H Cu C H Cu C H H H N Cu
0 0 0 0 1 2 3 4 4 4 4 5 6 7 8 8 8 9 9 10 11 11 11 11 11 12 12 13 14 15 15 15 16 16
1 2 3 4 0 0 0 0 5 6 8 4 4 9 4 9 15 7 8 12 12 13 14 15 16 10 11 11 11 8 11 16 11 15
-77.92566224999999
ir-4bN3-a
C H H Ir H Ir C H C H H C H H H Ir N H H
0 0 0 0 1 2 3 4 4 5 6 6 6 6 7 7 8 8 8 8 9 10 11 11 11 11 12 13 14 15 15 15 16 16 16 16 17 17 18 18
1 2 4 6 0 0 4 0 3 7 0 7 8 16 5 6 6 9 10 11 8 8 8 12 13 14 11 11 11 16 17 18 6 15 17 18 15 16 15 16
-87.17680797999998
cd-27N2-a
C H H H Cd N H C H H H
0 0 0 0 1 2 3 4 4 5 5 5 5 6 6 7 7 7 7 8 9 10
1 2 3 5 0 0 0 5 6 0 4 6 7 4 5 5 8 9 10 7 7 7
-52.5476062
zn-49N8-a
C H H H C H H C H C H H H N Zn
0 0 0 0 1 2 3 4 4 4 4 5 6 7 7 7 8 9 9 9 9 10 11 12 13 13 13 14
1 2 3 4 0 0 0 0 5 6 7 4 4 4 8 13 7 10 11 12 13 9 9 9 7 9 14 13
-77.66807402999999
ni-15N1-a
C H H H Ni N H H
0 0 0 0 0 1 2 3 4 4 4 4 5 5 5 5 6 6 7 7
1 2 3 4 5 0 0 0 0 5 6 7 0 4 6 7 4 5 4 5
-36.806534940000006
pd-49N1-a
C H H H C H H C H H Pd C H Pd Pd N H Pd
0 0 0 0 1 2 3 4 4 4 4 5 6 7 7 7 7 8 9 10 10 10 11 11 11 11 12 12 13 14 14 15 15 15 15 15 16 16 16 17
1 2 3 4 0 0 0 0 5 6 7 4 4 4 8 9 11 7 7 11 12 15 7 10 12 15 10 11 16 15 16 10 11 14 16 17 13 14 15 15
-78.69155764000001
ag-37N1-a
C H H H C H H C H Ag N H
0 0 0 0 1 2 3 4 4 4 4 5 6 7 7 7 8 9 9 10 10 10 11 11
1 2 3 4 0 0 0 0 5 6 7 4 4 4 8 10 7 10 11 7 9 11 9 10
-61.488639570000004
os-49N8-a
C H H H C H H Os C H Os C H Os H H N Os
0 0 0 0 1 2 3 4 4 4 4 5 6 7 7 8 8 8 8 9 9 10 11 11 11 11 12 12 13 14 14 15 16 16 16 17
1 2 3 4 0 0 0 0 5 6 8 4 4 8 9 4 7 9 16 7 8 12 12 14 15 16 10 11 14 11 13 11 8 11 17 16
-78.54230101000007
pt-4bN6-a
C H H H C H Pt H Pt C H H Pt N H C H H Pt H
0 0 0 0 1 2 3 4 4 4 4 5 6 7 7 8 9 9 9 9 10 10 11 12 12 12 13 13 13 13 14 14 15 15 15 15 15 16 17 18 19 19
1 2 3 4 0 0 0 0 5 7 9 4 7 4 6 10 4 10 11 13 8 9 9 13 14 15 9 12 14 15 12 13 12 13 16 17 19 15 15 19 15 18
-86.72220008
cd-39N2-a
C H H H C H H H Cd C H Cd N H H
0 0 0 0 1 2 3 4 4 4 4 5 6 7 8 9 9 9 9 10 10 11 11 12 12 12 12 13 13 14
1 2 3 9 0 0 0 5 6 7 9 4 4 4 10 0 4 10 12 8 9 12 13 9 11 13 14 11 12 12
-69.52152927
ru-49N3-a
Ru Ru C H H Ru C H H C H Ru H C H H H N Ru
0 1 2 2 2 3 3 3 4 5 6 6 6 6 7 7 8 9 9 9 9 10 11 12 12 13 13 13 13 14 15 16 17 17 17 18
3 3 3 4 17 0 1 2 2 7 7 8 9 17 5 6 6 6 10 12 13 9 12 9 11 9 14 15 16 13 13 13 2 6 18 17
-78.45188081999999
ni-49N3-a
Ni C H H Ni C H H C H Ni H C H H H N Ni
0 1 1 1 2 2 3 4 5 5 5 5 6 6 7 8 8 8 8 9 10 11 11 12 12 12 12 13 14 15 16 16 16 17
2 2 3 16 0 1 1 6 6 7 8 16 4 5 5 5 9 11 12 8 11 8 10 8 13 14 15 12 12 12 1 5 17 16
-78.39627824999997
cd-4bN2-a
C H H H C H C H H C H H H Cd N H H
0 0 0 0 1 2 3 4 4 4 4 5 6 6 6 6 7 8 9 9 9 9 10 11 12 13 13 14 14 14 14 15 15 16
1 2 3 4 0 0 0 0 5 6 14 4 4 7 8 9 6 6 6 10 11 12 9 9 9 14 15 4 13 15 16 13 14 14
-86.20692753
ir-4bN5-a
C H Ir H H Ir C H H Ir N H Ir C H H Ir C H H H
0 0 0 0 1 2 3 3 4 5 6 6 6 6 7 7 8 9 9 10 10 10 10 11 11 12 13 13 13 13 14 14 15 16 17 17 17 17 18 18 19 20
1 3 4 6 0 3 0 2 0 7 0 7 8 10 5 6 6 10 11 6 9 11 13 9 10 14 10 14 15 17 12 13 13 18 13 18 19 20 16 17 17 17
-86.62912012999999
zn-37N4-a
C H H H Zn C H C H H H Zn Zn N
0 0 0 0 0 1 2 3 4 4 4 4 5 5 5 5 5 5 6 6 7 7 7 7 7 7 8 9 10 11 11 11 12 12 12 13 13 13 13 13
1 2 3 4 5 0 0 0 0 5 6 13 0 4 6 11 12 13 4 5 8 9 10 11 12 13 7 7 7 5 7 13 5 7 13 4 5 7 11 12
-60.69672014999999
ru-15N1-a
C H Ru H Ru H Ru N H H
0 0 0 0 1 2 3 3 4 5 5 6 6 6 7 7 7 7 8 8 9 9
1 3 5 7 0 3 0 2 5 0 4 7 8 9 0 6 8 9 6 7 6 7
-36.94002604000002
pd-25N2-a
C H Pd H C H H Pd H N Pd
0 0 0 1 2 3 3 4 4 4 4 4 5 6 7 8 8 9 9 9 10 10
1 3 9 0 3 0 2 5 6 8 9 10 4 4 8 4 7 0 4 10 4 9
-45.07718298
zn-27N1-a
C H H H C H H N H H Zn
0 0 0 0 1 2 3 4 4 4 4 5 6 7 7 7 7 8 9 10
1 2 3 4 0 0 0 0 5 6 7 4 4 4 8 9 10 7 7 7
-52.97264358999999
os-37N1-a
C H H H C H H C H Os N H
0 0 0 0 1 2 3 4 4 4 4 5 6 7 7 7 8 9 9 10 10 10 11 11
1 2 3 4 0 0 0 0 5 6 7 4 4 4 8 10 7 10 11 7 9 11 9 10
-62.467008039999996
cu-25N1-a
C H H H C H Cu N H
0 0 0 0 1 2 3 4 4 4 5 6 6 7 7 7 8 8
1 2 3 4 0 0 0 0 5 7 4 7 8 4 6 8 6 7
-45.111494789999995
pd-49N9-a
C H H H C H H C H Pd Pd H H Pd N H C Pd
0 0 0 0 1 2 3 4 4 4 4 5 6 7 7 7 7 8 9 9 10 11 11 11 12 12 13 13 14 14 14 14 15 15 16 16 16 17
1 2 3 4 0 0 0 0 5 6 16 4 4 8 11 12 16 7 11 12 11 7 9 10 7 9 14 15 13 15 16 17 13 14 4 7 14 14
-79.08581077
zn-49N2-a
C H H H C H H H C H C H N H Zn
0 0 0 0 1 2 3 4 4 4 4 5 6 7 8 8 8 8 9 10 10 10 11 12 12 12 13 14
1 2 3 8 0 0 0 5 6 7 8 4 4 4 0 4 9 10 8 8 11 12 10 10 13 14 12 12
-78.10502057
ru-49N9-a
C H H H C H H C H Ru Ru H H Ru Ru N H C
0 0 0 0 1 2 3 4 4 4 4 5 6 7 7 7 7 8 9 9 10 11 11 11 12 12 13 13 14 14 15 15 15 15 16 16 16 17 17 17
1 2 3 4 0 0 0 0 5 6 17 4 4 8 11 12 17 7 11 12 11 7 9 10 7 9 15 16 15 16 13 14 16 17 13 14 15 4 7 15
-79.12373955999999
au-49N8-a
C H H H C H H Au C H C H H H N Au
0 0 0 0 1 2 3 4 4 4 4 5 6 7 8 8 8 9 9 10 10 10 10 11 12 13 14 14 14 15
1 2 3 4 0 0 0 0 5 6 8 4 4 9 4 9 14 7 8 11 12 13 14 10 10 10 8 10 15 14
-77.75854101000002
cd-25N2-a
C H H C H H H N Cd
0 0 0 1 2 3 3 3 3 4 5 6 7 7 7 8
1 2 7 0 0 4 5 6 7 3 3 3 0 3 8 7
-44.29294307
os-37N5-a
C H H H C H Os H Os H Os Os N H C
0 0 0 0 1 2 3 4 4 4 4 5 6 7 7 8 9 9 10 11 11 12 12 12 13 13 13 14 14 14
1 2 3 14 0 0 0 5 7 9 14 4 7 4 6 9 4 8 13 12 13 11 13 14 10 11 12 0 4 12
-62.71397633000004
pt-25N2-a
C H Pt H C H H Pt H N Pt
0 0 0 1 2 3 3 4 4 4 4 4 5 6 7 8 8 9 9 9 10 10
1 3 9 0 3 0 2 5 6 8 9 10 4 4 8 4 7 0 4 10 4 9
-45.206757760000016
ru-39N1-a
C H H H Ru C H H C H Ru H Ru N H H
0 0 0 0 1 2 3 4 5 5 5 5 6 6 7 8 8 8 8 9 10 11 11 12 12 12 13 13 13 13 14 14 15 15
1 2 3 5 0 0 0 6 0 6 7 8 4 5 5 5 9 11 13 8 11 8 10 13 14 15 8 12 14 15 12 13 12 13
-70.27788770000001
ir-49N1-a
C H H H C H H C H H C H Ir N H Ir
0 0 0 0 1 2 3 4 4 4 4 5 6 7 7 7 7 8 9 10 10 10 11 12 12 13 13 13 13 14 14 15
1 2 3 4 0 0 0 0 5 6 7 4 4 4 8 9 10 7 7 7 11 13 10 13 14 10 12 14 15 12 13 13
-78.91703617999997
cu-37N4-a
C H Cu H H Cu C H Cu C H H H Cu Cu N
0 0 0 0 0 1 2 3 3 4 5 5 5 5 6 6 6 6 6 6 7 7 8 8 9 9 9 9 9 9 10 10 11 12 13 13 13 14 14 14 15 15 15 15 15 15
1 3 4 5 6 0 3 0 2 0 0 6 7 15 0 5 7 13 14 15 5 6 10 15 10 11 12 13 14 15 8 9 9 9 6 9 15 6 9 15 5 6 8 9 13 14
-60.941013819999995
ni-49N9-a
C H H H C H H C H Ni H Ni H Ni N H C
0 0 0 0 1 2 3 4 4 4 4 5 6 7 7 7 7 8 9 10 10 11 12 12 13 13 14 14 14 15 15 16 16 16
1 2 3 4 0 0 0 0 5 6 16 4 4 8 10 12 16 7 10 7 9 12 7 11 14 15 13 15 16 13 14 4 7 14
-79.03097135000002
au-4bN4-a
C H H H C H H H C H Au H H Au N H H C
0 0 0 0 1 2 3 4 4 4 4 5 6 7 8 8 8 8 9 10 11 11 12 13 13 13 14 14 14 14 15 15 16 16 17 17 17 17
1 2 3 17 0 0 0 5 6 7 17 4 4 4 9 11 12 17 8 11 8 10 8 14 15 16 13 15 16 17 13 14 13 14 0 4 8 14
-86.58251909
zn-49N6-a
C H H H C H C H H C H H H N Zn
0 0 0 0 1 2 3 4 4 4 5 6 6 6 6 7 8 9 9 9 9 10 11 12 13 13 13 14
1 2 3 4 0 0 0 0 5 13 4 7 8 9 13 6 6 6 10 11 12 9 9 9 4 6 14 13
-77.96594221999999
ir-39N3-a
Ir C H H H Ir C H H Ir N H C H H Ir H
0 1 1 1 1 2 2 3 4 5 6 6 6 6 7 7 8 9 9 9 10 10 10 10 11 11 12 12 12 12 12 13 14 15 16 16
2 2 3 4 6 0 1 1 1 7 1 7 8 10 5 6 6 10 11 12 6 9 11 12 9 10 9 10 13 14 16 12 12 16 12 15
-70.03672241999999
ir-13N1-a
Ir C H Ir H Ir Ir N H
0 0 0 0 0 1 1 1 1 1 2 2 3 3 3 4 4 4 5 5 6 6 7 7 7 7 7 7 8 8 8 8
1 2 4 7 8 0 2 3 4 7 0 1 1 4 7 0 1 3 7 8 7 8 0 1 3 5 6 8 0 5 6 7
-28.51686056999995
au-15N1-a
C H H H Au N H H
0 0 0 0 1 2 3 4 4 4 5 5 5 5 6 6 7 7
1 2 3 5 0 0 0 5 6 7 0 4 6 7 4 5 4 5
-36.38041813000001
pd-4bN7-a
C H Pd H H C H Pd H C H Pd H Pd H Pd C H H Pd H N Pd
0 0 0 0 1 2 3 3 4 5 5 5 5 6 7 8 8 9 9 9 9 9 10 11 12 12 13 14 14 15 16 16 16 16 16 17 17 18 19 20 20 21 21 21 21 22 22 22
1 3 4 5 0 3 0 2 0 0 6 8 21 5 8 5 7 10 12 14 21 22 9 12 9 11 14 9 13 17 17 18 20 21 22 15 16 16 20 16 19 5 9 16 22 9 16 21
-86.32779958
cd-39N3-a
Cd C H H H C H H N H C H H H Cd
0 1 1 1 1 2 2 3 4 5 5 5 5 6 7 8 8 8 8 9 10 10 10 10 10 11 12 13 14 14
2 2 3 4 5 0 1 1 1 1 6 7 8 5 5 5 9 10 14 8 8 11 12 13 14 10 10 10 8 10
-69.2099575
os-49N3-a
Os C H H Os C H H C H Os H C H H H N Os
0 1 1 1 2 2 3 4 5 5 5 5 6 6 7 8 8 8 8 9 10 11 11 12 12 12 12 13 14 15 16 16 16 17
2 2 3 16 0 1 1 6 6 7 8 16 4 5 5 5 9 11 12 8 11 8 10 8 13 14 15 12 12 12 1 5 17 16
-78.6835308200001
au-39N3-a
Au C H H H C H H Au N H C H H Au H
0 1 1 1 1 2 2 3 4 5 5 5 5 6 7 8 8 8 9 9 9 9 10 10 11 11 11 11 11 12 13 14 15 15
2 2 3 4 5 0 1 1 1 1 6 7 9 5 5 9 10 11 5 8 10 11 8 9 8 9 12 13 15 11 11 15 11 14
-69.43635252000001
ru-37N1-a
C H H H C H H Ru C H Ru N H Ru
0 0 0 0 1 2 3 4 4 4 4 5 6 7 8 8 8 9 9 10 10 11 11 11 11 12 12 13
1 2 3 4 0 0 0 0 5 6 8 4 4 9 4 9 11 7 8 11 12 8 10 12 13 10 11 11
-62.21315837000003
rh-4bN5-a
C H Rh H H Rh Rh C H H Rh N H Rh C H H Rh C H H H
0 0 0 0 1 2 3 3 4 5 6 7 7 7 7 8 8 8 9 10 10 11 11 11 11 12 12 13 14 14 14 14 15 15 16 17 18 18 18 18 19 19 20 21
1 3 4 7 0 3 0 2 0 8 8 0 8 9 11 5 6 7 7 11 12 7 10 12 14 10 11 15 11 15 16 18 13 14 14 19 14 19 20 21 17 18 18 18
-86.50859901000001
ru-37N4-a
C H Ru H H Ru C H Ru C H H H Ru Ru N
0 0 0 0 0 1 2 3 3 4 5 5 5 5 6 6 6 6 6 6 7 7 8 8 9 9 9 9 10 10 11 12 13 13 14 14 15 15 15 15 15 15
1 3 4 5 6 0 3 0 2 0 0 6 7 15 0 5 7 13 14 15 5 6 10 15 10 11 12 15 8 9 9 9 6 15 6 15 5 6 8 9 13 14
-62.33804300000003
ru-4bN4-a
C H H H Ru Ru C H H H C H Ru H H Ru Ru N H Ru H C Ru
0 0 0 0 1 2 3 4 4 5 6 6 6 6 7 7 7 8 9 10 10 10 10 11 12 13 13 13 14 15 16 16 16 17 17 17 17 17 18 18 18 19 20 20 20 21 21 21 21 22
1 2 3 21 0 0 0 7 13 7 7 8 9 21 4 5 6 6 6 11 13 14 21 10 13 4 10 12 10 18 17 18 20 16 18 20 21 22 15 16 17 20 16 17 19 0 6 10 17 17
-87.01320854
pd-4bN3-a
C H H Pd H Pd Pd C H C H H C H H H Pd N H Pd H
0 0 0 0 1 2 3 4 4 5 6 7 7 7 7 8 8 8 9 9 9 9 10 11 12 12 12 12 13 14 15 16 16 16 17 17 17 17 18 18 19 20 20 20
1 2 4 7 0 0 4 0 3 8 8 0 8 9 17 5 6 7 7 10 11 12 9 9 9 13 14 15 12 12 12 17 18 20 7 16 18 20 16 17 20 16 17 19
-87.02891847999999
ir-4bN2-a
C H H Ir H Ir C H C H H C H H H Ir N H H
0 0 0 0 1 2 3 4 4 5 6 6 6 6 7 7 8 8 8 8 9 10 11 11 11 11 12 13 14 15 15 15 16 16 16 16 17 17 18 18
1 2 4 6 0 0 4 0 3 7 0 7 8 16 5 6 6 9 10 11 8 8 8 12 13 14 11 11 11 16 17 18 6 15 17 18 15 16 15 16
-87.18798867999999
ru-25N1-a
Ru C H H H Ru C H Ru Ru N H Ru
0 1 1 1 1 1 2 2 3 4 5 5 5 5 6 6 6 6 6 6 7 7 8 8 8 9 9 9 10 10 10 10 10 10 11 11 11 12
2 2 3 4 5 6 0 1 1 1 1 6 7 10 1 5 7 8 9 10 5 6 6 10 11 6 10 11 5 6 8 9 11 12 8 9 10 10
-45.91891300000003
au-39N2-a
C H H H C H H H Au C H Au N H H
0 0 0 0 1 2 3 4 4 4 4 5 6 7 8 9 9 9 9 10 10 11 11 11 12 12 12 12 13 13 14 14
1 2 3 9 0 0 0 5 6 7 9 4 4 4 10 0 4 10 12 8 9 12 13 14 9 11 13 14 11 12 11 12
-69.78823798000002
au-49N5-a
C H Au H H C H C H H C H H H N Au
0 0 0 0 1 2 3 3 4 5 5 5 6 7 7 7 7 8 9 10 10 10 10 11 12 13 14 14 14 15
1 3 4 5 0 3 0 2 0 0 6 14 5 8 9 10 14 7 7 7 11 12 13 10 10 10 5 7 15 14
-77.97956229000002
au-49N2-a
C H H H C H H H C H C H N H Au
0 0 0 0 1 2 3 4 4 4 4 5 6 7 8 8 8 8 9 10 10 10 11 12 12 12 13 14
1 2 3 8 0 0 0 5 6 7 8 4 4 4 0 4 9 10 8 8 11 12 10 10 13 14 12 12
-78.19706151
ru-49N8-a
C H H H C H H Ru Ru C H Ru C H Ru H H N Ru
0 0 0 0 1 2 3 4 4 4 4 5 6 7 7 8 9 9 9 9 10 10 10 11 12 12 12 12 13 13 14 15 15 16 17 17 17 18
1 2 3 4 0 0 0 0 5 6 9 4 4 9 10 10 4 7 10 17 7 8 9 13 13 15 16 17 11 12 15 12 14 12 9 12 18 17
-78.30980495
cu-49N6-a
C H H H Cu C H C H Cu Cu H C H H H N Cu
0 0 0 0 1 2 3 4 5 5 5 6 6 7 7 7 7 8 9 10 11 11 11 12 12 12 12 13 14 15 16 16 16 17
1 2 3 5 0 0 0 6 0 6 16 4 5 8 11 12 16 7 11 11 7 9 10 7 13 14 15 12 12 12 5 7 17 16
-78.22676295
cd-15N1-a
C H H H Cd N H H
0 0 0 0 1 2 3 4 4 4 5 5 5 5 6 6 7 7
1 2 3 5 0 0 0 5 6 7 0 4 6 7 4 5 4 5
-36.1427299
pd-49Na-a
Pd C H H H C H H H Pd C H H H C N Pd
0 0 1 1 1 1 2 2 3 3 4 5 5 5 5 6 7 8 9 10 10 10 10 10 11 11 12 13 14 14 14 15 15 15 16 16
2 3 2 3 4 14 0 1 0 1 1 6 7 8 14 5 5 5 11 11 12 13 15 16 9 10 10 10 1 5 15 10 14 16 10 15
-78.66011191999999
pd-49N5-a
Pd C H Pd H H C H Pd C H Pd H C H H H N Pd
0 0 1 1 1 1 2 2 3 4 4 4 5 6 6 6 7 8 8 9 9 9 9 10 10 11 12 12 12 13 13 13 13 14 15 16 17 17 17 18
2 4 2 4 5 6 0 1 4 0 1 3 1 1 7 17 6 10 12 10 12 13 17 8 9 12 8 9 11 9 14 15 16 13 13 13 6 9 18 17
-78.61588013000002
ru-4bN6-a
C H H H C H Ru H Ru C H H Ru N H Ru C H H Ru H
0 0 0 0 1 2 3 4 4 4 4 5 6 7 7 8 9 9 9 9 10 10 11 12 12 12 13 13 13 13 14 14 15 16 16 16 16 16 17 17 18 19 20 20
1 2 3 4 0 0 0 0 5 7 9 4 7 4 6 10 4 10 11 13 8 9 9 13 14 16 9 12 14 16 12 13 17 12 13 17 18 20 15 16 16 20 16 19
-86.56611250000003
cu-4bN3-a
C H H H Cu Cu C H C H H C H H H Cu N H H
0 0 0 0 1 2 3 4 5 6 6 6 6 7 7 7 8 8 8 8 9 10 11 11 11 11 12 13 14 15 15 15 16 16 16 16 17 17 18 18
1 2 3 6 0 0 0 7 7 0 7 8 16 4 5 6 6 9 10 11 8 8 8 12 13 14 11 11 11 16 17 18 6 15 17 18 15 16 15 16
-86.63065332000002
cu-4bN7-a
C H Cu H H C H Cu H C H Cu H Cu H Cu C H H Cu H N Cu
0 0 0 0 1 2 3 3 4 5 5 5 5 6 7 8 8 9 9 9 9 9 10 11 12 12 13 14 14 15 16 16 16 16 16 17 17 18 19 20 20 21 21 21 21 22 22 22
1 3 4 5 0 3 0 2 0 0 6 8 21 5 8 5 7 10 12 14 21 22 9 12 9 11 14 9 13 17 17 18 20 21 22 15 16 16 20 16 19 5 9 16 22 9 16 21
-85.90253752000001
rh-37N4-a
C H Rh H H Rh C H Rh C H H H Rh Rh N
0 0 0 0 0 1 2 3 3 4 5 5 5 5 6 6 6 6 6 6 7 7 8 8 9 9 9 9 10 10 11 12 13 13 14 14 15 15 15 15 15 15
1 3 4 5 6 0 3 0 2 0 0 6 7 15 0 5 7 13 14 15 5 6 10 15 10 11 12 15 8 9 9 9 6 15 6 15 5 6 8 9 13 14
-62.22680832000003
cd-4bN5-a
C H H H C H H N H C H H Cd C H H H Cd
0 0 0 0 1 2 3 4 4 4 4 5 6 7 7 7 7 8 9 9 9 9 10 11 12 13 13 13 13 14 14 15 16 17
1 2 3 4 0 0 0 0 5 6 7 4 4 4 8 9 17 7 7 10 11 13 9 9 14 9 14 15 16 12 13 13 13 7
-85.86797911
ni-4bN4-a
C H H H C H H H C H Ni H H Ni N H H C
0 0 0 0 1 2 3 4 4 4 4 5 6 7 8 8 8 8 9 10 11 11 12 13 13 13 14 14 14 14 15 15 16 16 17 17 17 17
1 2 3 17 0 0 0 5 6 7 17 4 4 4 9 11 12 17 8 11 8 10 8 14 15 16 13 15 16 17 13 14 13 14 0 4 8 14
-86.97399211999999
cu-27N1-a
C H H Cu H C H H Cu N H H
0 0 0 0 1 2 3 4 4 5 5 5 5 6 7 8 8 8 9 9 9 9 10 10 11 11
1 2 4 5 0 0 4 0 3 0 6 7 9 5 5 9 10 11 5 8 10 11 8 9 8 9
-53.23740519999998
ni-49Na-a
Ni C H H H C H H H Ni C H H H C N Ni
0 0 1 1 1 1 2 2 3 3 4 5 5 5 5 6 7 8 9 10 10 10 10 10 11 11 12 13 14 14 14 15 15 15 16 16
2 3 2 3 4 14 0 1 0 1 1 6 7 8 14 5 5 5 11 11 12 13 15 16 9 10 10 10 1 5 15 10 14 16 10 15
-78.53111128
ag-37N3-a
C H H Ag H C H Ag C H H H N Ag
0 0 0 0 1 2 3 4 4 5 5 5 6 7 8 8 8 8 9 9 10 11 12 12 12 13
1 2 4 5 0 0 4 0 3 0 6 12 5 9 9 10 11 12 7 8 8 8 5 8 13 12
-61.31119234000002
pt-4bN4-a
C H H H Pt C H H H C H Pt H H Pt N H H C
0 0 0 0 1 2 3 4 5 5 5 5 6 6 7 8 9 9 9 9 10 11 12 12 13 14 14 14 15 15 15 15 16 16 17 17 18 18 18 18
1 2 3 18 0 0 0 6 6 7 8 18 4 5 5 5 10 12 13 18 9 12 9 11 9 15 16 17 14 16 17 18 14 15 14 15 0 5 9 15
-87.22521046999998
pd-37N2-a
C H Pd Pd H Pd C H H Pd C H H H N Pd
0 0 0 1 2 3 4 4 4 5 6 6 6 6 7 7 8 9 10 10 10 10 11 11 12 13 14 14 14 15
1 4 14 0 4 4 0 2 3 7 7 8 10 14 5 6 6 11 6 11 12 13 9 10 10 10 0 6 15 14
-61.80267685999999
rh-39N3-a
Rh C H H H Rh C H H Rh N H C H H Rh H
0 1 1 1 1 2 2 3 4 5 6 6 6 6 7 7 8 9 9 9 10 10 10 10 11 11 12 12 12 12 12 13 14 15 16 16
2 2 3 4 6 0 1 1 1 7 1 7 8 10 5 6 6 10 11 12 6 9 11 12 9 10 9 10 13 14 16 12 12 16 12 15
-69.92190916999999
os-4bN6-a
C H H H C H Os H Os C H H Os N H Os C H H Os H
0 0 0 0 1 2 3 4 4 4 4 5 6 7 7 8 9 9 9 9 10 10 11 12 12 12 13 13 13 13 14 14 15 16 16 16 16 16 17 17 18 19 20 20
1 2 3 4 0 0 0 0 5 7 9 4 7 4 6 10 4 10 11 13 8 9 9 13 14 16 9 12 14 16 12 13 17 12 13 17 18 20 15 16 16 20 16 19
-86.80949813000007
cd-27N1-a
C H H H C H H N H Cd H
0 0 0 0 1 2 3 4 4 4 4 5 6 7 7 7 7 8 9 9 10 10
1 2 3 4 0 0 0 0 5 6 7 4 4 4 8 9 10 7 7 10 7 9
-52.83708099
ru-49N5-a
Ru Ru Ru C H Ru Ru H H C H Ru Ru C H Ru H C H H H N Ru
0 0 1 2 3 3 3 3 4 4 4 4 5 6 7 7 7 7 8 9 9 9 10 11 12 12 13 13 13 13 14 14 14 15 16 16 16 17 17 17 17 18 19 20 21 21 21 22
4 7 4 4 4 7 8 9 0 1 2 3 7 7 0 3 5 6 3 3 10 21 9 14 14 16 14 16 17 21 11 12 13 16 12 13 15 13 18 19 20 17 17 17 9 13 22 21
-78.57520411000002
os-49N7-a
C H H H Os Os C H H C H Os C H Os H H N Os
0 0 0 0 1 2 3 4 5 6 6 6 6 7 7 7 8 9 9 9 10 11 12 12 12 12 12 13 13 14 15 15 16 17 17 17 18 18
1 2 3 6 0 0 0 7 7 0 7 8 9 4 5 6 6 6 10 17 9 13 13 15 16 17 18 11 12 15 12 14 12 9 12 18 12 17
-78.61929184000007
cu-4bN5-a
C H Cu H H Cu C H H Cu N H Cu C H H Cu C H H H
0 0 0 0 1 2 3 3 4 5 6 6 6 6 7 7 8 9 9 10 10 10 10 11 11 12 13 13 13 13 14 14 15 16 17 17 17 17 18 18 19 20
1 3 4 6 0 3 0 2 0 7 0 7 8 10 5 6 6 10 11 6 9 11 13 9 10 14 10 14 15 17 12 13 13 18 13 18 19 20 16 17 17 17
-86.15205749
pd-39N3-a
Pd C H H H Pd C H H Pd N H C H H Pd H
0 1 1 1 1 2 2 3 4 5 6 6 6 6 7 7 8 9 9 9 10 10 10 10 11 11 12 12 12 12 12 13 14 15 16 16
2 2 3 4 6 0 1 1 1 7 1 7 8 10 5 6 6 10 11 12 6 9 11 12 9 10 9 10 13 14 16 12 12 16 12 15
-69.95247774999999
rh-49N4-a
Rh Rh C H H Rh C H H H C H C H Rh H H N Rh
0 1 1 2 2 2 2 3 3 3 4 5 6 6 6 6 7 7 8 9 10 10 10 10 11 12 12 12 12 13 14 15 15 16 17 17 17 18
3 2 3 1 3 4 17 0 1 2 2 7 7 8 9 10 5 6 6 6 6 11 12 17 10 10 13 15 16 12 15 12 14 12 2 10 18 17
-78.43067682999998
cu-39N4-a
C H Cu H H Cu C H H Cu H Cu C H Cu H H Cu N
0 0 0 0 0 1 2 3 3 4 5 6 6 6 6 6 7 7 8 9 10 10 11 12 12 12 12 12 13 13 14 15 15 16 17 17 17 17 18 18 18 18
1 3 4 17 18 0 3 0 2 0 7 7 8 10 17 18 5 6 6 10 6 9 13 13 15 16 17 18 11 12 15 12 14 12 0 6 12 18 0 6 12 17
-69.31526294
pd-49N3-a
Pd Pd C H H Pd C H H C H Pd H C H H H N Pd
0 1 2 2 2 3 3 3 4 5 6 6 6 6 7 7 8 9 9 9 9 10 11 12 12 13 13 13 13 14 15 16 17 17 17 18
3 3 3 4 17 0 1 2 2 7 7 8 9 17 5 6 6 6 10 12 13 9 12 9 11 9 14 15 16 13 13 13 2 6 18 17
-78.48475879000003
ru-25N2-a
C H Ru H Ru C H H Ru H N Ru
0 0 0 1 2 3 3 4 5 5 5 5 6 6 7 8 9 9 10 10 10 11
1 3 10 0 3 0 2 6 6 7 9 10 4 5 5 9 5 8 0 5 11 10
-45.09096561000001
rh-4bN4-a
C H H H Rh Rh C H H H C H Rh H H Rh Rh N H Rh H C Rh
0 0 0 0 1 2 3 4 4 5 6 6 6 6 7 7 7 8 9 10 10 10 10 11 12 13 13 13 14 15 16 16 16 17 17 17 17 17 18 18 18 19 20 20 20 21 21 21 21 22
1 2 3 21 0 0 0 7 13 7 7 8 9 21 4 5 6 6 6 11 13 14 21 10 13 4 10 12 10 18 17 18 20 16 18 20 21 22 15 16 17 20 16 17 19 0 6 10 17 17
-87.07505645000003
rh-49N9-a
C H H H C H H C H Rh Rh H H Rh N H C Rh
0 0 0 0 1 2 3 4 4 4 4 5 6 7 7 7 7 8 9 9 10 11 11 11 12 12 13 13 14 14 14 14 15 15 16 16 16 17
1 2 3 4 0 0 0 0 5 6 16 4 4 8 11 12 16 7 11 12 11 7 9 10 7 9 14 15 13 15 16 17 13 14 4 7 14 14
-79.12126089000003
pd-15N1-a
C H Pd H Pd H Pd N H H
0 0 0 0 0 1 2 3 3 4 5 5 6 6 6 6 7 7 7 7 8 8 9 9
1 3 5 6 7 0 3 0 2 5 0 4 0 7 8 9 0 6 8 9 6 7 6 7
-36.88536547999999
ir-15N1-a
C H Ir H Ir H Ir N H H
0 0 0 0 1 2 3 3 4 5 5 6 6 6 7 7 7 7 8 8 9 9
1 3 5 7 0 3 0 2 5 0 4 7 8 9 0 6 8 9 6 7 6 7
-37.092172809999965
os-27N1-a
C H H Os H C H Os H Os N H Os H
0 0 0 0 1 2 3 4 4 5 5 5 5 6 7 8 8 9 9 9 10 10 10 10 11 11 12 13 13 13
1 2 4 5 0 0 4 0 3 0 6 8 10 5 8 5 7 10 11 13 5 9 11 13 9 10 13 9 10 12
-53.85560440000006
au-37N5-a
C H H H C H Au H H Au N H C
0 0 0 0 1 2 3 4 4 4 4 5 6 7 7 8 9 9 10 10 10 11 11 12 12 12
1 2 3 12 0 0 0 5 7 8 12 4 7 4 6 4 10 11 9 11 12 9 10 0 4 10
-61.78850600000001
cd-37N3-a
C H Cd H H C H C H H H N Cd
0 0 0 0 1 2 3 3 4 5 5 5 6 7 7 7 7 8 9 10 11 11 11 12
1 3 4 5 0 3 0 2 0 0 6 11 5 8 9 10 11 7 7 7 5 7 12 11
-61.17753919
au-39N4-a
C H H H C H H H C H H H N Au
0 0 0 0 1 2 3 4 4 4 4 5 6 7 8 8 8 8 9 10 11 12 12 12 12 13
1 2 3 12 0 0 0 5 6 7 12 4 4 4 9 10 11 12 8 8 8 0 4 8 13 12
-69.23919403000002
rh-27N1-a
C H H Rh H C H Rh H Rh N H Rh H
0 0 0 0 1 2 3 4 4 5 5 5 5 6 7 8 8 9 9 9 10 10 10 10 11 11 12 13 13 13
1 2 4 5 0 0 4 0 3 0 6 8 10 5 8 5 7 10 11 13 5 9 11 13 9 10 13 9 10 12
-53.61856280000001
ir-4bN4-a
C H H H Ir Ir C H H H C H Ir H H Ir Ir N H H C
0 0 0 0 1 2 3 4 4 5 6 6 6 6 7 7 7 8 9 10 10 10 10 11 12 13 13 13 14 15 16 16 16 17 17 17 17 18 18 18 19 19 20 20 20 20
1 2 3 20 0 0 0 7 13 7 7 8 9 20 4 5 6 6 6 11 13 14 20 10 13 4 10 12 10 18 17 18 19 16 18 19 20 15 16 17 16 17 0 6 10 17
-87.17383536
ni-4bN1-a
C H H H C H H Ni C H H C H Ni H Ni N H H
0 0 0 0 1 2 3 4 4 4 4 5 6 7 8 8 8 8 9 9 10 11 11 11 11 12 13 14 14 15 15 15 16 16 16 16 17 17 18 18
1 2 3 4 0 0 0 0 5 6 8 4 4 9 4 9 10 11 7 8 8 8 12 14 16 11 14 11 13 16 17 18 11 15 17 18 15 16 15 16
-86.86404328999998
cu-15N1-a
C H H H Cu N H H
0 0 0 0 1 2 3 4 4 4 5 5 5 5 6 6 7 7
1 2 3 5 0 0 0 5 6 7 0 4 6 7 4 5 4 5
-36.542228800000004
au-37N3-a
C H H Au H C H Au C H H H N Au
0 0 0 0 1 2 3 4 4 5 5 5 6 7 8 8 8 8 9 9 10 11 12 12 12 13
1 2 4 5 0 0 4 0 3 0 6 12 5 9 9 10 11 12 7 8 8 8 5 8 13 12
-61.34678889
au-37N2-a
C H H C H H Au C H H H N Au
0 0 0 0 1 2 3 3 3 3 4 5 6 7 7 7 7 8 8 9 10 11 11 11 12 12
1 2 11 12 0 0 4 5 7 11 3 3 8 3 8 9 10 6 7 7 7 0 3 12 0 11
-61.20226963000002
os-13N1-a
Os C H Os H Os N H Os Os
0 0 0 0 1 1 1 1 1 1 2 2 3 3 3 4 4 5 5 6 6 6 6 6 6 7 7 7 8 9
1 2 6 7 0 2 3 4 6 8 0 1 1 4 6 1 3 6 7 0 1 3 5 7 9 0 5 6 1 6
-29.179788590000044
pt-37N5-a
C H H H C H Pt H Pt H Pt N H C
0 0 0 0 1 2 3 4 4 4 4 5 6 7 7 8 9 9 10 10 11 11 11 12 12 13 13 13
1 2 3 13 0 0 0 5 7 9 13 4 7 4 6 9 4 8 11 12 10 12 13 10 11 0 4 11
-62.58589598000003
ag-49N3-a
Ag C H H Ag C H H C H Ag H C H H H N Ag
0 1 1 1 2 2 3 4 5 5 5 5 6 6 7 8 8 8 8 9 10 11 11 12 12 12 12 13 14 15 16 16 16 17
2 2 3 16 0 1 1 6 6 7 8 16 4 5 5 5 9 11 12 8 11 8 10 8 13 14 15 12 12 12 1 5 17 16
-77.82174764999999
ag-39N2-a
C H H H C H H H Ag C H Ag N H H
0 0 0 0 1 2 3 4 4 4 4 5 6 7 8 9 9 9 9 10 10 11 11 11 12 12 12 12 13 13 14 14
1 2 3 9 0 0 0 5 6 7 9 4 4 4 10 0 4 10 12 8 9 12 13 14 9 11 13 14 11 12 11 12
-69.72237810000001
os-39N3-a
Os C H H H Os C H H Os N H C H H Os H
0 1 1 1 1 2 2 3 4 5 6 6 6 6 7 7 8 9 9 9 10 10 10 10 11 11 12 12 12 12 12 13 14 15 16 16
2 2 3 4 6 0 1 1 1 7 1 7 8 10 5 6 6 10 11 12 6 9 11 12 9 10 9 10 13 14 16 12 12 16 12 15
-70.10972899000001
cu-37N2-a
C H Cu Cu H Cu C H H Cu C H H H N Cu
0 0 0 1 2 3 4 4 4 5 6 6 6 6 7 7 8 9 10 10 10 10 11 11 12 13 14 14 14 15
1 4 14 0 4 4 0 2 3 7 7 8 10 14 5 6 6 11 6 11 12 13 9 10 10 10 0 6 15 14
-61.37680585000001
cu-49N2-a
C H H H C H H H C H Cu C H Cu N H Cu
0 0 0 0 1 2 3 4 4 4 4 5 6 7 8 8 8 8 9 10 11 11 11 12 12 13 13 14 14 14 14 15 15 16
1 2 3 8 0 0 0 5 6 7 8 4 4 4 0 4 9 11 8 12 8 12 14 10 11 14 15 11 13 15 16 13 14 14
-78.41707502
cd-4bN3-a
C H H H C H C H H C H H H N H Cd H
0 0 0 0 1 2 3 4 4 4 4 5 6 6 6 6 7 8 9 9 9 9 10 11 12 13 13 13 13 14 15 15 16 16
1 2 3 4 0 0 0 0 5 6 13 4 4 7 8 9 6 6 6 10 11 12 9 9 9 4 14 15 16 13 13 16 13 15
-86.20645658000001
os-49Na-a
Os Os Os C H Os Os H H C H H H Os C H H H C N Os
0 1 2 2 3 3 3 3 4 4 4 4 5 6 7 7 7 7 8 9 9 9 9 10 11 12 13 14 14 14 14 15 15 16 17 18 18 18 19 19 19 20
4 4 4 7 4 7 8 18 0 1 2 3 7 7 2 3 5 6 3 10 11 12 18 9 9 9 15 15 16 17 19 13 14 14 14 3 9 19 14 18 20 19
-78.76189003000002
au-39N1-a
C H H H Au C H H C H H Au N H H
0 0 0 0 1 2 3 4 5 5 5 5 6 6 7 8 8 8 8 9 10 11 11 11 12 12 12 12 13 13 14 14
1 2 3 5 0 0 0 6 0 6 7 8 4 5 5 5 9 10 12 8 8 12 13 14 8 11 13 14 11 12 11 12
-69.75199666
ru-49N7-a
Ru C H H H Ru C H H C H Ru C H Ru H H N Ru
0 0 1 1 1 1 2 2 3 4 5 6 6 6 6 7 7 7 8 9 9 9 10 11 12 12 12 12 12 13 13 14 15 15 16 17 17 17 18 18
2 7 2 3 4 6 0 1 1 1 7 1 7 8 9 0 5 6 6 6 10 17 9 13 13 15 16 17 18 11 12 15 12 14 12 9 12 18 12 17
-78.45041997999999
pt-49N7-a
C H H H Pt Pt C H H C H Pt C H Pt H H N Pt
0 0 0 0 1 2 3 4 5 6 6 6 6 7 7 7 8 9 9 9 10 11 12 12 12 12 12 13 13 14 15 15 16 17 17 17 18 18
1 2 3 6 0 0 0 7 7 0 7 8 9 4 5 6 6 6 10 17 9 13 13 15 16 17 18 11 12 15 12 14 12 9 12 18 12 17
-78.64712996999998
rh-15N1-a
C H Rh H Rh H Rh N H H
0 0 0 0 1 2 3 3 4 5 5 6 6 6 7 7 7 7 8 8 9 9
1 3 5 7 0 3 0 2 5 0 4 7 8 9 0 6 8 9 6 7 6 7
-36.92403574000002
ru-4bN1-a
Ru C H H H C H Ru H Ru C H H C H Ru H Ru N H H
0 1 1 1 1 2 2 3 4 5 5 5 5 6 7 8 8 9 10 10 10 10 11 11 12 13 13 13 13 14 15 16 16 17 17 17 18 18 18 18 19 19 20 20
2 2 3 4 5 0 1 1 1 1 6 8 10 5 8 5 7 11 5 11 12 13 9 10 10 10 14 16 18 13 16 13 15 18 19 20 13 17 19 20 17 18 17 18
-86.93244321000003
ir-49N9-a
C H H H C H H C H Ir H Ir H Ir N H C
0 0 0 0 1 2 3 4 4 4 4 5 6 7 7 7 7 8 9 10 10 11 12 12 13 13 14 14 14 15 15 16 16 16
1 2 3 4 0 0 0 0 5 6 16 4 4 8 10 12 16 7 10 7 9 12 7 11 14 15 13 15 16 13 14 4 7 14
-79.25647494999998
ir-49N5-a
Ir C H H H C H Ir C H Ir H C H H H N Ir
0 0 1 1 1 1 2 2 3 3 4 5 5 5 6 7 7 8 8 8 8 9 9 10 11 11 11 12 12 12 12 13 14 15 16 16 16 17
2 3 2 3 4 5 0 1 0 1 1 1 6 16 5 9 11 9 11 12 16 7 8 11 7 8 10 8 13 14 15 12 12 12 5 8 17 16
-78.58349611999995
au-4bN2-a
C H H Au H Au C H C H H C H H H Au N H H
0 0 0 0 1 2 3 4 4 5 6 6 6 6 7 7 8 8 8 8 9 10 11 11 11 11 12 13 14 15 15 16 16 16 16 17 17 18
1 2 4 6 0 0 4 0 3 7 0 7 8 16 5 6 6 9 10 11 8 8 8 12 13 14 11 11 11 16 17 6 15 17 18 15 16 16
-86.489723
pd-4bN1-a
Pd C H H H C H H Pd C H H C H Pd H Pd N H H
0 1 1 1 1 2 2 3 4 5 5 5 5 6 7 8 9 9 9 9 10 10 11 12 12 12 12 13 14 15 15 16 16 16 17 17 17 17 18 18 19 19
2 2 3 4 5 0 1 1 1 1 6 7 9 5 5 10 5 10 11 12 8 9 9 9 13 15 17 12 15 12 14 17 18 19 12 16 18 19 16 17 16 17
-86.98612402
os-39N2-a
C H H H C H H H Os C H Os N H H
0 0 0 0 1 2 3 4 4 4 4 5 6 7 8 9 9 9 9 10 10 11 11 11 12 12 12 12 13 13 14 14
1 2 3 9 0 0 0 5 6 7 9 4 4 4 10 0 4 10 12 8 9 12 13 14 9 11 13 14 11 12 11 12
-70.5827202700001
au-37N1-a
C H H H C H H C H N H Au
0 0 0 0 1 2 3 4 4 4 4 5 6 7 7 7 8 9 9 9 10 11
1 2 3 4 0 0 0 0 5 6 7 4 4 4 8 9 7 7 10 11 9 9
-61.51123784000001
cd-37N5-a
C H H H C H H H Cd N H C
0 0 0 0 1 2 3 4 4 4 4 5 6 7 8 8 9 9 9 10 10 11 11 11
1 2 3 11 0 0 0 5 6 7 11 4 4 4 9 10 8 10 11 8 9 0 4 9
-61.50601708
au-25N1-a
C H H H C H N H Au
0 0 0 0 1 2 3 4 4 4 5 6 6 6 7 8
1 2 3 4 0 0 0 0 5 6 4 4 7 8 6 6
-44.87033652000002
zn-49N7-a
C H H H C H H C H C H H H N Zn
0 0 0 0 1 2 3 4 4 4 4 5 6 7 7 7 8 9 9 9 9 10 11 12 13 13 13 14
1 2 3 4 0 0 0 0 5 6 7 4 4 4 8 13 7 10 11 12 13 9 9 9 7 9 14 13
-77.91955243999999
ir-39N2-a
C H H H C H H H Ir C H Ir N H H
0 0 0 0 1 2 3 4 4 4 4 5 6 7 8 9 9 9 9 10 10 11 11 11 12 12 12 12 13 13 14 14
1 2 3 9 0 0 0 5 6 7 9 4 4 4 10 0 4 10 12 8 9 12 13 14 9 11 13 14 11 12 11 12
-70.49819532999999
ni-49N8-a
C H H H C H H Ni C H Ni C H H H N Ni
0 0 0 0 1 2 3 4 4 4 4 5 6 7 8 8 8 9 9 10 11 11 11 11 11 12 12 13 14 15 15 15 16 16
1 2 3 4 0 0 0 0 5 6 8 4 4 9 4 9 15 7 8 12 12 13 14 15 16 10 11 11 11 8 11 16 11 15
-78.22089427999998
cd-49N6-a
C H H H C H C H H C H H H N Cd
0 0 0 0 1 2 3 4 4 4 5 6 6 6 6 7 8 9 9 9 9 10 11 12 13 13 13 14
1 2 3 4 0 0 0 0 5 13 4 7 8 9 13 6 6 6 10 11 12 9 9 9 4 6 14 13
-77.80642893000001
ni-49N2-a
C H H H C H H H C H Ni C H Ni N H Ni
0 0 0 0 1 2 3 4 4 4 4 5 6 7 8 8 8 8 9 10 11 11 11 12 12 13 13 14 14 14 14 15 15 16
1 2 3 8 0 0 0 5 6 7 8 4 4 4 0 4 9 11 8 12 8 12 14 10 11 14 15 11 13 15 16 13 14 14
-78.75659146999999
ag-4bN5-a
C H Ag Ag H H C H H N H Ag C H H Ag C H H H Ag
0 0 0 0 1 2 3 4 4 4 5 6 6 6 6 7 8 9 9 9 9 10 11 12 12 12 12 13 13 14 15 16 16 16 16 17 17 18 19 20
1 4 5 6 0 4 4 0 2 3 0 0 7 8 9 6 6 6 10 12 20 9 13 9 13 14 16 11 12 12 17 12 17 18 19 15 16 16 16 9
-85.99098495000001
os-39N4-a
C H Os H Os H Os C H H Os H Os C H Os H H Os N
0 0 0 0 0 1 2 3 3 4 5 5 6 7 7 7 7 7 8 8 9 10 11 11 12 13 13 13 13 13 14 14 15 16 16 17 18 18 18 18 19 19 19 19
1 3 5 18 19 0 3 0 2 5 0 4 8 8 9 11 18 19 6 7 7 11 7 10 14 14 16 17 18 19 12 13 16 13 15 13 0 7 13 19 0 7 13 18
-69.81745425000008
ni-49N6-a
C H H H Ni C H C H Ni H C H H H N Ni
0 0 0 0 1 2 3 4 5 5 5 6 6 7 7 7 7 8 9 10 10 11 11 11 11 12 13 14 15 15 15 16
1 2 3 5 0 0 0 6 0 6 15 4 5 8 10 11 15 7 10 7 9 7 12 13 14 11 11 11 5 7 16 15
-78.54765542000001
ru-37N5-a
C H H H C H Ru H Ru H Ru Ru N H C
0 0 0 0 1 2 3 4 4 4 4 5 6 7 7 8 9 9 10 10 11 11 12 12 12 12 13 13 13 14 14 14
1 2 3 14 0 0 0 5 7 9 14 4 7 4 6 9 4 8 12 13 12 13 10 11 13 14 10 11 12 0 4 12
-62.487013270000034
os-49N6-a
C H H H Os C H C H Os H C H H Os H N Os
0 0 0 0 1 2 3 4 5 5 5 6 6 7 7 7 7 8 9 10 10 11 11 11 11 12 13 14 15 15 16 16 16 17
1 2 3 5 0 0 0 6 0 6 16 4 5 8 10 11 16 7 10 7 9 7 12 13 15 11 11 15 11 14 5 7 17 16
-78.84604597000009
cd-49N5-a
C H Cd H H C H C H H C H H H N Cd
0 0 0 0 1 2 3 3 4 5 5 5 6 7 7 7 7 8 9 10 10 10 10 11 12 13 14 14 14 15
1 3 4 5 0 3 0 2 0 0 6 14 5 8 9 10 14 7 7 7 11 12 13 10 10 10 5 7 15 14
-77.800366
ir-25N1-a
Ir C H H H Ir C H Ir Ir N H Ir
0 1 1 1 1 1 2 2 3 4 5 5 5 5 6 6 6 6 6 6 7 7 8 8 8 9 9 9 10 10 10 10 10 10 11 11 11 12
2 2 3 4 5 6 0 1 1 1 1 6 7 10 1 5 7 8 9 10 5 6 6 10 11 6 10 11 5 6 8 9 11 12 8 9 10 10
-45.90063944999997
cd-49N7-a
C H H H Cd C H H C H C H H H N Cd
0 0 0 0 1 2 3 4 5 5 5 5 6 6 7 8 8 8 9 10 10 10 10 11 12 13 14 14 14 15
1 2 3 5 0 0 0 6 0 6 7 8 4 5 5 5 9 14 8 11 12 13 14 10 10 10 8 10 15 14
-77.80919488
au-49Na-a
C H Au H H C H H H Au C H H H C N Au
0 0 0 0 1 2 3 3 4 5 5 5 5 6 7 8 9 10 10 10 10 11 11 12 13 14 14 14 15 15 15 16
1 3 4 14 0 3 0 2 0 6 7 8 14 5 5 5 11 11 12 13 15 9 10 10 10 0 5 15 10 14 16 15
-78.06351052000002
