au-44S1-b
C H C H C H C H S
0 0 0 1 2 2 2 3 4 4 4 5 6 6 6 7 8 8
1 2 4 0 0 3 8 2 0 5 6 4 4 7 8 6 2 6
-54.76280166000001
pd-55N1-b
C H C H Pd C H C H C H Pd Pd N Pd
0 0 0 0 0 1 2 2 2 2 2 3 4 4 4 4 5 5 5 5 5 5 6 6 7 7 7 7 7 8 9 9 9 9 9 10 11 11 11 11 12 12 12 13 13 13 13 13 14 14 14 14
1 2 11 12 13 0 0 3 4 5 11 2 2 5 6 7 2 4 6 7 11 14 4 5 4 5 8 9 14 7 7 10 12 13 14 9 0 2 5 13 0 9 13 0 9 11 12 14 5 7 9 13
-73.28364045999999
ir-66S1-b
S H C H C H C H C H C H Ir Ir Ir C Ir Ir Ir
0 0 0 0 0 1 2 2 2 2 2 2 3 4 4 4 4 4 4 5 6 6 6 6 6 7 8 8 8 8 9 10 10 10 10 10 11 12 12 12 13 13 13 13 13 14 14 15 15 15 15 16 17 17 17 18
1 13 14 15 18 0 3 8 12 13 14 15 2 5 6 13 15 16 17 4 4 7 10 13 17 6 2 9 10 12 8 6 8 11 12 17 10 2 8 10 0 2 4 6 15 0 2 0 2 4 13 4 4 6 10 0
-82.16610844999997
ir-7801-b
Ir Ir Ir C C H C C H Ir C H C H C H H H H
0 0 0 0 1 1 1 2 2 2 2 3 3 3 3 3 4 4 4 4 4 5 6 6 6 6 6 6 7 7 7 7 7 8 9 9 9 10 10 10 10 10 10 11 12 12 12 12 12 13 14 14 14 14 15 16 17 18
3 6 7 10 3 4 6 4 6 10 12 0 1 6 7 8 1 2 6 12 15 6 0 1 2 3 4 5 0 3 9 10 11 3 7 10 12 0 2 7 9 12 13 7 2 4 9 10 14 10 12 16 17 18 4 14 14 14
-94.82768202999995
ag-55N1-b
C H C H C H C H C H N
0 0 0 1 2 2 2 3 4 4 4 5 6 6 6 7 8 8 8 9 10 10
1 2 10 0 0 3 4 2 2 5 6 4 4 7 8 6 6 9 10 8 0 8
-71.71510308
ni-7801-a
Ni Ni C C H C Ni C H Ni C H Ni C H C Ni H H H H
0 0 0 1 1 1 1 2 2 2 2 2 2 3 3 3 3 3 3 4 5 5 5 5 5 6 7 7 7 7 7 8 9 9 9 10 10 10 10 10 10 11 12 12 12 13 13 13 13 14 14 15 15 15 15 16 17 18 19 20
2 3 5 2 5 7 10 0 1 5 6 7 8 0 5 12 13 16 17 5 0 1 2 3 4 2 1 2 9 10 11 2 7 10 14 1 7 9 12 13 14 7 3 10 13 3 10 12 15 9 10 13 18 19 20 3 3 15 15 15
-94.65692632999998
os-66S1-a
S H C H C H C H C H C H Os Os Os C Os Os Os Os
0 0 0 0 1 2 2 2 2 2 2 3 4 4 4 4 4 4 5 6 6 6 6 7 8 8 8 8 9 10 10 10 10 10 10 11 12 12 12 13 14 14 14 14 15 15 15 15 16 17 17 17 18 19
1 14 15 19 0 3 8 12 13 14 15 2 5 6 14 15 16 17 4 4 7 10 17 6 2 9 10 12 8 6 8 11 12 17 18 10 2 8 10 2 0 2 4 15 0 2 4 14 4 4 6 10 10 0
-82.54825917000005
pd-8a02-b
C H H H C H H H C H C H C H C H Pd Pd C Pd Pd C
0 0 0 0 1 2 3 4 4 4 4 5 6 7 8 8 8 8 8 9 10 10 10 10 10 11 12 12 12 12 12 13 14 14 14 14 14 14 15 16 16 16 17 17 17 18 18 18 18 19 19 19 19 20 21 21 21 21
1 2 3 18 0 0 0 5 6 7 21 4 4 4 9 17 18 19 21 8 11 12 16 17 18 10 10 13 14 16 19 12 12 15 16 19 20 21 14 10 12 14 8 10 18 0 8 10 17 8 12 14 21 14 4 8 14 19
-111.48985461000004
pd-5601-a
C H Pd H C H C H Pd C H C H Pd Pd Pd
0 0 0 0 0 1 2 3 3 4 4 4 4 5 6 6 6 6 6 6 7 8 8 8 8 9 9 9 9 9 9 10 10 11 11 11 11 11 12 13 13 13 14 15 15 15
1 3 4 11 15 0 3 0 2 0 5 6 13 4 4 7 8 9 13 14 6 6 9 10 11 6 8 10 11 13 15 8 9 0 8 9 12 15 11 4 6 9 6 0 9 11
-68.26367459000002
pt-55N1-b
C H C H C H C H C H Pt Pt N Pt
0 0 0 0 1 2 2 2 2 2 3 4 4 4 4 4 5 6 6 6 6 7 8 8 8 8 9 10 10 10 11 11 12 12 12 13 13 13
1 2 10 12 0 0 3 4 10 11 2 2 5 6 11 13 4 4 7 8 13 6 6 9 12 13 8 0 2 12 2 4 0 8 10 4 6 8
-72.52135576
cu-5601-b
C H Cu H C H C H C H C H Cu Cu Cu
0 0 0 0 0 1 2 2 3 3 4 4 4 4 5 6 6 6 6 6 7 8 8 8 8 8 9 10 10 10 10 11 12 12 13 13 14 14
1 2 3 4 10 0 0 3 0 2 0 5 6 12 4 4 7 8 12 13 6 6 9 10 13 14 8 0 8 11 14 10 4 6 6 8 8 10
-66.91495670999998
au-6611-b
C H C H C H C H C H O H C
0 0 0 1 2 2 2 3 4 4 4 5 6 6 6 7 8 8 8 9 10 10 11 12 12 12
1 2 8 0 0 3 6 2 5 6 12 4 2 4 7 6 0 9 12 8 11 12 10 4 8 10
-83.40050466
ru-55N1-b
C H C H C H C H Ru C H Ru Ru Ru Ru N Ru
0 0 0 0 0 0 1 2 2 2 2 2 3 4 4 4 4 4 4 5 6 6 6 6 7 8 8 9 9 9 9 9 9 10 10 11 11 11 12 12 12 12 13 14 14 14 15 15 15 16
1 2 11 13 14 15 0 0 3 4 11 12 2 2 5 6 11 12 16 4 4 7 9 12 6 9 10 6 8 10 12 14 15 8 9 0 2 4 2 4 6 9 0 0 9 15 0 9 14 4
-73.28585079999999
zn-6601-a
C C H C C H C H C H H H
0 0 0 1 1 1 2 3 3 3 4 4 4 5 6 6 6 7 8 8 8 9 10 11
3 4 5 3 8 11 3 0 1 2 0 6 7 0 4 8 9 4 1 6 10 6 8 1
-76.41074334000001
pt-6611-b
C H C H C H C H C H O H Pt Pt Pt C Pt
0 0 0 0 0 0 1 2 2 2 2 2 3 4 4 4 4 4 4 5 6 6 6 6 6 7 8 8 8 8 8 9 10 10 11 12 12 12 12 13 13 13 14 14 14 14 15 15 15 15 15 16 16 16
1 2 8 12 13 14 0 0 3 6 13 14 2 5 6 12 14 15 16 4 2 4 7 14 16 6 0 9 12 13 15 8 11 15 10 0 4 8 15 0 2 8 0 2 4 6 4 8 10 12 16 4 6 15
-84.75377299000002
rh-67N1-a
N H H C H C H C H C H C H Rh Rh Rh C Rh Rh Rh
0 0 0 0 0 1 2 3 3 3 3 3 3 4 5 5 5 5 5 5 6 7 7 7 7 8 9 9 9 9 9 9 10 11 11 11 11 11 12 13 13 14 14 14 15 15 15 15 15 16 16 16 16 16 16 17 17 18 18 19 19 19
1 2 15 16 17 0 0 4 9 13 14 15 16 3 6 7 15 16 18 19 5 5 8 11 19 7 3 10 11 13 14 15 9 7 9 12 14 19 11 3 9 3 9 11 0 3 5 9 16 0 3 5 15 17 18 0 16 5 16 5 7 11
-90.53849962999999
pt-6601-b
Pt Pt Pt C C H C C H Pt Pt C H C H Pt H H
0 0 0 1 2 2 2 3 3 3 3 4 4 4 4 5 6 6 6 6 6 6 7 7 7 7 7 7 8 9 10 10 10 11 11 11 11 12 13 13 13 13 13 13 14 15 16 17
4 6 13 6 3 6 7 2 6 7 8 0 6 13 17 6 0 1 2 3 4 5 2 3 9 10 11 12 3 7 7 11 13 7 10 13 14 7 0 4 10 11 15 16 11 13 13 4
-77.14407409
cd-55N1-b
C H C H C H C H C H N
0 0 0 1 2 2 2 3 4 4 4 5 6 6 6 7 8 8 8 9 10 10
1 2 10 0 0 3 4 2 2 5 6 4 4 7 8 6 6 9 10 8 0 8
-71.58381082
zn-4411-a
C H C H C H C H O
0 0 0 1 2 2 2 3 4 4 4 5 6 6 6 7 8 8
1 2 4 0 0 3 8 2 0 5 6 4 4 7 8 6 2 6
-56.78240681
ir-6601-b
Ir Ir Ir C C H C C H Ir Ir C H C H Ir H H
0 0 0 1 1 2 2 2 3 3 3 3 4 4 4 4 5 5 6 6 6 6 6 6 7 7 7 7 7 7 8 9 9 10 10 10 11 11 11 11 12 12 13 13 13 13 13 13 14 15 15 16 16 17
4 6 13 5 6 3 6 7 2 6 7 8 0 6 13 17 1 6 0 1 2 3 4 5 2 3 9 10 11 12 3 7 12 7 11 13 7 10 13 14 7 9 0 4 10 11 15 16 11 13 16 13 15 4
-77.21852629
pt-4411-a
C H C H C H C H Pt Pt Pt Pt O
0 0 0 0 0 1 2 2 2 2 2 2 3 4 4 4 4 4 5 6 6 6 6 6 6 7 8 8 9 9 9 9 10 10 11 11 11 12 12 12
1 2 4 8 9 0 0 3 8 9 11 12 2 0 5 6 9 10 4 4 7 9 10 11 12 6 0 2 0 2 4 6 4 6 2 6 12 2 6 11
-57.56647662
ir-55N1-b
C H C H C H C H C H Ir Ir N Ir
0 0 0 0 1 2 2 2 2 2 3 4 4 4 4 4 5 6 6 6 6 7 8 8 8 8 9 10 10 10 11 11 12 12 12 13 13 13
1 2 10 12 0 0 3 4 10 11 2 2 5 6 11 13 4 4 7 8 13 6 6 9 12 13 8 0 2 12 2 4 0 8 10 4 6 8
-72.58648876999996
ir-4411-b
C H C H C H C H Ir Ir Ir Ir O
0 0 0 0 0 0 1 2 2 2 2 2 3 4 4 4 4 4 4 5 6 6 6 6 7 8 8 8 9 9 9 10 10 10 11 12 12 12
1 2 4 8 9 10 0 0 3 8 9 12 2 0 5 6 8 10 11 4 4 7 10 12 6 0 2 4 0 2 12 0 4 6 4 2 6 9
-58.16971239999998
ir-45N1-a
C H C H C H N H C H Ir Ir Ir
0 0 0 0 0 1 2 2 2 2 2 3 4 4 4 4 4 5 6 6 6 6 6 7 8 8 8 8 8 9 10 10 10 11 11 11 11 12 12 12
1 2 4 10 11 0 0 3 8 11 12 2 0 5 6 10 11 4 4 7 8 10 12 6 2 6 9 11 12 8 0 4 6 0 2 4 8 2 6 8
-64.00228274
pd-6601-a
C C H C C H C H C H H H
0 0 0 1 1 1 2 3 3 3 4 4 4 5 6 6 6 7 8 8 8 9 10 11
3 4 5 3 8 11 3 0 1 2 0 6 7 0 4 8 9 4 1 6 10 6 8 1
-76.78711648999999
pt-5601-b
C H H C H C H C H C H Pt Pt Pt
0 0 0 0 0 1 2 3 3 3 3 3 4 5 5 5 5 5 5 6 7 7 7 7 7 8 9 9 9 9 10 11 11 11 12 12 12 13 13 13
1 2 3 9 12 0 0 0 4 5 11 12 3 3 6 7 11 12 13 5 5 8 9 11 13 7 0 7 10 13 9 3 5 7 0 3 5 5 7 9
-68.39239544999998
zn-55N1-a
C H C H C H C H C H N Zn
0 0 0 1 2 2 2 3 4 4 4 5 6 6 6 7 8 8 8 9 10 10 10 11
1 2 10 0 0 3 4 2 2 5 6 4 4 7 8 6 6 9 10 8 0 8 11 10
-71.85138900999999
ag-44S1-b
C H C H C H C H S Ag
0 0 0 1 2 2 2 3 4 4 4 5 6 6 6 7 8 8 8 9
1 2 4 0 0 3 8 2 0 5 6 4 4 7 8 6 2 6 9 8
-54.727886470000016
ru-5601-a
C H Ru H C H C H C H C H Ru Ru Ru
0 0 0 0 0 0 1 2 2 2 2 3 3 4 4 4 4 4 5 6 6 6 6 6 7 8 8 8 8 8 8 9 10 10 10 10 10 11 12 12 12 13 13 14 14 14
1 2 3 4 10 14 0 0 3 4 10 0 2 0 2 5 6 12 4 4 7 8 12 13 6 6 9 10 12 13 14 8 0 2 8 11 14 10 4 6 8 6 8 0 8 10
-68.31215699
ru-45N1-b
C H Ru C H C H N H C H Ru Ru Ru
0 0 0 0 1 2 2 3 3 3 3 3 3 4 4 5 5 5 5 5 6 7 7 7 7 7 8 9 9 9 9 10 11 11 11 12 12 12 13 13
1 3 5 11 0 3 4 0 2 4 9 11 12 2 3 0 6 7 11 13 5 5 8 9 12 13 7 3 7 10 12 9 0 3 5 3 7 9 5 7
-63.721416980000015
pt-44S1-b
C H C H C H C H Pt Pt Pt S Pt
0 0 0 0 0 0 1 2 2 2 2 3 4 4 4 4 4 5 6 6 6 6 7 8 8 9 9 9 10 10 10 10 11 11 11 11 11 12
1 2 4 8 9 10 0 0 3 9 11 2 0 5 6 8 10 4 4 7 10 11 6 0 4 0 2 11 0 4 6 11 2 6 9 10 12 11
-56.407385490000024
ru-44S1-b
C H C H C H C H Ru Ru Ru Ru Ru S Ru
0 0 0 0 0 0 1 2 2 2 2 2 2 3 4 4 4 4 4 4 5 6 6 6 6 7 8 8 8 9 9 9 10 10 10 10 11 12 13 13 13 13 13 14
1 2 4 8 9 10 0 0 3 8 9 12 13 2 0 5 6 8 10 11 4 4 7 10 13 6 0 2 4 0 2 13 0 4 6 13 4 2 2 6 9 10 14 13
-56.4248662
cd-4411-a
C H C H C H C H O
0 0 0 1 2 2 2 3 4 4 4 5 6 6 6 7 8 8
1 2 4 0 0 3 8 2 0 5 6 4 4 7 8 6 2 6
-56.745753439999994
au-4411-a
C H C H C H C H O
0 0 0 1 2 2 2 3 4 4 4 5 6 6 6 7 8 8
1 2 4 0 0 3 8 2 0 5 6 4 4 7 8 6 2 6
-56.92080585000002
ru-66S1-b
S H C H C H C H C H C H Ru Ru Ru C Ru Ru Ru Ru
0 0 0 0 0 1 2 2 2 2 2 2 3 4 4 4 4 4 4 5 6 6 6 6 6 6 7 8 8 8 8 9 10 10 10 10 10 10 11 12 12 12 13 13 13 13 13 14 14 14 15 15 15 15 15 16 16 17 17 17 18 19
1 13 14 15 19 0 3 8 12 13 14 15 2 5 6 13 15 16 17 4 4 7 10 13 16 17 6 2 9 10 12 8 6 8 11 12 17 18 10 2 8 10 0 2 4 6 15 0 2 15 0 2 4 13 14 4 6 4 6 10 10 0
-82.63935132
au-6601-b
C C H C C H C H C H H H
0 0 0 1 1 1 2 3 3 3 4 4 4 5 6 6 6 7 8 8 8 9 10 11
3 4 5 3 8 11 3 0 1 2 0 6 7 0 4 8 9 4 1 6 10 6 8 1
-76.61644032000001
cd-66S1-a
S H C H C H C H C H C H C Cd
0 0 0 1 2 2 2 3 4 4 4 5 6 6 6 7 8 8 8 9 10 10 10 11 12 12 12 13
1 12 13 0 3 8 12 2 5 6 12 4 4 7 10 6 2 9 10 8 6 8 11 10 0 2 4 0
-80.36251971000002
os-8a02-b
C H H H C H H H C H C H C H C H Os Os Os C Os Os C Os
0 0 0 0 1 2 3 4 4 4 4 5 6 7 8 8 8 8 8 8 9 10 10 10 10 10 10 11 12 12 12 12 12 12 13 14 14 14 14 14 14 15 16 16 16 17 18 18 18 19 19 19 19 20 20 21 21 21 21 22 22 22 22 23
1 2 3 19 0 0 0 5 6 7 22 4 4 4 9 18 19 21 22 23 8 11 12 16 17 18 19 10 10 13 14 16 20 21 12 12 15 16 20 21 22 14 10 12 14 10 8 10 19 0 8 10 18 12 14 8 12 14 22 4 8 14 21 8
-111.59755238000002
zn-45N1-b
C H C H C H N H C H
0 0 0 1 2 2 2 3 4 4 4 5 6 6 6 7 8 8 8 9
1 2 4 0 0 3 8 2 0 5 6 4 4 7 8 6 2 6 9 8
-62.794768219999995
cu-55N1-b
C H C H C H C H Cu C H N Cu
0 0 0 1 2 2 2 3 4 4 4 5 6 6 6 7 8 9 9 9 10 10 11 11 11 12
1 2 11 0 0 3 4 2 2 5 6 4 4 7 9 6 10 6 10 11 8 9 0 9 12 11
-72.07548845
cd-44S1-a
C H C H C H C H S
0 0 0 1 2 2 2 3 4 4 4 5 6 6 6 7 8 8
1 2 4 0 0 3 8 2 0 5 6 4 4 7 8 6 2 6
-54.55533239
ag-8a03-b
C H C H C H C H C H H H C H H H Ag C C
0 0 0 0 1 2 2 2 3 4 4 4 5 6 6 6 7 8 8 8 8 9 10 11 12 12 12 12 13 14 15 16 17 17 17 18 18 18
1 2 4 16 0 0 3 17 2 0 5 6 4 4 7 18 6 9 10 11 17 8 8 8 13 14 15 18 12 12 12 0 2 8 18 6 12 17
-110.16659466000002
os-44S1-b
C H C H C H C H Os Os Os Os Os S Os
0 0 0 0 1 2 2 2 2 2 2 3 4 4 4 4 4 4 5 6 6 6 6 7 8 8 8 9 10 10 10 11 12 12 13 13 13 13 13 14
1 2 4 8 0 0 3 8 11 12 13 2 0 5 6 8 9 10 4 4 7 10 13 6 0 2 4 4 4 6 13 2 2 13 2 6 10 12 14 13
-56.372045160000084
cd-8a02-b
C H H H C H H H C H C H C H C H C C
0 0 0 0 1 2 3 4 4 4 4 5 6 7 8 8 8 9 10 10 10 11 12 12 12 13 14 14 14 15 16 16 16 17 17 17
1 2 3 16 0 0 0 5 6 7 17 4 4 4 9 16 17 8 11 12 16 10 10 13 14 12 12 15 17 14 0 8 10 4 8 14
-109.96451068000002
pd-44S1-b
Pd C H C H C H C H Pd Pd S Pd
0 0 0 1 1 1 1 1 1 2 2 3 3 3 3 4 5 5 5 5 5 6 7 7 7 7 8 9 9 9 10 10 10 10 11 11 11 11 11 12
1 2 5 0 2 3 5 9 10 0 1 1 4 9 11 3 0 1 6 7 10 5 5 8 10 11 7 1 3 11 1 5 7 11 3 7 9 10 12 11
-56.510988070000025
cu-66S1-a
S H C H C H C H C H C H C Cu
0 0 0 1 2 2 2 3 4 4 4 5 6 6 6 7 8 8 8 9 10 10 10 11 12 12 12 13
1 12 13 0 3 8 12 2 5 6 12 4 4 7 10 6 2 9 10 8 6 8 11 10 0 2 4 0
-80.77077935
zn-4411-b
C H C H C H C H O
0 0 0 1 2 2 2 3 4 4 4 5 6 6 6 7 8 8
1 2 4 0 0 3 8 2 0 5 6 4 4 7 8 6 2 6
-56.8195606
ni-44S1-b
C H C H C H C H Ni Ni Ni Ni S Ni
0 0 0 0 0 1 2 2 2 2 3 4 4 4 4 4 4 5 6 6 6 6 7 8 8 9 9 9 10 11 11 11 12 12 12 12 12 13
1 2 4 8 9 0 0 3 9 12 2 0 5 6 8 10 11 4 4 7 11 12 6 0 4 0 2 12 4 4 6 12 2 6 9 11 13 12
-56.212983329999986
ni-8a01-a
C H H H C H H H C H C H C H C H Ni Ni Ni C Ni Ni C Ni
0 0 0 0 1 2 3 4 4 4 4 5 6 7 8 8 8 8 8 9 10 10 10 10 10 10 11 12 12 12 12 12 12 13 14 14 14 14 14 14 15 16 17 17 18 18 18 19 19 19 19 20 21 21 21 21 22 22 22 22 23 23
1 2 3 19 0 0 0 5 6 7 22 4 4 4 9 14 21 22 23 8 11 12 16 17 18 19 10 10 13 17 20 21 22 12 8 15 18 19 21 23 14 10 10 12 10 14 19 0 10 14 18 12 8 12 14 22 4 8 12 21 8 14
-111.31726771000001
cd-8a03-a
C H C H C H C H C H H H C H H H C C
0 0 0 1 2 2 2 3 4 4 4 5 6 6 6 7 8 8 8 8 9 10 11 12 12 12 12 13 14 15 16 16 16 17 17 17
1 2 4 0 0 3 16 2 0 5 6 4 4 7 17 6 9 10 11 16 8 8 8 13 14 15 17 12 12 12 2 8 17 6 12 16
-109.94542954000002
cd-8a01-b
C H H H C H H H C H C H C H C H C C
0 0 0 0 1 2 3 4 4 4 4 5 6 7 8 8 8 9 10 10 10 11 12 12 12 13 14 14 14 15 16 16 16 17 17 17
1 2 3 16 0 0 0 5 6 7 17 4 4 4 9 14 17 8 11 12 16 10 10 13 17 12 8 15 16 14 0 10 14 4 8 12
-109.93974922000001
cd-7801-a
C C H C C H C H C H C H H H H
0 0 0 1 1 1 2 3 3 3 4 4 4 5 6 6 6 7 8 8 8 9 10 10 10 10 11 12 13 14
3 4 5 3 8 11 3 0 1 2 0 6 7 0 4 8 9 4 1 6 10 6 8 12 13 14 1 10 10 10
-93.16403488
rh-6601-b
Rh Rh Rh C C H C C H Rh Rh C H C H Rh H H
0 0 0 1 1 2 2 2 3 3 3 3 4 4 4 4 5 5 6 6 6 6 6 6 7 7 7 7 7 7 8 9 9 10 10 10 11 11 11 11 12 12 13 13 13 13 13 13 14 15 15 16 16 17
4 6 13 5 6 3 6 7 2 6 7 8 0 6 13 17 1 6 0 1 2 3 4 5 2 3 9 10 11 12 3 7 12 7 11 13 7 10 13 14 7 9 0 4 10 11 15 16 11 13 16 13 15 4
-77.75026508000002
cd-8a02-a
C H H H C H H H C H C H C H C H C C
0 0 0 0 1 2 3 4 4 4 4 5 6 7 8 8 8 9 10 10 10 11 12 12 12 13 14 14 14 15 16 16 16 17 17 17
1 2 3 16 0 0 0 5 6 7 17 4 4 4 9 16 17 8 11 12 16 10 10 13 14 12 12 15 17 14 0 8 10 4 8 14
-109.92699502000002
ni-66S1-b
S H C H C H C H C H C H Ni Ni Ni C Ni Ni Ni Ni
0 0 0 0 0 1 2 2 2 2 2 2 3 4 4 4 4 4 4 5 6 6 6 6 6 7 8 8 8 8 9 10 10 10 10 10 10 11 12 12 12 13 13 13 13 14 14 15 15 15 15 16 16 17 17 17 18 19
1 13 14 15 19 0 3 8 12 13 14 15 2 5 6 13 15 16 17 4 4 7 10 16 17 6 2 9 10 12 8 6 8 11 12 17 18 10 2 8 10 0 2 4 15 0 2 0 2 4 13 4 6 4 6 10 10 0
-82.19481207000001
ag-6601-b
C C H C C H C H C H H H
0 0 0 1 1 1 2 3 3 3 4 4 4 5 6 6 6 7 8 8 8 9 10 11
3 4 5 3 8 11 3 0 1 2 0 6 7 0 4 8 9 4 1 6 10 6 8 1
-76.58352206
cu-45N1-b
C H C H C H N H C H Cu Cu
0 0 0 0 1 2 2 2 3 4 4 4 5 6 6 6 7 8 8 8 8 9 10 11
1 2 4 10 0 0 3 8 2 0 5 6 4 4 7 8 6 2 6 9 11 8 0 8
-63.039306839999995
zn-67N1-a
N H H C H C H C H C H C H C Zn
0 0 0 0 1 2 3 3 3 4 5 5 5 6 7 7 7 8 9 9 9 10 11 11 11 12 13 13 13 14
1 2 13 14 0 0 4 9 13 3 6 7 13 5 5 8 11 7 3 10 11 9 7 9 12 11 0 3 5 0
-88.84415845999999
rh-66S1-a
S H C H C H C H C H C H Rh Rh Rh C Rh Rh Rh
0 0 0 0 0 1 2 2 2 2 2 2 3 4 4 4 4 4 4 5 6 6 6 6 6 7 8 8 8 8 8 8 9 10 10 10 10 10 11 12 12 13 13 13 13 14 14 14 14 14 15 15 15 15 15 16 16 16 17 17 17 18
1 14 15 16 18 0 3 8 12 13 14 15 2 5 6 14 15 16 17 4 4 7 10 13 17 6 2 9 10 12 13 14 8 6 8 11 13 17 10 2 8 2 6 8 10 0 2 4 8 15 0 2 4 14 16 0 4 15 4 6 10 0
-82.71021768000003
pt-7801-b
Pt Pt Pt C C H C C H Pt C H C H C H H H H
0 0 0 0 1 1 1 2 2 2 2 3 3 3 3 3 4 4 4 4 4 5 6 6 6 6 6 6 7 7 7 7 7 8 9 9 9 10 10 10 10 10 10 11 12 12 12 12 12 13 14 14 14 14 15 16 17 18
3 6 7 10 3 4 6 4 6 10 12 0 1 6 7 8 1 2 6 12 15 6 0 1 2 3 4 5 0 3 9 10 11 3 7 10 12 0 2 7 9 12 13 7 2 4 9 10 14 10 12 16 17 18 4 14 14 14
-94.74972888000002
ir-44S1-b
C H C H C H C H Ir Ir Ir Ir Ir S Ir
0 0 0 0 0 0 1 2 2 2 2 2 2 3 4 4 4 4 4 4 5 6 6 6 6 7 8 8 8 9 9 9 10 10 10 10 11 12 13 13 13 13 13 14
1 2 4 8 9 10 0 0 3 8 9 12 13 2 0 5 6 8 10 11 4 4 7 10 13 6 0 2 4 0 2 13 0 4 6 13 4 2 2 6 9 10 14 13
-56.110643839999966
ni-6611-b
C H C H C H C H C H O H Ni Ni Ni Ni C Ni Ni
0 0 0 0 0 1 2 2 2 2 2 2 3 4 4 4 4 4 4 5 6 6 6 6 6 7 8 8 8 8 8 8 9 10 10 11 12 12 12 13 13 14 15 15 15 16 16 16 16 17 17 18 18 18
1 2 8 12 13 0 0 3 6 12 13 18 2 5 6 15 16 17 18 4 2 4 7 17 18 6 0 9 12 14 15 16 8 11 16 10 0 2 8 0 2 8 4 8 16 4 8 10 15 4 6 2 4 6
-84.59845783999998
ir-8a03-a
C H C H C H C H C H H H C H H H Ir Ir Ir C C
0 0 0 0 0 1 2 2 2 2 2 3 4 4 4 4 4 5 6 6 6 6 6 7 8 8 8 8 9 10 11 12 12 12 12 13 14 15 16 16 16 17 17 17 18 18 18 18 19 19 19 19 20 20 20 20
1 2 4 16 17 0 0 3 16 18 19 2 0 5 6 16 17 4 4 7 17 18 20 6 9 10 11 19 8 8 8 13 14 15 20 12 12 12 0 2 4 0 4 6 2 6 19 20 2 8 18 20 6 12 18 19
-111.38888741999995
pd-45N1-a
C H Pd C H C H N H C H Pd Pd
0 0 0 0 0 1 2 2 2 2 3 3 3 3 3 3 4 4 5 5 5 5 6 7 7 7 7 8 9 9 9 9 9 10 11 11 11 12 12 12
1 2 3 5 11 0 0 3 4 9 0 2 4 9 11 12 2 3 0 6 7 11 5 5 8 9 12 7 2 3 7 10 12 9 0 3 5 3 7 9
-64.05414096000001
ni-7801-b
Ni Ni C C H C Ni C H Ni C H Ni C H C Ni H H H H
0 0 0 0 1 1 1 2 2 2 2 2 2 3 3 3 3 3 3 4 5 5 5 5 5 6 7 7 7 7 7 8 9 9 9 10 10 10 10 10 10 11 12 12 12 13 13 13 13 14 14 15 15 15 15 16 17 18 19 20
2 5 7 10 2 3 5 0 1 5 6 7 8 1 5 12 13 16 17 5 0 1 2 3 4 2 0 2 9 10 11 2 7 10 14 0 7 9 12 13 14 7 3 10 13 3 10 12 15 9 10 13 18 19 20 3 3 15 15 15
-94.65359505999999
pd-8a02-a
C H H H C H H H C H C H C H C H Pd Pd C Pd C
0 0 0 0 1 2 3 4 4 4 4 5 6 7 8 8 8 8 8 9 10 10 10 10 10 11 12 12 12 12 12 13 14 14 14 14 14 15 16 16 16 17 17 17 18 18 18 18 19 19 19 19 20 20 20 20
1 2 3 18 0 0 0 5 6 7 20 4 4 4 9 17 18 19 20 8 11 12 16 17 18 10 10 13 14 16 19 12 12 15 16 19 20 14 10 12 14 8 10 18 0 8 10 17 8 12 14 20 4 8 14 19
-111.49032147
rh-45N1-b
Rh C H C H C H N H C H Rh Rh Rh
0 0 0 0 1 1 1 1 1 1 2 2 3 3 3 3 3 3 4 5 5 5 5 5 6 7 7 7 7 8 9 9 9 9 10 11 11 11 12 12 12 13
1 2 3 5 0 2 3 5 11 12 0 1 0 1 4 9 12 13 3 0 1 6 7 11 5 5 8 9 11 7 3 7 10 12 9 1 5 7 1 3 9 3
-63.946255640000004
cd-5601-a
C H H C H C H C H C H
0 0 0 0 1 2 3 3 3 4 5 5 5 6 7 7 7 8 9 9 9 10
1 2 3 9 0 0 0 4 5 3 3 6 7 5 5 8 9 7 0 7 10 9
-66.48251089000001
os-5601-b
C H H C H C H Os C H C H Os Os Os
0 0 0 0 0 1 2 3 3 3 3 4 5 5 5 5 5 6 7 7 8 8 8 8 8 8 9 9 10 10 10 10 11 12 12 12 13 13 14 14
1 2 3 10 12 0 0 0 4 5 12 3 3 6 8 12 13 5 8 9 5 7 9 10 13 14 7 8 0 8 11 14 10 0 3 5 5 8 8 10
-68.49868612
pt-44S1-a
C H C H C H C H Pt Pt Pt S Pt
0 0 0 0 0 1 2 2 2 2 3 4 4 4 4 4 4 5 6 6 6 6 7 8 8 9 9 9 9 10 10 10 11 11 11 11 11 12
1 2 4 8 9 0 0 3 9 11 2 0 5 6 8 9 10 4 4 7 10 11 6 0 4 0 2 4 11 4 6 11 2 6 9 10 12 11
-56.430865159999996
au-44S1-a
C H C H C H C H S
0 0 0 1 2 2 2 3 4 4 4 5 6 6 6 7 8 8
1 2 4 0 0 3 8 2 0 5 6 4 4 7 8 6 2 6
-54.75984385000001
ru-7801-b
Ru C C H C Ru Ru C H C H Ru Ru C H C Ru H H H H
0 0 0 1 1 1 1 1 1 2 2 2 2 2 2 3 4 4 4 4 5 5 5 6 6 7 7 7 7 8 8 9 9 9 9 9 9 10 11 11 12 12 12 13 13 13 13 14 14 15 15 15 15 16 16 17 17 18 19 20
1 2 4 0 4 5 6 7 8 0 4 12 13 16 17 4 0 1 2 3 1 7 9 1 8 1 5 9 10 1 6 5 7 11 12 13 14 7 9 14 2 9 13 2 9 12 15 9 11 13 18 19 20 2 17 2 16 15 15 15
-95.01399915999997
ni-4411-a
C H C H C H C H Ni Ni Ni Ni Ni Ni O
0 0 0 0 0 0 1 2 2 2 2 2 2 3 4 4 4 4 4 4 5 6 6 6 6 6 6 7 8 9 9 10 10 10 10 11 12 12 13 13 13 14 14 14
1 2 4 8 9 10 0 0 3 9 10 13 14 2 0 5 6 10 11 12 4 4 7 10 12 13 14 6 0 0 2 0 2 4 6 4 4 6 2 6 14 2 6 13
-57.69212485999998
cd-8a03-b
C H C H C H C H C H H H C H H H C C
0 0 0 1 2 2 2 3 4 4 4 5 6 6 6 7 8 8 8 8 9 10 11 12 12 12 12 13 14 15 16 16 16 17 17 17
1 2 4 0 0 3 16 2 0 5 6 4 4 7 17 6 9 10 11 16 8 8 8 13 14 15 17 12 12 12 2 8 17 6 12 16
-109.97280947000002
zn-67N1-b
N H H C H C H C H C H C H C
0 0 0 1 2 3 3 3 4 5 5 5 6 7 7 7 8 9 9 9 10 11 11 11 12 13 13 13
1 2 13 0 0 4 9 13 3 6 7 13 5 5 8 11 7 3 10 11 9 7 9 12 11 0 3 5
-88.80870375
ru-6601-b
Ru Ru Ru C C H C C H Ru Ru C H C H Ru H H
0 0 0 1 1 2 2 2 3 3 3 3 4 4 4 4 5 5 6 6 6 6 6 6 7 7 7 7 7 7 8 9 9 10 10 10 11 11 11 11 12 12 13 13 13 13 13 13 14 15 15 16 16 17
4 6 13 5 6 3 6 7 2 6 7 8 0 6 13 17 1 6 0 1 2 3 4 5 2 3 9 10 11 12 3 7 12 7 11 13 7 10 13 14 7 9 0 4 10 11 15 16 11 13 16 13 15 4
-78.04982741000003
cu-6611-a
C H C H C H C H C H O H C
0 0 0 1 2 2 2 3 4 4 4 5 6 6 6 7 8 8 8 9 10 10 11 12 12 12
1 2 8 0 0 3 6 2 5 6 12 4 2 4 7 6 0 9 12 8 11 12 10 4 8 10
-83.45144593999999
cd-66S1-b
S H C H C H C H C H C H C
0 0 1 2 2 2 3 4 4 4 5 6 6 6 7 8 8 8 9 10 10 10 11 12 12 12
1 12 0 3 8 12 2 5 6 12 4 4 7 10 6 2 9 10 8 6 8 11 10 0 2 4
-80.37375542999999
zn-7801-b
C C H C C H C H C H C H H H H
0 0 0 1 1 1 2 3 3 3 4 4 4 5 6 6 6 7 8 8 8 9 10 10 10 10 11 12 13 14
3 4 5 3 8 11 3 0 1 2 0 6 7 0 4 8 9 4 1 6 10 6 8 12 13 14 1 10 10 10
-93.22586081
os-8a03-b
C H C H C H C H C H H H Os C H H H Os Os Os C Os C
0 0 0 0 0 1 2 2 2 2 2 3 4 4 4 4 4 4 5 6 6 6 6 6 7 8 8 8 8 9 10 11 12 13 13 13 13 14 14 15 16 17 17 17 17 18 18 18 19 19 19 20 20 20 20 20 20 21 21 21 21 22 22 22 22 22
1 2 4 17 18 0 0 3 17 19 20 2 0 5 6 17 18 21 4 4 7 18 21 22 6 9 10 11 20 8 8 8 14 14 15 16 22 12 13 13 13 0 2 4 20 0 4 6 2 20 22 2 8 17 19 21 22 4 6 20 22 6 13 19 20 21
-111.60619584000005
ni-8a02-a
C H H H C H H H C H C H C H C H Ni Ni Ni C Ni Ni C Ni
0 0 0 0 1 2 3 4 4 4 4 5 6 7 8 8 8 8 8 8 9 10 10 10 10 10 10 11 12 12 12 12 12 13 14 14 14 14 14 14 15 16 16 16 17 18 18 18 19 19 19 19 20 20 21 21 21 22 22 22 22 23
1 2 3 19 0 0 0 5 6 7 22 4 4 4 9 18 19 21 22 23 8 11 12 16 17 18 19 10 10 13 14 16 20 12 12 15 16 20 21 22 14 10 12 14 10 8 10 19 0 8 10 18 12 14 8 14 22 4 8 14 21 8
-111.3224985
rh-44S1-a
C H C H Rh C H C H Rh Rh S Rh
0 0 0 0 0 1 2 2 2 2 3 4 4 4 5 5 5 5 5 5 6 6 7 7 7 7 8 9 9 9 9 10 10 10 11 11 11 11 11 12
1 2 4 5 9 0 0 3 9 11 2 0 5 6 0 4 6 7 9 10 4 5 5 8 10 11 7 0 2 5 11 5 7 11 2 7 9 10 12 11
-56.63950341000003
cu-67N1-a
N H H C H C H C H C H C H C Cu
0 0 0 0 1 2 3 3 3 4 5 5 5 6 7 7 7 8 9 9 9 10 11 11 11 12 13 13 13 14
1 2 13 14 0 0 4 9 13 3 6 7 13 5 5 8 11 7 3 10 11 9 7 9 12 11 0 3 5 0
-89.10155665999997
ir-5601-a
C H H C H C H C H C H Ir Ir Ir Ir
0 0 0 0 0 1 2 3 3 3 3 4 5 5 5 5 5 5 6 7 7 7 7 7 7 8 9 9 9 9 9 10 11 11 11 12 13 13 13 14 14 14
1 2 3 9 14 0 0 0 4 5 11 3 3 6 7 11 12 13 5 5 8 9 11 13 14 7 0 7 10 13 14 9 3 5 7 5 5 7 9 0 7 9
-68.39018972999997
ir-44S1-a
C H C H C H C H Ir Ir Ir S Ir
0 0 0 0 0 1 2 2 2 2 3 4 4 4 4 4 4 5 6 6 6 6 7 8 8 9 9 9 9 10 10 10 11 11 11 11 11 12
1 2 4 8 9 0 0 3 9 11 2 0 5 6 8 9 10 4 4 7 10 11 6 0 4 0 2 4 11 4 6 11 2 6 9 10 12 11
-56.50053983999999
cu-44S1-b
C H C H C H C H S Cu Cu
0 0 0 1 2 2 2 3 4 4 4 5 6 6 6 6 7 8 8 8 9 10
1 2 4 0 0 3 8 2 0 5 6 4 4 7 8 9 6 2 6 10 6 8
-54.85562995999999
rh-55N1-a
Rh C H Rh C H Rh C H Rh C H Rh C H Rh N Rh
0 0 0 1 1 1 1 1 1 2 2 3 3 3 3 4 4 4 4 4 5 5 6 6 6 7 7 7 7 7 7 8 8 9 9 9 10 10 10 10 10 10 11 11 12 12 13 13 13 13 13 13 14 14 15 15 15 15 15 15 16 16 16 16 16 17
1 2 16 0 2 3 4 15 16 0 1 1 4 5 7 1 3 5 7 15 3 4 7 8 10 3 4 6 8 10 15 6 7 10 11 13 6 7 9 11 13 15 9 10 13 14 9 10 12 14 15 16 12 13 1 4 7 10 13 16 0 1 13 15 17 16
-72.27581422999998
rh-6601-a
Rh Rh Rh C C H C Rh C H Rh C H Rh C H Rh H H
0 0 1 1 1 1 1 1 2 2 3 3 3 3 3 3 4 4 4 4 4 4 5 6 6 6 6 6 6 7 7 8 8 8 8 8 8 9 10 10 11 11 11 11 11 11 12 13 13 14 14 14 14 14 14 15 16 16 17 18
4 6 3 4 6 8 11 14 3 6 1 2 6 7 8 9 0 1 6 14 16 18 6 0 1 2 3 4 5 3 8 1 3 7 10 11 12 3 8 11 1 8 10 13 14 15 8 11 14 1 4 11 13 16 17 11 4 14 14 4
-75.92004316999999
au-66S1-b
S H C H C H C H C H C H C Au
0 0 0 1 2 2 2 3 4 4 4 5 6 6 6 7 8 8 8 9 10 10 10 11 12 12 12 13
1 12 13 0 3 8 12 2 5 6 12 4 4 7 10 6 2 9 10 8 6 8 11 10 0 2 4 0
-80.71319642
ni-45N1-b
C H C H C H N H C H Ni Ni Ni Ni
0 0 0 0 0 0 1 2 2 2 2 2 2 3 4 4 4 4 5 6 6 6 6 7 8 8 8 8 9 10 10 10 11 12 12 13 13 13
1 2 4 10 11 12 0 0 3 8 10 12 13 2 0 5 6 10 4 4 7 8 13 6 2 6 9 13 8 0 2 4 0 0 2 2 6 8
-63.63699329999997
ru-8a03-b
C H C H C H C H C H H H C H H H Ru Ru Ru Ru Ru C C Ru
0 0 0 0 0 0 1 2 2 2 2 2 2 3 4 4 4 4 4 5 6 6 6 6 6 6 7 8 8 8 8 9 10 11 12 12 12 12 13 14 15 16 16 17 17 18 18 18 19 19 20 20 20 20 21 21 21 21 21 22 22 22 22 22 23 23
1 2 4 16 17 18 0 0 3 16 19 20 21 2 0 5 6 17 18 4 4 7 18 20 22 23 6 9 10 11 21 8 8 8 13 14 15 22 12 12 12 0 2 0 4 0 4 6 2 21 2 6 21 22 2 8 19 20 22 6 12 20 21 23 6 22
-111.62821156000001
ni-8a02-b
C H H H C H H H Ni C H C H C H C H Ni Ni Ni C Ni Ni C
0 0 0 0 1 2 3 4 4 4 4 5 6 7 8 8 9 9 9 9 9 9 10 10 11 11 11 11 11 11 12 13 13 13 13 14 15 15 15 15 15 15 16 17 18 18 18 19 19 19 20 20 20 20 21 21 21 22 23 23 23 23
1 2 3 20 0 0 0 5 6 7 23 4 4 4 9 10 8 10 18 20 21 23 8 9 12 13 17 18 19 20 11 11 14 15 19 13 13 16 19 21 22 23 15 11 9 11 20 11 13 15 0 9 11 18 9 15 23 15 4 9 15 21
-111.36089442999997
cu-8a01-a
C H H H C H H H C H C H C H C H C C
0 0 0 0 1 2 3 4 4 4 4 5 6 7 8 8 8 9 10 10 10 11 12 12 12 13 14 14 14 15 16 16 16 17 17 17
1 2 3 16 0 0 0 5 6 7 17 4 4 4 9 14 17 8 11 12 16 10 10 13 17 12 8 15 16 14 0 10 14 4 8 12
-110.14480270000001
zn-44S1-a
C H C H C H C H S
0 0 0 1 2 2 2 3 4 4 4 5 6 6 6 7 8 8
1 2 4 0 0 3 8 2 0 5 6 4 4 7 8 6 2 6
-54.60967221999999
cu-6601-a
C C H C C H C H C H H H
0 0 0 1 1 1 2 3 3 3 4 4 4 5 6 6 6 7 8 8 8 9 10 11
3 4 5 3 8 11 3 0 1 2 0 6 7 0 4 8 9 4 1 6 10 6 8 1
-76.54972219999999
cu-45N1-a
C H C H C H N H C H Cu Cu
0 0 0 0 1 2 2 2 3 4 4 4 5 6 6 6 7 8 8 8 8 9 10 11
1 2 4 10 0 0 3 8 2 0 5 6 4 4 7 8 6 2 6 9 11 8 0 8
-63.04325072999998
zn-8a03-a
C H C H C H C H C H H H C H H H C C
0 0 0 1 2 2 2 3 4 4 4 5 6 6 6 7 8 8 8 8 9 10 11 12 12 12 12 13 14 15 16 16 16 17 17 17
1 2 4 0 0 3 16 2 0 5 6 4 4 7 17 6 9 10 11 16 8 8 8 13 14 15 17 12 12 12 2 8 17 6 12 16
-110.00642309
rh-7801-b
Rh Rh Rh C C H C C H Rh C H C H C H H H H Rh
0 0 0 0 1 1 1 1 2 2 2 2 3 3 3 3 3 4 4 4 4 4 5 5 6 6 6 6 6 6 7 7 7 7 7 8 9 9 9 9 10 10 10 10 10 10 11 12 12 12 12 12 13 13 14 14 14 14 15 16 17 18 18 19
3 6 7 10 3 4 5 6 4 6 10 12 0 1 6 7 8 1 2 6 12 15 1 6 0 1 2 3 4 5 0 3 9 10 11 3 7 10 12 13 0 2 7 9 12 13 7 2 4 9 10 14 9 10 12 16 17 18 4 14 14 14 19 18
-95.02737488000002
pd-4411-a
C H Pd C H C H Pd C H Pd Pd O
0 0 0 0 0 1 2 2 2 3 3 3 3 3 3 4 4 5 5 5 5 5 6 7 7 7 8 8 8 8 8 8 9 9 10 10 10 10 11 11 11 12 12 12
1 2 3 5 10 0 0 3 4 0 2 4 10 11 12 2 3 0 6 7 8 10 5 5 8 9 5 7 9 10 11 12 7 8 0 3 5 8 3 8 12 3 8 11
-57.775888390000006
rh-6611-a
C H C H C H Rh C H Rh C H Rh O H Rh Rh C
0 0 0 0 0 1 2 2 2 2 2 3 4 4 4 4 4 5 6 6 6 6 7 7 7 7 7 7 8 8 9 9 9 9 10 10 10 10 10 10 11 11 12 13 13 14 14 15 15 15 15 16 16 16 16 17 17 17 17 17
1 2 9 10 15 0 0 3 6 7 15 2 5 6 7 16 17 4 2 4 7 8 2 4 6 8 15 16 6 7 0 10 11 17 0 9 11 15 16 17 9 10 14 14 17 12 13 0 2 7 10 4 7 10 17 4 9 10 13 16
-85.01035266000002
ag-7801-a
C C H C C H C H C H C H H H H
0 0 0 1 1 1 2 3 3 3 4 4 4 5 6 6 6 7 8 8 8 9 10 10 10 10 11 12 13 14
3 4 5 3 8 11 3 0 1 2 0 6 7 0 4 8 9 4 1 6 10 6 8 12 13 14 1 10 10 10
-93.33369375000001
rh-66S1-b
S H C H C H C H C H C H Rh Rh Rh Rh C Rh Rh
0 0 0 0 0 1 2 2 2 2 2 2 3 4 4 4 4 4 4 5 6 6 6 6 6 6 7 8 8 8 8 8 9 10 10 10 10 10 11 12 12 12 12 13 13 13 14 14 14 14 14 15 15 15 16 16 16 16 16 17 17 18
1 14 15 16 18 0 3 8 13 14 15 16 2 5 6 12 14 16 17 4 4 7 10 12 14 17 6 2 9 10 12 13 8 6 8 11 12 13 10 4 6 8 10 2 8 10 0 2 4 6 16 0 2 16 0 2 4 14 15 4 6 0
-82.64819552
os-4411-b
C H C H Os C H C H Os Os Os O
0 0 0 0 0 1 2 2 2 2 3 4 4 5 5 5 5 5 5 6 6 7 7 7 7 8 9 9 10 10 10 11 11 12 12 12
1 2 5 9 10 0 0 3 10 12 2 5 6 0 4 6 7 9 11 4 5 5 8 11 12 7 0 5 0 2 12 5 7 2 7 10
-58.140147410000054
zn-8a02-a
C H H H C H H H C H C H C H C H C C
0 0 0 0 1 2 3 4 4 4 4 5 6 7 8 8 8 9 10 10 10 11 12 12 12 13 14 14 14 15 16 16 16 17 17 17
1 2 3 16 0 0 0 5 6 7 17 4 4 4 9 16 17 8 11 12 16 10 10 13 14 12 12 15 17 14 0 8 10 4 8 14
-109.99557461999999
pt-45N1-a
C H C H C H N H C H Pt Pt Pt
0 0 0 0 0 1 2 2 2 2 2 3 4 4 4 4 5 6 6 6 6 6 7 8 8 8 8 9 10 10 10 11 11 12 12 12
1 2 4 10 11 0 0 3 8 11 12 2 0 5 6 10 4 4 7 8 10 12 6 2 6 9 12 8 0 4 6 0 2 2 6 8
-64.07045655000002
cu-66S1-b
S H C H C H C H C H C H C Cu
0 0 0 1 2 2 2 3 4 4 4 5 6 6 6 7 8 8 8 9 10 10 10 11 12 12 12 13
1 12 13 0 3 8 12 2 5 6 12 4 4 7 10 6 2 9 10 8 6 8 11 10 0 2 4 0
-80.77603539
cu-67N1-b
N H H C H C H C H C H C H Cu C Cu Cu
0 0 0 1 2 3 3 3 3 4 5 5 5 5 6 7 7 7 7 8 9 9 9 9 10 11 11 11 11 12 13 13 14 14 14 15 16 16
1 2 14 0 0 4 9 13 14 3 6 7 14 15 5 5 8 11 16 7 3 10 11 13 9 7 9 12 16 11 3 9 0 3 5 5 7 11
-89.07085689000002
pt-8a03-b
C H C H C H C H C H H H C H H H Pt Pt C C Pt
0 0 0 0 1 2 2 2 2 2 3 4 4 4 4 5 6 6 6 6 6 7 8 8 8 8 9 10 11 12 12 12 12 13 14 15 16 16 17 17 17 17 18 18 18 18 19 19 19 19 20 20
1 2 4 16 0 0 3 16 17 18 2 0 5 6 20 4 4 7 17 19 20 6 9 10 11 18 8 8 8 13 14 15 19 12 12 12 0 2 2 6 18 19 2 8 17 19 6 12 17 18 4 6
-111.15954575
au-8a02-a
C H H H C H H H C H C H C H C H C C
0 0 0 0 1 2 3 4 4 4 4 5 6 7 8 8 8 9 10 10 10 11 12 12 12 13 14 14 14 15 16 16 16 17 17 17
1 2 3 16 0 0 0 5 6 7 17 4 4 4 9 16 17 8 11 12 16 10 10 13 14 12 12 15 17 14 0 8 10 4 8 14
-110.17294808000003
ag-5601-a
C H H C H C H C H C H Ag
0 0 0 0 1 2 3 3 3 3 4 5 5 5 5 6 7 7 7 8 9 9 9 10 11 11
1 2 3 9 0 0 0 4 5 11 3 3 6 7 11 5 5 8 9 7 0 7 10 9 3 5
-66.66216014
cd-6611-a
C H C H C H C H C H O H C
0 0 0 1 2 2 2 3 4 4 4 5 6 6 6 7 8 8 8 9 10 10 11 12 12 12
1 2 8 0 0 3 6 2 5 6 12 4 2 4 7 6 0 9 12 8 11 12 10 4 8 10
-83.18059196000002
ir-5601-b
C H H C H C H Ir C H C H Ir Ir Ir
0 0 0 0 0 1 2 3 3 3 3 3 4 5 5 5 5 5 5 6 7 7 8 8 8 8 8 8 9 9 10 10 10 10 11 12 12 12 13 13 13 14 14 14
1 2 3 10 13 0 0 0 4 5 12 13 3 3 6 8 12 13 14 5 8 9 5 7 9 10 12 14 7 8 0 8 11 14 10 3 5 8 0 3 5 5 8 10
-68.41683004999999
os-7801-a
Os Os Os C C H C C H Os C H C H C H H H H Os
0 0 0 1 1 1 1 2 2 2 2 3 3 3 3 3 4 4 4 4 4 5 6 6 6 6 6 6 7 7 7 7 7 8 9 9 9 10 10 10 10 10 10 11 12 12 12 12 12 13 14 14 14 14 15 16 17 18 18 19
3 4 6 3 6 7 10 4 6 10 12 0 1 6 7 8 0 2 6 12 15 6 0 1 2 3 4 5 1 3 9 10 11 3 7 10 12 1 2 7 9 12 13 7 2 4 9 10 14 10 12 16 17 18 4 14 14 14 19 18
-94.94402887000001
pd-7801-a
Pd Pd Pd C C H C C H Pd C H C H C H H H H Pd
0 0 0 0 1 1 1 1 2 2 2 2 3 3 3 3 3 4 4 4 4 4 5 5 6 6 6 6 6 6 7 7 7 7 7 8 9 9 9 9 10 10 10 10 10 10 11 12 12 12 12 12 13 13 14 14 14 14 15 16 17 18 18 19
3 4 5 6 3 6 7 10 4 6 10 12 0 1 6 7 8 0 2 6 12 15 0 6 0 1 2 3 4 5 1 3 9 10 11 3 7 10 12 13 1 2 7 9 12 13 7 2 4 9 10 14 9 10 12 16 17 18 4 14 14 14 19 18
-94.93741553999999
os-4411-a
C H C H C H C H Os Os Os Os O
0 0 0 0 0 1 2 2 2 2 2 2 3 4 4 4 4 4 5 6 6 6 6 6 6 7 8 8 9 9 9 9 10 10 11 11 11 12 12 12
1 2 4 8 9 0 0 3 8 9 11 12 2 0 5 6 9 10 4 4 7 9 10 11 12 6 0 2 0 2 4 6 4 6 2 6 12 2 6 11
-57.96312879000004
pt-8a02-b
C H H H C H H H C H C H C H C H Pt Pt C Pt C
0 0 0 0 1 2 3 4 4 4 4 5 6 7 8 8 8 8 8 9 10 10 10 10 10 11 12 12 12 12 13 14 14 14 14 15 16 16 17 17 17 18 18 18 18 19 19 19 20 20 20 20
1 2 3 18 0 0 0 5 6 7 20 4 4 4 9 17 18 19 20 8 11 12 16 17 18 10 10 13 14 16 12 12 15 19 20 14 10 12 8 10 18 0 8 10 17 8 14 20 4 8 14 19
-111.18798579000003
au-8a01-a
C H H H C H H H C H C H C H C H C C
0 0 0 0 1 2 3 4 4 4 4 5 6 7 8 8 8 9 10 10 10 11 12 12 12 13 14 14 14 15 16 16 16 17 17 17
1 2 3 16 0 0 0 5 6 7 17 4 4 4 9 14 17 8 11 12 16 10 10 13 17 12 8 15 16 14 0 10 14 4 8 12
-110.12122274000001
os-6611-a
C H C H C H C H C H O H Os Os Os C Os Os
0 0 0 0 0 1 2 2 2 2 2 3 4 4 4 4 4 5 6 6 6 6 6 6 7 8 8 8 8 8 8 9 10 10 10 11 12 12 12 13 13 13 13 14 14 14 14 15 15 15 15 15 16 16 16 17
1 2 8 12 13 0 0 3 6 13 16 2 5 6 14 15 16 4 2 4 7 13 14 16 6 0 9 12 13 14 15 8 11 15 17 10 0 8 15 0 2 6 8 4 6 8 15 4 8 10 12 14 2 4 6 10
-84.97324973000002
ag-8a02-a
C H H H C H H H C H C H C H C H C C
0 0 0 0 1 2 3 4 4 4 4 5 6 7 8 8 8 9 10 10 10 11 12 12 12 13 14 14 14 15 16 16 16 17 17 17
1 2 3 16 0 0 0 5 6 7 17 4 4 4 9 16 17 8 11 12 16 10 10 13 14 12 12 15 17 14 0 8 10 4 8 14
-110.1253859
os-8a03-a
C H Os C H Os C H C H C H H H C H H H Os Os C C Os Os
0 0 0 0 1 2 2 3 3 3 3 3 3 4 4 5 5 6 6 6 6 6 6 7 7 8 8 8 8 9 10 10 10 10 11 12 13 14 14 14 14 14 15 16 17 18 18 18 19 19 19 20 20 20 20 21 21 21 21 21 21 22 22 22 23 23
1 3 6 18 0 3 4 0 2 4 18 19 20 2 3 6 7 0 5 7 8 18 22 5 6 6 9 21 22 8 11 12 13 20 10 10 10 15 16 17 21 23 14 14 14 0 3 6 3 20 21 3 10 19 21 8 14 19 20 22 23 6 8 21 14 21
-111.64652462000004
ni-55N1-b
C H C H C H C H C H Ni Ni Ni Ni Ni N Ni Ni Ni
0 0 0 0 0 0 1 2 2 2 2 2 2 3 4 4 4 4 4 4 5 6 6 6 6 6 6 7 8 8 8 8 8 8 9 10 10 10 10 11 12 12 12 13 14 14 14 15 15 15 15 15 16 16 16 16 17 18
1 2 10 13 14 15 0 0 3 4 10 11 12 2 2 5 6 10 12 16 4 4 7 8 12 16 17 6 6 9 14 15 16 18 8 0 2 4 15 2 2 4 6 0 0 8 15 0 8 10 14 16 4 6 8 15 6 8
-73.17315857
ir-6611-b
C H C H C H C H C H O H Ir Ir Ir C Ir Ir
0 0 0 0 0 0 1 2 2 2 2 2 3 4 4 4 4 4 4 5 6 6 6 6 6 7 8 8 8 8 8 9 10 10 10 11 12 12 12 12 13 13 13 14 14 14 14 15 15 15 15 15 16 16 16 17
1 2 8 12 13 14 0 0 3 6 13 14 2 5 6 12 14 15 16 4 2 4 7 14 16 6 0 9 12 13 15 8 11 15 17 10 0 4 8 15 0 2 8 0 2 4 6 4 8 10 12 16 4 6 15 10
-84.86129820999997
au-5601-a
C H H C H C H C H C H Au
0 0 0 0 1 2 3 3 3 3 4 5 5 5 5 6 7 7 7 8 9 9 9 10 11 11
1 2 3 9 0 0 0 4 5 11 3 3 6 7 11 5 5 8 9 7 0 7 10 9 3 5
-66.70373908000002
pd-44S1-a
C H C H Pd C H C H Pd Pd S Pd
0 0 0 0 0 1 2 2 2 2 3 4 4 4 5 5 5 5 5 5 6 6 7 7 7 7 8 9 9 9 9 10 10 10 11 11 11 11 11 12
1 2 4 5 9 0 0 3 9 11 2 0 5 6 0 4 6 7 9 10 4 5 5 8 10 11 7 0 2 5 11 5 7 11 2 7 9 10 12 11
-56.501890420000024
au-5601-b
C H H C H C H C H C H Au
0 0 0 0 1 2 3 3 3 4 5 5 5 6 7 7 7 8 9 9 9 9 10 11
1 2 3 9 0 0 0 4 5 3 3 6 7 5 5 8 9 7 0 7 10 11 9 9
-66.70035330000002
cu-55N1-a
C H C H C H C H C H N Cu
0 0 0 1 2 2 2 3 4 4 4 5 6 6 6 7 8 8 8 9 10 10 10 11
1 2 10 0 0 3 4 2 2 5 6 4 4 7 8 6 6 9 10 8 0 8 11 10
-72.10484464999999
os-55N1-b
C H C H C H C H C H Os Os Os N Os
0 0 0 0 0 1 2 2 2 2 2 3 4 4 4 4 4 4 5 6 6 6 6 6 7 8 8 8 8 8 9 10 10 10 10 11 11 11 12 12 12 13 13 13 13 13 14 14 14 14
1 2 10 12 13 0 0 3 4 10 11 2 2 5 6 10 11 14 4 4 7 8 11 14 6 6 9 12 13 14 8 0 2 4 13 2 4 6 0 8 13 0 8 10 12 14 4 6 8 13
-73.3517975100001
ni-8a03-a
C H C H C H C H C H H H C H H H Ni Ni Ni C C Ni Ni
0 0 0 0 0 1 2 2 2 2 2 2 3 4 4 4 4 4 5 6 6 6 6 6 6 7 8 8 8 8 9 10 11 12 12 12 12 13 14 15 16 16 17 17 17 17 18 18 18 19 19 19 19 20 20 20 20 20 21 21 22 22
1 2 4 16 17 0 0 3 16 17 18 19 2 0 5 6 17 22 4 4 7 17 20 21 22 6 9 10 11 19 8 8 8 13 14 15 20 12 12 12 0 2 0 2 4 6 2 19 20 2 8 18 20 6 12 18 19 21 6 20 4 6
-111.31095768
os-67N1-b
N H H C H C H C H Os C H C H Os Os C Os Os Os
0 0 0 0 1 2 3 3 3 3 4 5 5 5 5 6 7 7 7 7 7 7 8 9 9 10 10 10 10 10 10 11 11 12 12 12 12 13 14 14 14 15 15 15 16 16 16 16 16 16 17 17 17 18 18 19
1 2 16 18 0 0 4 10 15 16 3 6 7 16 17 5 5 8 12 14 17 19 7 10 11 3 9 11 12 14 15 9 10 7 10 13 14 12 7 10 12 3 10 16 0 3 5 15 17 18 5 7 16 0 16 7
-90.67027607
rh-6611-b
C H C H C H C H C H O H Rh Rh Rh Rh Rh C Rh
0 0 0 0 0 0 1 2 2 2 2 2 3 4 4 4 4 4 5 6 6 6 6 6 6 7 8 8 8 8 8 8 9 10 10 11 12 12 13 13 14 14 14 15 16 16 16 16 17 17 17 17 18 18
1 2 8 12 13 14 0 0 3 6 13 14 2 5 6 16 17 18 4 2 4 7 14 16 18 6 0 9 12 15 16 17 8 11 17 10 0 8 0 2 0 2 6 8 4 6 8 17 4 8 10 16 4 6
-84.94362834000003
rh-8a01-b
C H H Rh H Rh C H H H Rh C H Rh C H C H C H Rh Rh C C
0 0 0 0 1 2 3 4 4 5 6 6 6 6 7 7 8 9 10 10 10 10 11 11 11 11 11 11 12 12 13 13 13 13 14 14 14 14 14 14 15 15 16 16 16 16 16 17 18 18 18 18 18 19 20 20 20 20 21 21 21 21 22 22 22 22 22 23 23 23 23 23
1 2 4 22 0 0 4 0 3 7 7 8 9 23 5 6 6 6 11 12 18 23 10 12 18 20 21 23 10 11 14 15 16 22 13 15 16 20 21 22 13 14 13 14 17 21 23 16 10 11 19 20 22 18 11 14 18 22 11 14 16 23 0 13 14 18 20 6 10 11 16 21
-111.76766186999998
zn-66S1-a
S H C H C H C H C H C H C Zn
0 0 0 1 2 2 2 3 4 4 4 5 6 6 6 7 8 8 8 9 10 10 10 11 12 12 12 13
1 12 13 0 3 8 12 2 5 6 12 4 4 7 10 6 2 9 10 8 6 8 11 10 0 2 4 0
-80.42593431
ru-8a01-b
C H H H Ru C H H H C H Ru C H C H Ru C H Ru Ru C C Ru
0 0 0 0 1 2 3 4 4 4 5 5 5 5 5 6 6 7 8 9 9 9 9 10 11 11 12 12 12 12 12 12 13 13 14 14 14 14 15 16 16 17 17 17 17 17 17 18 18 19 19 19 20 20 20 21 21 21 21 22 22 22 22 22 22 23 23 23
1 2 3 21 0 0 0 5 6 22 4 6 7 8 22 4 5 5 5 10 17 22 23 9 12 13 11 13 14 19 20 21 11 12 12 15 20 22 14 17 18 9 16 18 19 21 23 16 17 12 17 21 12 14 22 0 12 17 19 4 5 9 14 20 23 9 17 22
-111.66216518000004
cu-7801-b
Cu C C H C C H Cu C H C H C H H H H
0 1 1 1 2 2 2 3 4 4 4 4 5 5 5 5 6 7 8 8 8 9 10 10 10 11 12 12 12 12 13 14 15 16
4 4 5 6 4 10 13 4 0 1 2 3 1 7 8 9 1 5 5 10 11 5 2 8 12 8 10 14 15 16 2 12 12 12
-93.43511637
ni-45N1-a
C H C H C H N H C H Ni Ni Ni Ni
0 0 0 0 0 0 1 2 2 2 2 2 2 3 4 4 4 4 5 6 6 6 6 7 8 8 8 8 9 10 11 11 12 12 12 13 13 13
1 2 4 10 11 12 0 0 3 8 11 12 13 2 0 5 6 12 4 4 7 8 13 6 2 6 9 13 8 0 0 2 0 2 4 2 6 8
-63.636674219999975
au-67N1-b
N H H C H C H C H C H C H C
0 0 0 1 2 3 3 3 4 5 5 5 6 7 7 7 8 9 9 9 10 11 11 11 12 13 13 13
1 2 13 0 0 4 9 13 3 6 7 13 5 5 8 11 7 3 10 11 9 7 9 12 11 0 3 5
-89.01300012000002
os-8a01-a
C H H H C H H H C H C H C H C H Os C Os Os C Os Os
0 0 0 0 1 2 3 4 4 4 4 5 6 7 8 8 8 8 8 8 9 10 10 10 10 11 12 12 12 12 12 12 13 14 14 14 14 14 15 16 16 16 16 17 17 17 17 17 18 19 19 19 20 20 20 20 21 22 22 22
1 2 3 17 0 0 0 5 6 7 20 4 4 4 9 14 19 20 21 22 8 11 12 16 17 10 10 13 16 18 19 20 12 8 15 16 17 22 14 10 12 14 17 0 10 14 16 22 12 8 12 20 4 8 12 19 8 8 14 17
-111.61441017000004
cd-6601-b
C C H C C H C H C H H H
0 0 0 1 1 1 2 3 3 3 4 4 4 5 6 6 6 7 8 8 8 9 10 11
3 4 5 3 8 11 3 0 1 2 0 6 7 0 4 8 9 4 1 6 10 6 8 1
-76.40742721999999
os-8a02-a
Os C H H H C H H H C H C H C H C H Os Os Os C Os C
0 1 1 1 1 2 2 3 4 5 5 5 5 6 7 8 9 9 9 9 9 10 11 11 11 11 11 11 12 13 13 13 13 13 14 15 15 15 15 15 16 17 17 17 17 18 18 18 19 19 19 19 20 20 20 20 20 21 21 21 22 22 22 22 22 22
2 2 3 4 20 0 1 1 1 6 7 8 22 5 5 5 10 19 20 21 22 9 12 13 17 18 19 20 11 11 14 15 17 18 13 13 16 17 21 22 15 11 13 15 22 11 13 20 9 11 20 22 1 9 11 18 19 9 15 22 5 9 15 17 19 21
-111.6345773600001
ir-8a02-b
C H H H C H H H C H C H C H C H Ir Ir C Ir Ir C
0 0 0 0 1 2 3 4 4 4 4 5 6 7 8 8 8 8 8 9 10 10 10 10 10 11 12 12 12 12 12 13 14 14 14 14 14 14 15 16 16 16 17 17 17 18 18 18 18 19 19 19 19 20 21 21 21 21
1 2 3 18 0 0 0 5 6 7 21 4 4 4 9 17 18 19 21 8 11 12 16 17 18 10 10 13 14 16 19 12 12 15 16 19 20 21 14 10 12 14 8 10 18 0 8 10 17 8 12 14 21 14 4 8 14 19
-111.42278908000003
zn-8a02-b
C H H H C H H H C H C H C H C H C C
0 0 0 0 1 2 3 4 4 4 4 5 6 7 8 8 8 9 10 10 10 11 12 12 12 13 14 14 14 15 16 16 16 17 17 17
1 2 3 16 0 0 0 5 6 7 17 4 4 4 9 16 17 8 11 12 16 10 10 13 14 12 12 15 17 14 0 8 10 4 8 14
-110.03646702
au-7801-a
C C H C C H C H C H C H H H H
0 0 0 1 1 1 2 3 3 3 4 4 4 5 6 6 6 7 8 8 8 9 10 10 10 10 11 12 13 14
3 4 5 3 8 11 3 0 1 2 0 6 7 0 4 8 9 4 1 6 10 6 8 12 13 14 1 10 10 10
-93.40189676
pt-67N1-b
N H H C H C H C H C H C H Pt C Pt Pt
0 0 0 1 2 3 3 3 3 4 5 5 5 5 6 7 7 7 7 7 8 9 9 9 9 10 11 11 11 11 12 13 13 14 14 14 14 15 15 15 16 16
1 2 14 0 0 4 9 13 14 3 6 7 14 15 5 5 8 11 15 16 7 3 10 11 13 9 7 9 12 16 11 3 9 0 3 5 15 5 7 14 7 11
-90.11079625000002
ir-66S1-a
S H C H C H C H C H C H Ir Ir Ir C Ir Ir Ir
0 0 0 0 0 1 2 2 2 2 2 3 4 4 4 4 4 5 6 6 6 6 6 7 8 8 8 8 8 9 10 10 10 10 11 12 12 13 13 13 14 14 14 14 15 15 15 15 16 16 17 18
1 14 15 17 18 0 3 8 12 14 15 2 5 6 14 15 16 4 4 7 10 13 16 6 2 9 10 12 13 8 6 8 11 13 10 2 8 6 8 10 0 2 4 15 0 2 4 14 4 6 0 0
-81.84831208999998
cu-7801-a
Cu C C H C C H Cu C H C H C H H H H
0 1 1 1 2 2 2 3 4 4 4 4 5 5 5 5 6 7 8 8 8 9 10 10 10 11 12 12 12 12 13 14 15 16
4 4 5 6 4 10 13 4 0 1 2 3 1 7 8 9 1 5 5 10 11 5 2 8 12 8 10 14 15 16 2 12 12 12
-93.43653651
pd-4411-b
Pd C H C H C H C H Pd Pd Pd O
0 0 0 1 1 1 1 1 1 2 2 3 3 3 3 4 5 5 5 5 5 5 6 7 7 7 7 8 9 9 9 10 10 10 11 12 12 12
1 2 5 0 2 3 5 9 10 0 1 1 4 9 12 3 0 1 6 7 10 11 5 5 8 10 12 7 1 3 12 1 5 7 5 3 7 9
-58.08397969000001
rh-67N1-b
N H H C H C H C H C H C H Rh Rh Rh Rh Rh C Rh
0 0 0 1 2 3 3 3 3 3 3 4 5 5 5 5 5 6 7 7 7 7 7 7 8 9 9 9 9 9 9 10 11 11 11 11 11 11 12 13 13 13 14 14 15 15 15 16 16 16 16 17 18 18 18 18 19 19
1 2 18 0 0 4 9 15 16 17 18 3 6 7 16 18 19 5 5 8 11 13 16 19 7 3 10 11 13 14 15 9 7 9 12 13 14 15 11 7 9 11 9 11 3 9 11 3 5 7 18 3 0 3 5 16 5 7
-90.56137232999998
pt-67N1-a
N H H C H C H C H C H C H Pt Pt Pt C Pt Pt
0 0 0 0 0 1 2 3 3 3 3 3 4 5 5 5 5 5 6 7 7 7 7 7 8 9 9 9 9 9 9 10 11 11 11 11 11 12 13 13 13 14 14 14 14 15 15 15 15 16 16 16 16 16 16 17 17 18 18 18
1 2 14 16 17 0 0 4 9 13 14 16 3 6 7 15 16 18 5 5 8 11 15 18 7 3 10 11 13 14 15 9 7 9 12 13 15 11 3 9 11 0 3 9 16 5 7 9 11 0 3 5 14 17 18 0 16 5 7 16
-90.26096273000002
au-66S1-a
S H C H C H C H C H C H C Au
0 0 0 1 2 2 2 3 4 4 4 5 6 6 6 7 8 8 8 9 10 10 10 11 12 12 12 13
1 12 13 0 3 8 12 2 5 6 12 4 4 7 10 6 2 9 10 8 6 8 11 10 0 2 4 0
-80.68573303000002
au-4411-b
C H C H C H C H O
0 0 0 1 2 2 2 3 4 4 4 5 6 6 6 7 8 8
1 2 4 0 0 3 8 2 0 5 6 4 4 7 8 6 2 6
-56.948939420000016
ru-6611-b
C H C H C H C H C H O H Ru Ru Ru Ru Ru C Ru
0 0 0 0 0 0 1 2 2 2 2 2 2 3 4 4 4 4 4 4 5 6 6 6 6 6 6 7 8 8 8 8 8 8 9 10 10 11 12 12 12 13 13 14 14 14 14 15 15 16 16 16 16 17 17 17 17 17 18 18
1 2 8 12 13 14 0 0 3 6 12 13 14 2 5 6 14 16 17 18 4 2 4 7 14 16 18 6 0 9 12 15 16 17 8 11 17 10 0 2 8 0 2 0 2 4 6 8 17 4 6 8 17 4 8 10 15 16 4 6
-84.92268480000001
au-67N1-a
N H H C H C H C H C H C H C
0 0 0 1 2 3 3 3 4 5 5 5 6 7 7 7 8 9 9 9 10 11 11 11 12 13 13 13
1 2 13 0 0 4 9 13 3 6 7 13 5 5 8 11 7 3 10 11 9 7 9 12 11 0 3 5
-88.96561396000001
zn-8a03-b
C H C H C H C H C H H H C H H H C C
0 0 0 1 2 2 2 3 4 4 4 5 6 6 6 7 8 8 8 8 9 10 11 12 12 12 12 13 14 15 16 16 16 17 17 17
1 2 4 0 0 3 16 2 0 5 6 4 4 7 17 6 9 10 11 16 8 8 8 13 14 15 17 12 12 12 2 8 17 6 12 16
-110.03675468
ir-4411-a
C H C H C H C H Ir Ir Ir Ir O
0 0 0 0 0 1 2 2 2 2 2 2 3 4 4 4 4 4 5 6 6 6 6 6 6 7 8 8 9 9 9 9 10 10 11 11 11 12 12 12
1 2 4 8 9 0 0 3 8 9 11 12 2 0 5 6 9 10 4 4 7 9 10 11 12 6 0 2 0 2 4 6 4 6 2 6 12 2 6 11
-57.67745764
pd-55N1-a
Pd C H Pd C H Pd C H Pd C H Pd C H Pd Pd N
0 0 1 1 1 1 1 1 1 2 2 3 3 3 4 4 4 4 4 4 5 5 6 6 6 6 7 7 7 7 7 7 8 8 9 9 9 9 10 10 10 10 10 10 10 11 11 12 12 12 12 13 13 13 13 13 13 13 14 14 15 15 15 15 15 15 16 16 16 17 17 17 17 17
1 2 0 2 3 4 15 16 17 0 1 1 4 5 1 3 5 6 7 15 3 4 4 7 8 10 4 6 8 9 10 15 6 7 7 10 11 13 6 7 9 11 12 13 15 9 10 10 13 14 17 9 10 12 14 15 16 17 12 13 1 4 7 10 13 17 1 13 17 1 12 13 15 16
-72.33737493999999
ru-67N1-b
N H H C H C H C H C H C H Ru Ru Ru Ru Ru C Ru
0 0 0 1 2 3 3 3 3 3 3 4 5 5 5 5 5 6 7 7 7 7 7 7 8 9 9 9 9 9 9 10 11 11 11 11 11 11 12 13 13 13 14 14 15 15 15 16 16 16 16 17 17 18 18 18 18 18 19 19
1 2 18 0 0 4 9 15 16 17 18 3 6 7 16 18 19 5 5 8 11 13 16 19 7 3 10 11 13 14 15 9 7 9 12 13 14 15 11 7 9 11 9 11 3 9 11 3 5 7 18 3 18 0 3 5 16 17 5 7
-90.51757389000005
ni-5601-b
C H Ni H C H C H Ni C H C H Ni Ni Ni
0 0 0 0 1 2 3 3 4 4 4 4 5 6 6 6 6 6 6 7 8 8 9 9 9 9 9 9 10 10 11 11 11 11 12 13 13 14 14 15 15 15
1 3 4 11 0 3 0 2 0 5 6 13 4 4 7 9 13 14 15 6 9 10 6 8 10 11 14 15 8 9 0 9 12 15 11 4 6 6 9 6 9 11
-67.93297287999997
ir-55N1-a
C H C H C H C H C H Ir Ir Ir Ir N Ir Ir Ir
0 0 0 0 0 0 1 2 2 2 2 2 2 3 4 4 4 4 4 5 6 6 6 6 6 6 7 8 8 8 8 8 8 8 9 10 10 11 11 11 12 12 12 12 12 12 13 13 14 14 14 14 14 14 15 15 16 16 17 17
1 2 10 12 13 14 0 0 3 4 10 11 12 2 2 5 6 11 12 4 4 7 8 11 12 15 6 6 9 12 14 15 16 17 8 0 2 2 4 6 0 2 4 6 8 14 0 14 0 8 12 13 16 17 6 8 8 14 8 14
-71.57487018999996
cu-6611-b
C H C H C H C H C H O H Cu C Cu Cu
0 0 0 1 2 2 2 2 3 4 4 4 4 5 6 6 6 7 8 8 8 8 9 10 10 11 12 13 13 13 14 15
1 2 8 0 0 3 6 15 2 5 6 13 14 4 2 4 7 6 0 9 12 13 8 11 13 10 8 4 8 10 4 2
-83.507161
rh-44S1-b
C H C H C H C H Rh Rh Rh Rh Rh S Rh
0 0 0 0 0 0 1 2 2 2 2 2 2 3 4 4 4 4 4 4 5 6 6 6 6 7 8 8 8 9 9 9 10 10 10 10 11 12 13 13 13 13 13 14
1 2 4 8 9 10 0 0 3 8 9 12 13 2 0 5 6 8 10 11 4 4 7 10 13 6 0 2 4 0 2 13 0 4 6 13 4 2 2 6 9 10 14 13
-56.38340728000003
os-5601-a
C H Os H C H C H C H C H Os Os Os
0 0 0 0 0 1 2 2 3 3 4 4 4 4 5 6 6 6 6 6 7 8 8 8 8 8 8 9 10 10 10 10 11 12 12 12 13 13 14 14
1 2 3 4 10 0 0 3 0 2 0 5 6 12 4 4 7 8 12 13 6 6 9 10 12 13 14 8 0 8 11 14 10 4 6 8 6 8 8 10
-68.31972721
zn-55N1-b
C H C H C H C H C H N
0 0 0 1 2 2 2 3 4 4 4 5 6 6 6 7 8 8 8 9 10 10
1 2 10 0 0 3 4 2 2 5 6 4 4 7 8 6 6 9 10 8 0 8
-71.62510486
zn-8a01-a
C H H H C H H H C H C H C H C H C C
0 0 0 0 1 2 3 4 4 4 4 5 6 7 8 8 8 9 10 10 10 11 12 12 12 13 14 14 14 15 16 16 16 17 17 17
1 2 3 16 0 0 0 5 6 7 17 4 4 4 9 14 17 8 11 12 16 10 10 13 17 12 8 15 16 14 0 10 14 4 8 12
-109.97135907999998
cu-6601-b
C C H C Cu C H C H Cu C H H Cu H
0 0 0 0 1 1 1 1 2 3 3 3 4 5 5 5 6 7 7 7 7 8 9 10 10 10 11 12 13 14
3 4 5 6 3 10 13 14 3 0 1 2 0 0 7 8 0 5 9 10 11 5 7 1 7 12 7 10 1 1
-76.63576339
pt-8a03-a
C H C H C H C H C H H H C H H H Pt C Pt C Pt
0 0 0 0 1 2 2 2 2 3 4 4 4 4 4 5 6 6 6 6 6 7 8 8 8 8 9 10 11 12 12 12 12 13 14 15 16 16 16 17 17 17 17 18 18 18 19 19 19 19 20 20
1 2 4 16 0 0 3 16 17 2 0 5 6 16 20 4 4 7 18 19 20 6 9 10 11 17 8 8 8 13 14 15 19 12 12 12 0 2 4 2 8 18 19 6 17 19 6 12 17 18 4 6
-110.89221372000003
ni-6601-b
Ni Ni Ni C C H C C H Ni Ni C H C H Ni H H
0 0 0 1 1 2 2 2 3 3 3 3 4 4 4 4 5 5 6 6 6 6 6 6 7 7 7 7 7 7 8 9 9 10 10 10 11 11 11 11 12 12 13 13 13 13 13 13 14 15 15 16 16 17
4 6 13 5 6 3 6 7 2 6 7 8 0 6 13 17 1 6 0 1 2 3 4 5 2 3 9 10 11 12 3 7 12 7 11 13 7 10 13 14 7 9 0 4 10 11 15 16 11 13 16 13 15 4
-77.79400691000001
pd-6601-b
Pd Pd Pd C C H C C H Pd Pd C H C H Pd H H
0 0 0 1 1 2 2 2 3 3 3 3 4 4 4 4 5 5 6 6 6 6 6 6 7 7 7 7 7 7 8 9 9 10 10 10 11 11 11 11 12 12 13 13 13 13 13 13 14 15 15 16 16 17
4 6 13 5 6 3 6 7 2 6 7 8 0 6 13 17 1 6 0 1 2 3 4 5 2 3 9 10 11 12 3 7 12 7 11 13 7 10 13 14 7 9 0 4 10 11 15 16 11 13 16 13 15 4
-77.72533686
ni-4411-b
C H C H C H C H Ni Ni Ni Ni O Ni
0 0 0 0 0 1 2 2 2 2 3 4 4 4 4 4 4 5 6 6 6 6 7 8 8 9 9 10 11 11 12 12 12 13
1 2 4 8 9 0 0 3 9 12 2 0 5 6 8 10 11 4 4 7 11 12 6 0 4 0 2 4 4 6 2 6 13 12
-57.74696763999998
ni-8a01-b
C H H H C H H H C H C H C H C H Ni Ni Ni C C Ni Ni Ni
0 0 0 0 1 2 3 4 4 4 4 5 6 7 8 8 8 8 8 8 9 10 10 10 10 10 10 11 12 12 12 12 12 13 14 14 14 14 14 14 15 16 16 16 17 17 18 18 18 18 19 19 19 19 20 20 20 20 21 21 22 23
1 2 3 19 0 0 0 5 6 7 20 4 4 4 9 14 18 20 21 22 8 11 12 16 17 18 19 10 10 13 17 18 20 12 8 15 16 19 21 23 14 10 14 19 10 12 8 10 12 20 0 10 14 16 4 8 12 18 8 14 8 14
-111.33534161
ag-8a01-b
C H H H C H H H C H C H C H C H C C
0 0 0 0 1 2 3 4 4 4 4 5 6 7 8 8 8 9 10 10 10 11 12 12 12 13 14 14 14 15 16 16 16 17 17 17
1 2 3 16 0 0 0 5 6 7 17 4 4 4 9 14 17 8 11 12 16 10 10 13 17 12 8 15 16 14 0 10 14 4 8 12
-110.12585267
pd-7801-b
Pd Pd Pd C C H C C H Pd C H C H C H H H H Pd
0 0 0 0 1 1 1 1 2 2 2 2 3 3 3 3 3 4 4 4 4 4 5 5 6 6 6 6 6 6 7 7 7 7 7 8 9 9 9 9 10 10 10 10 10 10 11 12 12 12 12 12 13 13 14 14 14 14 15 16 17 18 18 19
3 6 7 10 3 4 5 6 4 6 10 12 0 1 6 7 8 1 2 6 12 15 1 6 0 1 2 3 4 5 0 3 9 10 11 3 7 10 12 13 0 2 7 9 12 13 7 2 4 9 10 14 9 10 12 16 17 18 4 14 14 14 19 18
-94.93805465
os-67N1-a
N H H C H C H C H C H C H Os Os Os C Os Os
0 0 0 0 0 1 2 3 3 3 3 3 4 5 5 5 5 5 5 6 7 7 7 7 7 8 9 9 9 9 9 9 10 11 11 11 11 11 12 13 13 13 14 14 14 14 14 15 15 15 15 16 16 16 16 16 16 17 17 18 18 18
1 2 14 16 17 0 0 4 9 13 14 16 3 6 7 14 15 16 18 5 5 8 11 15 18 7 3 10 11 13 14 15 9 7 9 12 13 15 11 3 9 11 0 3 5 9 16 5 7 9 11 0 3 5 14 17 18 0 16 5 7 16
-90.91497961000005
cd-5601-b
C H H C H C H C H C H
0 0 0 0 1 2 3 3 3 4 5 5 5 6 7 7 7 8 9 9 9 10
1 2 3 9 0 0 0 4 5 3 3 6 7 5 5 8 9 7 0 7 10 9
-66.49235884000001
ni-66S1-a
S H C H C H C H C H C H Ni Ni Ni C Ni Ni Ni Ni
0 0 0 0 0 1 2 2 2 2 2 2 3 4 4 4 4 4 4 5 6 6 6 6 7 8 8 8 8 8 9 10 10 10 10 10 10 11 12 12 13 13 13 14 14 14 14 15 15 15 15 16 16 17 17 17 18 19
1 14 15 16 19 0 3 8 12 13 14 15 2 5 6 14 15 16 17 4 4 7 10 17 6 2 9 10 12 13 8 6 8 11 13 17 18 10 2 8 2 8 10 0 2 4 15 0 2 4 14 0 4 4 6 10 10 0
-82.20213790999998
os-45N1-b
C H Os C H C H N H C H Os Os Os
0 0 0 0 1 2 2 3 3 3 3 3 3 4 4 5 5 5 5 5 6 7 7 7 7 8 9 9 9 9 10 11 11 11 12 12 13 13
1 3 5 11 0 3 4 0 2 4 9 11 12 2 3 0 6 7 11 13 5 5 8 9 13 7 3 7 10 12 9 0 3 5 3 9 5 7
-63.891155230000095
cu-5601-a
C H Cu H C H C H C H C H Cu Cu Cu
0 0 0 0 0 1 2 2 3 3 4 4 4 4 5 6 6 6 6 6 7 8 8 8 8 8 9 10 10 10 10 11 12 12 13 13 14 14
1 2 3 4 10 0 0 3 0 2 0 5 6 12 4 4 7 8 12 13 6 6 9 10 13 14 8 0 8 11 14 10 4 6 6 8 8 10
-66.92726601999999
pt-5601-a
C H H C H C H C H C H Pt Pt Pt
0 0 0 0 0 1 2 3 3 3 3 4 5 5 5 5 5 6 7 7 7 7 7 7 8 9 9 9 9 9 10 11 11 11 12 12 12 13 13 13
1 2 3 9 13 0 0 0 4 5 11 3 3 6 7 11 12 5 5 8 9 11 12 13 7 0 7 10 12 13 9 3 5 7 5 7 9 0 7 9
-68.39118348
ni-8a03-b
C H C H C H C H C H H H C H H H Ni Ni Ni Ni Ni C Ni C
0 0 0 0 0 0 1 2 2 2 2 2 2 3 4 4 4 4 4 4 5 6 6 6 6 6 7 8 8 8 8 9 10 11 12 12 12 12 13 14 15 16 16 16 16 17 18 18 18 19 20 20 20 21 21 21 21 21 21 22 22 22 22 23 23 23 23 23
1 2 4 16 17 18 0 0 3 16 19 20 21 2 0 5 6 16 18 22 4 4 7 18 22 23 6 9 10 11 21 8 8 8 13 14 15 23 12 12 12 0 2 4 21 0 0 4 6 2 2 21 23 2 8 16 20 22 23 4 6 21 23 6 12 20 21 22
-111.34944680000001
ir-67N1-a
N H H C H C H C H C H C H Ir Ir Ir C Ir Ir
0 0 0 0 0 1 2 3 3 3 3 3 4 5 5 5 5 5 5 6 7 7 7 7 7 8 9 9 9 9 9 9 10 11 11 11 11 11 12 13 13 13 14 14 14 14 14 15 15 15 15 16 16 16 16 16 16 17 17 18 18 18
1 2 14 16 17 0 0 4 9 13 14 16 3 6 7 14 15 16 18 5 5 8 11 15 18 7 3 10 11 13 14 15 9 7 9 12 13 15 11 3 9 11 0 3 5 9 16 5 7 9 11 0 3 5 14 17 18 0 16 5 7 16
-90.62337729999996
cu-8a03-a
C H C H C H C H C H H H C H H H Cu C C Cu
0 0 0 0 1 2 2 2 3 4 4 4 4 5 6 6 6 7 8 8 8 8 9 10 11 12 12 12 12 13 14 15 16 17 17 17 18 18 18 19
1 2 4 16 0 0 3 17 2 0 5 6 19 4 4 7 18 6 9 10 11 17 8 8 8 13 14 15 18 12 12 12 0 2 8 18 6 12 17 4
-110.24291825
pd-8a01-a
C H H H C H H H Pd C H Pd C H Pd C H Pd C H Pd Pd C Pd C
0 0 0 0 0 1 2 3 4 4 4 4 4 5 6 7 8 8 8 9 9 9 9 9 9 10 10 11 11 12 12 12 12 12 12 12 13 13 14 14 14 15 15 15 15 15 15 16 16 17 17 18 18 18 18 18 18 18 19 19 20 20 20 20 21 21 21 21 21 21 22 22 22 22 22 23 23 23 23 24 24 24 24 24
1 2 3 20 22 0 0 0 5 6 7 23 24 4 4 4 9 10 18 8 10 18 21 23 24 8 9 12 13 11 13 14 15 20 21 22 11 12 12 15 16 12 14 16 21 23 24 14 15 18 19 8 9 17 19 20 21 22 17 18 0 12 18 22 9 12 15 18 22 24 0 12 18 20 21 4 9 15 24 4 9 15 21 23
-110.67802909000002
os-6601-b
Os Os Os C C H C C H Os Os C H C H Os H H
0 0 0 1 1 2 2 2 3 3 3 3 4 4 4 4 5 5 6 6 6 6 6 6 7 7 7 7 7 7 8 9 9 10 10 10 11 11 11 11 12 12 13 13 13 13 13 13 14 15 15 16 16 17
4 6 13 5 6 3 6 7 2 6 7 8 0 6 13 17 1 6 0 1 2 3 4 5 2 3 9 10 11 12 3 7 12 7 11 13 7 10 13 14 7 9 0 4 10 11 15 16 11 13 16 13 15 4
-77.97391124
ag-8a01-a
C H H H C H H H C H C H C H C H C C
0 0 0 0 1 2 3 4 4 4 4 5 6 7 8 8 8 9 10 10 10 11 12 12 12 13 14 14 14 15 16 16 16 17 17 17
1 2 3 16 0 0 0 5 6 7 17 4 4 4 9 14 17 8 11 12 16 10 10 13 17 12 8 15 16 14 0 10 14 4 8 12
-110.07987855000002
ag-45N1-a
C H C H C H N H C H Ag
0 0 0 0 1 2 2 2 3 4 4 4 5 6 6 6 7 8 8 8 9 10
1 2 4 10 0 0 3 8 2 0 5 6 4 4 7 8 6 2 6 9 8 0
-62.943333179999996
au-7801-b
C C H C C H C H C H C H H H H
0 0 0 1 1 1 2 3 3 3 4 4 4 5 6 6 6 7 8 8 8 9 10 10 10 10 11 12 13 14
3 4 5 3 8 11 3 0 1 2 0 6 7 0 4 8 9 4 1 6 10 6 8 12 13 14 1 10 10 10
-93.40338217000001
cu-4411-b
C H C H C H C H Cu O Cu
0 0 0 0 1 2 2 2 3 4 4 4 5 6 6 6 6 7 8 9 9 10
1 2 4 8 0 0 3 9 2 0 5 6 4 4 7 9 10 6 0 2 6 6
-56.97200681000001
rh-4411-a
C H C H C H C H Rh Rh Rh Rh O
0 0 0 0 0 1 2 2 2 2 2 2 3 4 4 4 4 4 5 6 6 6 6 6 6 7 8 8 9 9 9 9 10 10 11 11 11 12 12 12
1 2 4 8 9 0 0 3 8 9 11 12 2 0 5 6 9 10 4 4 7 9 10 11 12 6 0 2 0 2 4 6 4 6 2 6 12 2 6 11
-57.88362476000003
ni-6611-a
C H C H Ni C H C H Ni C H O H Ni Ni C Ni Ni
0 0 0 0 0 1 2 2 2 2 2 2 3 4 4 5 5 5 5 5 5 6 6 7 7 7 7 8 9 9 9 10 10 10 10 10 10 11 11 12 12 13 14 14 14 15 15 15 16 16 16 16 17 17 17 18
1 2 9 10 14 0 0 3 7 14 17 18 2 5 6 4 6 7 15 16 17 4 5 2 5 8 17 7 0 10 11 0 9 11 14 15 16 9 10 13 16 12 0 2 10 5 10 16 5 10 12 15 2 5 7 2
-84.58460185999996
rh-4411-b
Rh C H C H C H C H Rh Rh Rh O
0 0 0 0 1 1 1 1 1 1 2 2 3 3 3 3 3 4 5 5 5 5 5 5 6 7 7 7 7 8 9 9 9 10 10 10 10 11 12 12 12 12
1 2 3 5 0 2 3 5 9 10 0 1 0 1 4 9 12 3 0 1 6 7 10 11 5 5 8 10 12 7 1 3 12 1 5 7 12 5 3 7 9 10
-58.08686494
au-55N1-a
C H C H C H C H C H N
0 0 0 1 2 2 2 3 4 4 4 5 6 6 6 7 8 8 8 9 10 10
1 2 10 0 0 3 4 2 2 5 6 4 4 7 8 6 6 9 10 8 0 8
-71.72194093000002
zn-5601-b
C H H C H C H C H C H
0 0 0 0 1 2 3 3 3 4 5 5 5 6 7 7 7 8 9 9 9 10
1 2 3 9 0 0 0 4 5 3 3 6 7 5 5 8 9 7 0 7 10 9
-66.54387037
rh-7801-a
Rh Rh Rh C C H C C H Rh C H C H C H H H H Rh
0 0 0 0 1 1 1 1 2 2 2 2 3 3 3 3 3 4 4 4 4 4 5 5 6 6 6 6 6 6 7 7 7 7 7 8 9 9 9 9 10 10 10 10 10 10 11 12 12 12 12 12 13 13 14 14 14 14 15 16 17 18 18 19
3 4 5 6 3 6 7 10 4 6 10 12 0 1 6 7 8 0 2 6 12 15 0 6 0 1 2 3 4 5 1 3 9 10 11 3 7 10 12 13 1 2 7 9 12 13 7 2 4 9 10 14 9 10 12 16 17 18 4 14 14 14 19 18
-95.02758196000002
cd-6611-b
C H C H C H C H C H O H C
0 0 0 1 2 2 2 3 4 4 4 5 6 6 6 7 8 8 8 9 10 10 11 12 12 12
1 2 8 0 0 3 6 2 5 6 12 4 2 4 7 6 0 9 12 8 11 12 10 4 8 10
-83.20951088999999
zn-66S1-b
S H C H C H C H C H C H C
0 0 1 2 2 2 3 4 4 4 5 6 6 6 7 8 8 8 9 10 10 10 11 12 12 12
1 12 0 3 8 12 2 5 6 12 4 4 7 10 6 2 9 10 8 6 8 11 10 0 2 4
-80.40658377
os-44S1-a
C H C H C H C H Os Os Os S Os
0 0 0 0 0 0 1 2 2 2 2 3 4 4 4 4 4 5 6 6 6 6 7 8 8 9 9 9 10 10 10 10 11 11 11 11 11 12
1 2 4 8 9 10 0 0 3 9 11 2 0 5 6 8 10 4 4 7 10 11 6 0 4 0 2 11 0 4 6 11 2 6 9 10 12 11
-56.63767379000001
ni-6601-a
Ni Ni Ni C C H C Ni C H Ni C H Ni C H Ni H H
0 0 1 1 1 1 1 1 2 2 3 3 3 3 3 3 4 4 4 4 4 4 5 6 6 6 6 6 6 7 7 8 8 8 8 8 8 9 10 10 11 11 11 11 11 11 12 13 13 14 14 14 14 14 14 15 16 16 17 18
4 6 3 4 6 8 11 14 3 6 1 2 6 7 8 9 0 1 6 14 16 18 6 0 1 2 3 4 5 3 8 1 3 7 10 11 12 3 8 11 1 8 10 13 14 15 8 11 14 1 4 11 13 16 17 11 4 14 14 4
-76.92704221999998
pt-6611-a
C H C H C H C H C H Pt O H Pt Pt C Pt
0 0 0 0 0 1 2 2 2 2 3 4 4 4 4 5 6 6 6 6 7 8 8 8 8 9 10 11 11 12 12 13 13 14 14 14 15 15 15 15 16 16
1 2 8 13 14 0 0 3 6 13 2 5 6 15 16 4 2 4 7 16 6 0 9 14 15 8 12 12 15 10 11 0 2 0 8 15 4 8 11 14 4 6
-84.48622488000001
pt-8a01-b
C H H H C H H H C H C H C H C H Pt Pt Pt C C Pt
0 0 0 0 1 2 3 4 4 4 4 5 6 7 8 8 8 8 8 8 9 10 10 10 10 10 10 11 12 12 12 12 12 13 14 14 14 14 14 15 16 16 16 16 17 17 17 18 18 18 18 19 19 19 19 19 20 20 20 20 20 21 21 21
1 2 3 19 0 0 0 5 6 7 20 4 4 4 9 14 16 18 20 21 8 11 12 16 17 18 19 10 10 13 17 18 20 12 8 15 16 19 21 14 8 10 14 19 10 12 19 8 10 12 20 0 10 14 16 17 4 8 12 18 21 8 14 20
-111.47817676
pd-6611-a
C H C H C H Pd C H Pd C H Pd O H Pd Pd C
0 0 0 0 0 1 2 2 2 2 2 3 4 4 4 4 4 5 6 6 6 6 7 7 7 7 7 7 8 8 9 9 9 9 10 10 10 10 10 10 11 11 12 13 13 14 14 15 15 15 15 16 16 16 16 17 17 17 17 17
1 2 9 10 15 0 0 3 6 7 15 2 5 6 7 16 17 4 2 4 7 8 2 4 6 8 15 16 6 7 0 10 11 17 0 9 11 15 16 17 9 10 14 14 17 12 13 0 2 7 10 4 7 10 17 4 9 10 13 16
-84.91623726999998
ag-4411-a
C H C H C H C H O
0 0 0 1 2 2 2 3 4 4 4 5 6 6 6 7 8 8
1 2 4 0 0 3 8 2 0 5 6 4 4 7 8 6 2 6
-56.88884822
pd-6611-b
C H Pd C H C H C H C H O H Pd Pd C Pd
0 0 0 0 0 1 2 2 2 2 3 3 3 3 3 3 4 4 5 5 5 5 5 6 7 7 7 7 7 8 9 9 9 9 9 10 11 11 11 12 13 13 13 13 14 14 14 14 15 15 15 15 15 15 16 16 16 16
1 2 3 9 13 0 0 3 4 7 0 2 4 7 13 16 2 3 6 7 14 15 16 5 2 3 5 8 16 7 0 10 13 14 15 9 12 14 15 11 0 3 9 15 5 9 11 15 5 9 11 13 14 16 3 5 7 15
-84.80121495
cd-7801-b
C C H C C H C H C H C H H H H
0 0 0 1 1 1 2 3 3 3 4 4 4 5 6 6 6 7 8 8 8 9 10 10 10 10 11 12 13 14
3 4 5 3 8 11 3 0 1 2 0 6 7 0 4 8 9 4 1 6 10 6 8 12 13 14 1 10 10 10
-93.16932247
ag-44S1-a
C H C H C H C H Ag S Ag
0 0 0 0 1 2 2 2 3 4 4 4 5 6 6 6 7 8 9 9 9 10
1 2 4 8 0 0 3 9 2 0 5 6 4 4 7 9 6 0 2 6 10 9
-54.72868331000001
ag-6611-a
C H C H C H C H C H O H C
0 0 0 1 2 2 2 3 4 4 4 5 6 6 6 7 8 8 8 9 10 10 11 12 12 12
1 2 8 0 0 3 6 2 5 6 12 4 2 4 7 6 0 9 12 8 11 12 10 4 8 10
-83.3398071
ru-8a01-a
C H H H C H H H C H C H C H C H Ru Ru Ru C C Ru Ru Ru
0 0 0 0 1 2 3 4 4 4 4 5 6 7 8 8 8 8 8 8 9 10 10 10 10 10 10 11 12 12 12 12 12 12 13 14 14 14 14 14 14 15 16 16 17 17 17 17 18 18 18 18 19 19 19 19 19 20 20 20 20 20 21 21 22 22 23 23
1 2 3 19 0 0 0 5 6 7 20 4 4 4 9 14 17 20 21 22 8 11 12 16 17 18 19 10 10 13 16 17 18 20 12 8 15 18 19 22 23 14 10 12 8 10 12 20 10 12 14 19 0 10 14 18 23 4 8 12 17 21 8 20 8 14 14 19
-111.64837934999997
os-6611-b
C H C H C H C H C H O H Os Os Os C Os
0 0 0 0 0 1 2 2 2 2 2 2 3 4 4 4 4 4 5 6 6 6 6 6 7 8 8 8 8 8 9 10 10 11 12 12 12 12 13 13 13 14 14 14 15 15 15 15 15 15 16 16 16 16
1 2 8 12 13 0 0 3 6 12 13 16 2 5 6 14 15 16 4 2 4 7 13 16 6 0 9 12 14 15 8 11 15 10 0 2 8 15 0 2 6 4 8 15 4 8 10 12 14 16 2 4 6 15
-84.8394082100001
ag-8a02-b
C H H H C H H H C H C H C H C H C C
0 0 0 0 1 2 3 4 4 4 4 5 6 7 8 8 8 9 10 10 10 11 12 12 12 13 14 14 14 15 16 16 16 17 17 17
1 2 3 16 0 0 0 5 6 7 17 4 4 4 9 16 17 8 11 12 16 10 10 13 14 12 12 15 17 14 0 8 10 4 8 14
-110.15651844000001
au-45N1-a
C H C H C H N H C H Au
0 0 0 0 1 2 2 2 3 4 4 4 5 6 6 6 7 8 8 8 9 10
1 2 4 10 0 0 3 8 2 0 5 6 4 4 7 8 6 2 6 9 8 0
-62.97161195000001
ru-55N1-a
Ru C H C H Ru C H C H Ru C H Ru Ru N Ru
0 0 1 1 1 1 1 1 2 2 3 3 3 3 4 5 5 6 6 6 6 6 6 7 7 8 8 8 8 9 10 10 11 11 11 11 11 11 12 12 13 13 13 14 14 14 15 15 15 16 16 16
1 2 0 2 3 13 14 15 0 1 1 4 6 13 3 6 7 3 5 7 8 13 16 5 6 6 9 11 16 8 11 12 8 10 12 14 15 16 10 11 1 3 6 1 11 15 1 11 14 6 8 11
-73.44071419
zn-8a01-b
C H H H C H H H C H C H C H C H C C
0 0 0 0 1 2 3 4 4 4 4 5 6 7 8 8 8 9 10 10 10 11 12 12 12 13 14 14 14 15 16 16 16 17 17 17
1 2 3 16 0 0 0 5 6 7 17 4 4 4 9 14 17 8 11 12 16 10 10 13 17 12 8 15 16 14 0 10 14 4 8 12
-110.01498228
ir-8a02-a
C H H H C H H H C H C H C H C H Ir Ir Ir C Ir C
0 0 0 0 1 2 3 4 4 4 4 5 6 7 8 8 8 8 8 9 10 10 10 10 10 10 11 12 12 12 12 12 13 14 14 14 14 14 15 16 16 16 16 17 17 17 18 18 18 18 19 19 19 19 19 20 20 20 21 21 21 21 21 21
1 2 3 19 0 0 0 5 6 7 21 4 4 4 9 18 19 20 21 8 11 12 16 17 18 19 10 10 13 14 16 17 12 12 15 16 20 21 14 10 12 14 21 10 12 19 8 10 19 21 0 8 10 17 18 8 14 21 4 8 14 16 18 20
-111.56070001
os-55N1-a
Os C H C H Os C H C H Os C H Os Os N Os
0 0 1 1 1 1 1 1 2 2 3 3 3 3 4 5 5 6 6 6 6 6 6 7 7 8 8 8 8 9 10 10 11 11 11 11 11 11 12 12 13 13 13 14 14 14 15 15 15 16 16 16
1 2 0 2 3 13 14 15 0 1 1 4 6 13 3 6 7 3 5 7 8 13 16 5 6 6 9 11 16 8 11 12 8 10 12 14 15 16 10 11 1 3 6 1 11 15 1 11 14 6 8 11
-73.40459886000008
pd-66S1-b
S H C H C H C H C H C H Pd Pd Pd C Pd Pd Pd
0 0 0 0 0 1 2 2 2 2 2 2 3 4 4 4 4 4 4 5 6 6 6 6 7 8 8 8 8 9 10 10 10 10 10 11 12 12 12 13 13 13 13 14 14 15 15 15 15 16 17 17 17 18
1 13 14 15 18 0 3 8 12 13 14 15 2 5 6 13 15 16 17 4 4 7 10 17 6 2 9 10 12 8 6 8 11 12 17 10 2 8 10 0 2 4 15 0 2 0 2 4 13 4 4 6 10 0
-82.29399362000001
cd-67N1-a
N H H C H C H C H C H C H C
0 0 0 1 2 3 3 3 4 5 5 5 6 7 7 7 8 9 9 9 10 11 11 11 12 13 13 13
1 2 13 0 0 4 9 13 3 6 7 13 5 5 8 11 7 3 10 11 9 7 9 12 11 0 3 5
-88.72796869000001
rh-8a01-a
C H H H C H H H C H C H C H C H Rh Rh C Rh C Rh Rh
0 0 0 0 1 2 3 4 4 4 4 5 6 7 8 8 8 8 8 8 9 10 10 10 10 10 11 12 12 12 12 12 12 13 14 14 14 14 14 15 16 16 17 17 17 17 18 18 18 18 19 19 19 20 20 20 20 21 22 22
1 2 3 18 0 0 0 5 6 7 20 4 4 4 9 14 19 20 21 22 8 11 12 16 17 18 10 10 13 16 17 19 20 12 8 15 17 18 22 14 10 12 10 12 14 18 0 10 14 17 8 12 20 4 8 12 19 8 8 14
-111.74774186000002
zn-5601-a
C H H C H C H C H C H
0 0 0 0 1 2 3 3 3 4 5 5 5 6 7 7 7 8 9 9 9 10
1 2 3 9 0 0 0 4 5 3 3 6 7 5 5 8 9 7 0 7 10 9
-66.5322611
ag-4411-b
C H C H C H C H O Ag
0 0 0 1 2 2 2 3 4 4 4 5 6 6 6 6 7 8 8 9
1 2 4 0 0 3 8 2 0 5 6 4 4 7 8 9 6 2 6 6
-56.916219540000014
cd-45N1-a
C H C H C H N H C H
0 0 0 1 2 2 2 3 4 4 4 5 6 6 6 7 8 8 8 9
1 2 4 0 0 3 8 2 0 5 6 4 4 7 8 6 2 6 9 8
-62.719993820000006
ir-67N1-b
N H H C H C H C H C H C H Ir Ir Ir C Ir
0 0 0 1 2 3 3 3 3 4 5 5 5 5 6 7 7 7 7 7 8 9 9 9 9 9 9 10 11 11 11 11 11 12 13 13 13 14 15 15 15 15 16 16 16 16 16 17 17 17
1 2 16 0 0 4 9 15 16 3 6 7 16 17 5 5 8 11 13 17 7 3 10 11 13 14 15 9 7 9 12 13 15 11 7 9 11 9 3 9 11 16 0 3 5 15 17 5 7 16
-90.31477701
cd-45N1-b
C H C H C H N H C H
0 0 0 1 2 2 2 3 4 4 4 5 6 6 6 7 8 8 8 9
1 2 4 0 0 3 8 2 0 5 6 4 4 7 8 6 2 6 9 8
-62.739826490000006
ir-7801-a
Ir Ir Ir C C H C C H Ir C H C H C H H H H
0 0 0 1 1 1 1 2 2 2 2 3 3 3 3 3 4 4 4 4 4 5 6 6 6 6 6 6 7 7 7 7 7 8 9 9 9 10 10 10 10 10 10 11 12 12 12 12 12 13 14 14 14 14 15 16 17 18
3 4 6 3 6 7 10 4 6 10 12 0 1 6 7 8 0 2 6 12 15 6 0 1 2 3 4 5 1 3 9 10 11 3 7 10 12 1 2 7 9 12 13 7 2 4 9 10 14 10 12 16 17 18 4 14 14 14
-94.82813962999995
zn-7801-a
C C H C C H C H C H C H H H H
0 0 0 1 1 1 2 3 3 3 4 4 4 5 6 6 6 7 8 8 8 9 10 10 10 10 11 12 13 14
3 4 5 3 8 11 3 0 1 2 0 6 7 0 4 8 9 4 1 6 10 6 8 12 13 14 1 10 10 10
-93.22909666999999
ag-5601-b
C H H C H C H C H C H Ag
0 0 0 0 1 2 3 3 3 4 5 5 5 6 7 7 7 7 8 9 9 9 9 10 11 11
1 2 3 9 0 0 0 4 5 3 3 6 7 5 5 8 9 11 7 0 7 10 11 9 7 9
-66.66250840000001
ag-66S1-b
S H C H C H C H C H C H C Ag
0 0 0 1 2 2 2 3 4 4 4 5 6 6 6 7 8 8 8 9 10 10 10 11 12 12 12 13
1 12 13 0 3 8 12 2 5 6 12 4 4 7 10 6 2 9 10 8 6 8 11 10 0 2 4 0
-80.63751583000001
ir-45N1-b
C H C H C H N H C H Ir Ir Ir
0 0 0 0 0 0 1 2 2 2 2 2 3 4 4 4 4 4 5 6 6 6 6 7 8 8 8 8 9 10 10 10 11 11 11 12 12 12
1 2 4 10 11 12 0 0 3 8 10 12 2 0 5 6 10 11 4 4 7 8 11 6 2 6 9 12 8 0 2 4 0 4 6 0 2 8
-64.01479161999998
zn-6611-a
C H C H C H C H C H O H C
0 0 0 1 2 2 2 3 4 4 4 5 6 6 6 7 8 8 8 9 10 10 11 12 12 12
1 2 8 0 0 3 6 2 5 6 12 4 2 4 7 6 0 9 12 8 11 12 10 4 8 10
-83.2346196
ir-6601-a
C C H C C H C H C H H H
0 0 0 1 1 1 2 3 3 3 4 4 4 5 6 6 6 7 8 8 8 9 10 11
3 4 5 3 8 11 3 0 1 2 0 6 7 0 4 8 9 4 1 6 10 6 8 1
-76.52158957
ni-67N1-b
N H H C H C H C H C H C H Ni Ni Ni Ni Ni C Ni
0 0 0 1 2 3 3 3 3 3 3 4 5 5 5 5 5 5 6 7 7 7 7 7 8 9 9 9 9 9 9 10 11 11 11 11 11 12 13 13 13 13 14 14 15 15 16 16 16 17 18 18 18 18 19 19
1 2 18 0 0 4 9 15 16 17 18 3 6 7 13 16 18 19 5 5 8 11 13 19 7 3 10 11 13 14 15 9 7 9 12 13 14 11 5 7 9 11 9 11 3 9 3 5 18 3 0 3 5 16 5 7
-90.18999897999998
ag-6601-a
C C H C C H C H C H H H
0 0 0 1 1 1 2 3 3 3 4 4 4 5 6 6 6 7 8 8 8 9 10 11
3 4 5 3 8 11 3 0 1 2 0 6 7 0 4 8 9 4 1 6 10 6 8 1
-76.51638542
rh-55N1-b
C H C H Rh C H C H C H Rh Rh N Rh
0 0 0 0 0 1 2 2 2 2 2 3 4 4 4 4 5 5 5 5 5 5 6 6 7 7 7 7 7 8 9 9 9 9 9 10 11 11 11 11 12 12 12 13 13 13 13 13 14 14 14 14
1 2 11 12 13 0 0 3 4 5 11 2 2 5 6 7 2 4 6 7 11 14 4 5 4 5 8 9 14 7 7 10 12 13 14 9 0 2 5 13 0 9 13 0 9 11 12 14 5 7 9 13
-73.40077312
ru-7801-a
Ru C C H C Ru Ru C H C H Ru Ru C H C Ru H H H H
0 0 0 1 1 1 1 1 1 2 2 2 2 2 2 3 4 4 4 4 5 5 6 6 6 7 7 7 7 8 8 9 9 9 9 9 9 10 11 11 11 12 12 13 13 13 13 14 14 15 15 15 15 16 16 17 17 18 19 20
1 2 4 0 4 5 6 7 8 0 4 11 13 16 17 4 0 1 2 3 1 8 1 7 9 1 6 9 10 1 5 6 7 11 12 13 14 7 2 9 13 9 14 2 9 11 15 9 12 13 18 19 20 2 17 2 16 15 15 15
-95.01505427000001
cu-4411-a
C H C H C H C H O
0 0 0 1 2 2 2 3 4 4 4 5 6 6 6 7 8 8
1 2 4 0 0 3 8 2 0 5 6 4 4 7 8 6 2 6
-56.93820206999999
zn-45N1-a
C H C H C H N H C H
0 0 0 1 2 2 2 3 4 4 4 5 6 6 6 7 8 8 8 9
1 2 4 0 0 3 8 2 0 5 6 4 4 7 8 6 2 6 9 8
-62.78187018999999
ag-67N1-a
N H H C H C H C H C H C H C
0 0 0 1 2 3 3 3 4 5 5 5 6 7 7 7 8 9 9 9 10 11 11 11 12 13 13 13
1 2 13 0 0 4 9 13 3 6 7 13 5 5 8 11 7 3 10 11 9 7 9 12 11 0 3 5
-88.93516647000001
pd-66S1-a
S H C H C H Pd C H C H C H Pd Pd Pd C Pd Pd
0 0 0 0 0 1 2 2 2 2 2 3 4 4 4 4 4 5 6 6 6 7 7 7 7 7 8 8 9 9 9 9 9 10 11 11 11 11 12 13 13 14 14 14 15 15 15 15 16 16 16 16 17 18
1 15 16 17 18 0 3 9 13 15 16 2 5 6 7 15 16 4 4 7 8 4 6 8 11 14 6 7 2 10 11 13 14 9 7 9 12 14 11 2 9 7 9 11 0 2 4 16 0 2 4 15 0 0
-82.19429038000001
au-45N1-b
C H C H C H N H C H Au
0 0 0 1 2 2 2 3 4 4 4 5 6 6 6 7 8 8 8 8 9 10
1 2 4 0 0 3 8 2 0 5 6 4 4 7 8 6 2 6 9 10 8 8
-62.97710554
rh-8a02-a
C H H H C H H H C H C H C H C H Rh Rh Rh C Rh Rh C Rh
0 0 0 0 1 2 3 4 4 4 4 5 6 7 8 8 8 8 8 8 9 10 10 10 10 10 10 11 12 12 12 12 12 12 13 14 14 14 14 14 14 15 16 16 16 17 18 18 18 19 19 19 19 20 20 21 21 21 21 22 22 22 22 23
1 2 3 19 0 0 0 5 6 7 22 4 4 4 9 18 19 21 22 23 8 11 12 16 17 18 19 10 10 13 14 16 20 21 12 12 15 16 20 21 22 14 10 12 14 10 8 10 19 0 8 10 18 12 14 8 12 14 22 4 8 14 21 8
-111.69599564999999
cd-44S1-b
C H C H C H C H S
0 0 0 1 2 2 2 3 4 4 4 5 6 6 6 7 8 8
1 2 4 0 0 3 8 2 0 5 6 4 4 7 8 6 2 6
-54.56875953
pt-6601-a
C C H C C H C H C H H H
0 0 0 1 1 1 2 3 3 3 4 4 4 5 6 6 6 7 8 8 8 9 10 11
3 4 5 3 8 11 3 0 1 2 0 6 7 0 4 8 9 4 1 6 10 6 8 1
-76.62892878000002
ag-67N1-b
N H H C H C H C H C H C H C
0 0 0 1 2 3 3 3 4 5 5 5 6 7 7 7 8 9 9 9 10 11 11 11 12 13 13 13
1 2 13 0 0 4 9 13 3 6 7 13 5 5 8 11 7 3 10 11 9 7 9 12 11 0 3 5
-88.9781367
pt-66S1-b
S H C H C H C H C H C H Pt Pt C Pt Pt Pt
0 0 0 0 0 1 2 2 2 2 2 3 4 4 4 4 5 6 6 6 6 7 8 8 8 8 9 10 10 10 10 10 11 12 12 12 13 13 13 13 14 14 14 14 15 15 16 17
1 13 14 16 17 0 3 8 12 13 14 2 5 6 13 14 4 4 7 10 15 6 2 9 10 12 8 6 8 11 12 15 10 2 8 10 0 2 4 14 0 2 4 13 6 10 0 0
-81.7490024
ag-8a03-a
C H C H C H C H C H H H C H H H C C
0 0 0 1 2 2 2 3 4 4 4 5 6 6 6 7 8 8 8 8 9 10 11 12 12 12 12 13 14 15 16 16 16 17 17 17
1 2 4 0 0 3 16 2 0 5 6 4 4 7 17 6 9 10 11 16 8 8 8 13 14 15 17 12 12 12 2 8 17 6 12 16
-110.11921896000001
ru-45N1-a
C H Ru C H C H N H C H Ru Ru Ru
0 0 0 0 1 2 2 3 3 3 3 3 3 4 4 5 5 5 5 5 6 7 7 7 7 7 8 9 9 9 9 10 11 11 11 12 12 12 13 13
1 3 5 11 0 3 4 0 2 4 9 11 12 2 3 0 6 7 11 13 5 5 8 9 12 13 7 3 7 10 12 9 0 3 5 3 7 9 5 7
-63.71781059
ru-44S1-a
C H C H C H C H Ru Ru Ru Ru S
0 0 0 0 0 1 2 2 2 2 2 3 4 4 4 4 4 4 5 6 6 6 6 6 7 8 8 9 9 9 9 10 10 10 11 11 11 12 12 12 12 12
1 2 4 8 9 0 0 3 9 11 12 2 0 5 6 8 9 10 4 4 7 10 11 12 6 0 4 0 2 4 12 4 6 12 2 6 12 2 6 9 10 11
-56.66526148000003
ru-66S1-a
S H C H Ru C H C H C H C H Ru Ru Ru C Ru Ru Ru
0 0 0 0 1 2 2 2 2 2 2 3 4 4 5 5 5 5 5 5 6 6 7 7 7 7 8 9 9 9 9 9 10 11 11 11 11 11 11 12 13 13 13 14 14 14 14 14 15 16 16 16 16 17 17 17 18 19
1 14 16 19 0 3 9 13 14 15 16 2 5 6 4 6 7 14 16 17 4 5 5 8 11 17 7 2 10 11 13 14 9 7 9 12 13 17 18 11 2 9 11 0 2 5 9 16 2 0 2 5 14 5 7 11 11 0
-82.67149735999999
ru-4411-a
C H C H C H C H Ru Ru Ru Ru Ru O
0 0 0 0 0 1 2 2 2 2 2 2 3 4 4 4 4 4 4 5 6 6 6 6 6 6 7 8 8 9 9 9 9 10 11 11 12 12 12 13 13 13
1 2 4 8 9 0 0 3 8 9 12 13 2 0 5 6 9 10 11 4 4 7 9 11 12 13 6 0 2 0 2 4 6 4 4 6 2 6 13 2 6 12
-57.86198017999999
pt-8a01-a
C H H H C H H H Pt C H Pt C H Pt C H Pt C H Pt Pt C Pt C
0 0 0 0 0 1 2 3 4 4 4 4 4 5 6 7 8 8 8 9 9 9 9 9 9 10 10 11 11 12 12 12 12 12 12 12 13 13 14 14 14 15 15 15 15 15 15 16 16 17 17 18 18 18 18 18 18 18 19 19 20 20 20 20 21 21 21 21 21 21 22 22 22 22 22 23 23 23 23 24 24 24 24 24
1 2 3 20 22 0 0 0 5 6 7 23 24 4 4 4 9 10 18 8 10 18 21 23 24 8 9 12 13 11 13 14 15 20 21 22 11 12 12 15 16 12 14 16 21 23 24 14 15 18 19 8 9 17 19 20 21 22 17 18 0 12 18 22 9 12 15 18 22 24 0 12 18 20 21 4 9 15 24 4 9 15 21 23
-109.96330255999999
ru-8a02-b
C H H H C H H H C H C H C H C H Ru Ru Ru C Ru Ru C Ru
0 0 0 0 1 2 3 4 4 4 4 5 6 7 8 8 8 8 8 8 9 10 10 10 10 10 10 11 12 12 12 12 12 12 13 14 14 14 14 14 14 15 16 16 16 17 17 18 18 18 19 19 19 19 19 20 20 21 21 21 21 22 22 22 22 22 23 23
1 2 3 19 0 0 0 5 6 7 22 4 4 4 9 18 19 21 22 23 8 11 12 16 17 18 19 10 10 13 14 16 20 21 12 12 15 16 20 21 22 14 10 12 14 10 19 8 10 19 0 8 10 17 18 12 14 8 12 14 22 4 8 14 21 23 8 22
-111.66475072999998
os-6601-a
Os Os Os C C H C C H Os C H C H H H
0 0 0 0 1 1 1 2 2 2 2 3 3 3 3 3 4 4 4 4 4 5 6 6 6 6 6 6 7 7 7 7 7 8 9 9 9 10 10 10 10 10 10 11 12 12 12 12 12 13 14 15
4 6 10 12 3 4 6 3 6 7 10 1 2 6 7 8 0 1 6 12 15 6 0 1 2 3 4 5 2 3 9 10 11 3 7 10 12 0 2 7 9 12 13 7 0 4 9 10 14 10 12 4
-78.21306870000001
cd-67N1-b
N H H C H C H C H C H C H C
0 0 0 1 2 3 3 3 4 5 5 5 6 7 7 7 8 9 9 9 10 11 11 11 12 13 13 13
1 2 13 0 0 4 9 13 3 6 7 13 5 5 8 11 7 3 10 11 9 7 9 12 11 0 3 5
-88.74925027
cu-44S1-a
C H C H C H C H S Cu Cu
0 0 0 1 2 2 2 3 4 4 4 5 6 6 6 6 7 8 8 8 9 10
1 2 4 0 0 3 8 2 0 5 6 4 4 7 8 9 6 2 6 10 6 8
-54.85430582000001
zn-6601-b
C C H C C H C H C H H H
0 0 0 1 1 1 2 3 3 3 4 4 4 5 6 6 6 7 8 8 8 9 10 11
3 4 5 3 8 11 3 0 1 2 0 6 7 0 4 8 9 4 1 6 10 6 8 1
-76.45272563
ag-7801-b
C C H C C H C H C H C H H H H
0 0 0 1 1 1 2 3 3 3 4 4 4 5 6 6 6 7 8 8 8 9 10 10 10 10 11 12 13 14
3 4 5 3 8 11 3 0 1 2 0 6 7 0 4 8 9 4 1 6 10 6 8 12 13 14 1 10 10 10
-93.35430656
rh-8a03-a
C H C H C H C H C H H H C H H H Rh Rh Rh Rh Rh C C Rh
0 0 0 0 0 0 1 2 2 2 2 2 2 3 4 4 4 4 4 4 5 6 6 6 6 6 6 7 8 8 8 8 9 10 11 12 12 12 12 13 14 15 16 16 16 17 17 18 18 18 19 20 20 20 20 21 21 21 21 22 22 22 22 23
1 2 4 16 17 18 0 0 3 16 19 20 21 2 0 5 6 16 17 18 4 4 7 18 20 22 23 6 9 10 11 21 8 8 8 13 14 15 22 12 12 12 0 2 4 0 4 0 4 6 2 2 6 21 22 2 8 20 22 6 12 20 21 6
-111.66348255000003
ir-8a03-b
C H C H C H C H C H H H Ir C H H H Ir Ir Ir C Ir C
0 0 0 0 0 1 2 2 2 2 2 3 4 4 4 4 4 4 5 6 6 6 6 6 7 8 8 8 8 9 10 11 12 13 13 13 13 14 14 15 16 17 17 17 17 18 18 18 19 19 19 20 20 20 20 20 20 21 21 21 21 22 22 22 22 22
1 2 4 17 18 0 0 3 17 19 20 2 0 5 6 17 18 21 4 4 7 18 21 22 6 9 10 11 20 8 8 8 14 14 15 16 22 12 13 13 13 0 2 4 20 0 4 6 2 20 22 2 8 17 19 21 22 4 6 20 22 6 13 19 20 21
-111.51795738999999
au-8a01-b
C H H H C H H H C H C H C H C H C C
0 0 0 0 1 2 3 4 4 4 4 5 6 7 8 8 8 9 10 10 10 11 12 12 12 13 14 14 14 15 16 16 16 17 17 17
1 2 3 16 0 0 0 5 6 7 17 4 4 4 9 14 17 8 11 12 16 10 10 13 17 12 8 15 16 14 0 10 14 4 8 12
-110.18281439999998
rh-5601-a
C H Rh H C H Rh C H Rh C H C H Rh Rh
0 0 0 0 0 0 1 2 3 3 4 4 4 4 5 6 6 7 7 7 7 7 7 8 8 9 9 9 10 10 10 10 10 10 11 11 12 12 12 12 13 14 14 14 14 15 15 15
1 3 4 12 14 15 0 3 0 2 0 5 7 14 4 7 8 4 6 8 9 10 14 6 7 7 10 11 7 9 11 12 14 15 9 10 0 10 13 15 12 0 4 7 10 0 10 12
-68.28907594000003
ag-45N1-b
C H C H C H N H C H Ag Ag
0 0 0 0 1 2 2 2 3 4 4 4 5 6 6 6 7 8 8 8 8 9 10 11
1 2 4 10 0 0 3 8 2 0 5 6 4 4 7 8 6 2 6 9 11 8 0 8
-62.94229245
ru-5601-b
C H Ru H C H C H Ru C H C H Ru Ru Ru
0 0 0 0 0 0 1 2 3 3 4 4 4 4 5 6 6 6 6 6 7 8 8 9 9 9 9 9 9 10 10 11 11 11 11 12 13 13 13 14 14 15 15 15
1 3 4 11 13 15 0 3 0 2 0 5 6 13 4 4 7 9 13 14 6 9 10 6 8 10 11 14 15 8 9 0 9 12 15 11 0 4 6 6 9 0 9 11
-68.14265720999998
au-8a03-a
C H C H C H C H C H H H C H H H C C
0 0 0 1 2 2 2 3 4 4 4 5 6 6 6 7 8 8 8 8 9 10 11 12 12 12 12 13 14 15 16 16 16 17 17 17
1 2 4 0 0 3 16 2 0 5 6 4 4 7 17 6 9 10 11 16 8 8 8 13 14 15 17 12 12 12 2 8 17 6 12 16
-110.15966662
pd-8a01-b
C H H Pd H C H H H Pd C H Pd C H C H C H Pd Pd C C
0 0 0 0 1 2 3 4 4 5 5 5 5 6 7 8 9 9 9 9 10 10 10 10 10 10 11 11 12 12 12 12 13 13 13 13 13 13 14 14 15 15 15 15 15 16 17 17 17 17 17 18 19 19 19 19 20 20 20 20 21 21 21 21 21 22 22 22 22 22
1 2 4 21 0 0 4 0 3 6 7 8 22 5 5 5 10 11 17 22 9 11 17 19 20 22 9 10 13 14 15 21 12 14 15 19 20 21 12 13 12 13 16 20 22 15 9 10 18 19 21 17 10 13 17 21 10 13 15 22 0 12 13 17 19 5 9 10 15 20
-111.66234716
ru-6611-a
C H C H Ru C H C H C H O H Ru Ru Ru C Ru Ru
0 0 0 0 1 2 2 2 2 2 2 3 4 4 5 5 5 5 5 5 6 6 7 7 7 7 8 9 9 9 9 9 9 10 11 11 12 13 13 13 14 15 15 15 16 16 16 16 17 17 17 18
1 2 9 13 0 0 3 7 13 17 18 2 5 6 4 6 7 15 16 17 4 5 2 5 8 17 7 0 10 13 14 15 16 9 12 16 11 0 2 9 9 5 9 16 5 9 11 15 2 5 7 2
-84.90562929999999
pd-8a03-a
C H C H C H C H C H H H C H H H Pd Pd Pd C C
0 0 0 0 0 1 2 2 2 2 2 3 4 4 4 4 4 5 6 6 6 6 6 7 8 8 8 8 9 10 11 12 12 12 12 13 14 15 16 16 16 17 17 17 18 18 18 18 19 19 19 19 20 20 20 20
1 2 4 16 17 0 0 3 16 18 19 2 0 5 6 16 17 4 4 7 17 18 20 6 9 10 11 19 8 8 8 13 14 15 20 12 12 12 0 2 4 0 4 6 2 6 19 20 2 8 18 20 6 12 18 19
-111.46012692000002
rh-8a02-b
C H H H C H H H C H C H C H C H Rh Rh Rh C Rh Rh C Rh
0 0 0 0 1 2 3 4 4 4 4 5 6 7 8 8 8 8 8 8 9 10 10 10 10 10 10 11 12 12 12 12 12 12 13 14 14 14 14 14 14 15 16 16 16 17 18 18 18 19 19 19 19 20 20 21 21 21 21 22 22 22 22 23
1 2 3 19 0 0 0 5 6 7 22 4 4 4 9 18 19 21 22 23 8 11 12 16 17 18 19 10 10 13 14 16 20 21 12 12 15 16 20 21 22 14 10 12 14 10 8 10 19 0 8 10 18 12 14 8 12 14 22 4 8 14 21 8
-111.69656974000003
rh-8a03-b
C H C H C H C H C H H H C H H H Rh Rh Rh Rh Rh C C Rh
0 0 0 0 0 0 1 2 2 2 2 2 2 3 4 4 4 4 4 5 6 6 6 6 6 6 7 8 8 8 8 9 10 11 12 12 12 12 13 14 15 16 16 17 17 18 18 18 19 20 20 20 20 21 21 21 21 22 22 22 22 23
1 2 4 16 17 18 0 0 3 16 19 20 21 2 0 5 6 17 18 4 4 7 18 20 22 23 6 9 10 11 21 8 8 8 13 14 15 22 12 12 12 0 2 0 4 0 4 6 2 2 6 21 22 2 8 20 22 6 12 20 21 6
-111.66327676999998
pt-4411-b
C H C H C H C H Pt Pt Pt O
0 0 0 0 0 0 1 2 2 2 2 2 3 4 4 4 4 4 5 6 6 6 6 7 8 8 8 9 9 9 10 10 10 11 11 11
1 2 4 8 9 10 0 0 3 8 9 11 2 0 5 6 8 10 4 4 7 10 11 6 0 2 4 0 2 11 0 4 6 2 6 9
-58.162662420000004
cd-6601-a
C C H C C H C H C H H H
0 0 0 1 1 1 2 3 3 3 4 4 4 5 6 6 6 7 8 8 8 9 10 11
3 4 5 3 8 11 3 0 1 2 0 6 7 0 4 8 9 4 1 6 10 6 8 1
-76.36759379
pd-67N1-b
N H H C H C H C H C H C H Pd Pd C Pd
0 0 0 1 2 3 3 3 3 4 5 5 5 5 6 7 7 7 7 7 8 9 9 9 9 9 10 11 11 11 11 11 12 13 13 13 14 14 14 15 15 15 15 16 16 16
1 2 15 0 0 4 9 14 15 3 6 7 15 16 5 5 8 11 13 16 7 3 10 11 13 14 9 7 9 12 13 14 11 7 9 11 3 9 11 0 3 5 16 5 7 15
-90.38017005999998
pd-8a03-b
C H C H Pd C H C H C H H H Pd C H H H Pd Pd C Pd C
0 0 0 0 0 1 2 2 2 2 2 3 4 4 4 4 5 5 5 5 5 5 6 6 7 7 7 7 7 8 9 9 9 9 9 10 11 12 13 14 14 14 14 15 15 16 17 18 18 18 18 19 19 19 19 20 20 20 20 20 20 21 21 21 21 22 22 22 22 22
1 2 4 5 18 0 0 3 18 19 20 2 0 5 6 7 0 4 6 7 18 21 4 5 4 5 8 21 22 7 10 11 12 19 20 9 9 9 15 15 16 17 22 13 14 14 14 0 2 5 20 2 9 20 22 2 9 18 19 21 22 5 7 20 22 7 14 19 20 21
-111.61329982999999
ni-5601-a
C H Ni H C H C H C H C H Ni Ni Ni
0 0 0 0 0 1 2 2 3 3 4 4 4 4 5 6 6 6 6 6 7 8 8 8 8 8 8 9 10 10 10 10 11 12 12 12 13 13 14 14
1 2 3 4 10 0 0 3 0 2 0 5 6 12 4 4 7 8 12 13 6 6 9 10 12 13 14 8 0 8 11 14 10 4 6 8 6 8 8 10
-67.94843909999997
ni-55N1-a
Ni C H C H C H C H Ni C H Ni Ni Ni N Ni Ni
0 0 1 1 1 1 1 1 2 2 3 3 3 3 3 3 4 5 5 5 5 6 7 7 7 7 7 7 8 9 9 9 10 10 10 10 10 10 11 11 12 12 13 13 13 14 14 14 14 14 15 15 15 15 15 16 16 17
1 2 0 2 3 12 14 15 0 1 1 4 5 12 13 14 3 3 6 7 13 5 5 8 10 13 14 16 7 10 11 15 7 9 11 14 15 16 9 10 1 3 3 5 7 1 3 7 10 15 1 9 10 14 17 7 10 15
-72.66385893
os-66S1-b
S H C H C H C H C H C H Os Os Os C Os Os Os
0 0 0 0 0 1 2 2 2 2 2 2 3 4 4 4 4 4 4 5 6 6 6 6 6 6 7 8 8 8 8 9 10 10 10 10 10 11 12 12 12 13 13 13 13 13 14 14 14 15 15 15 15 15 16 16 17 17 17 18
1 13 14 15 18 0 3 8 12 13 14 15 2 5 6 13 15 16 17 4 4 7 10 13 16 17 6 2 9 10 12 8 6 8 11 12 17 10 2 8 10 0 2 4 6 15 0 2 15 0 2 4 13 14 4 6 4 6 10 0
-82.45277269000007
ir-6611-a
C H C H C H C H C H Ir O H Ir Ir Ir C Ir
0 0 0 0 0 1 2 2 2 2 2 3 4 4 4 4 4 5 6 6 6 6 6 6 7 8 8 8 8 8 8 9 10 11 11 12 12 13 13 13 14 14 14 14 15 15 15 15 16 16 16 16 16 17 17 17
1 2 8 13 14 0 0 3 6 14 17 2 5 6 15 16 17 4 2 4 7 14 15 17 6 0 9 13 14 15 16 8 12 12 16 10 11 0 8 16 0 2 6 8 4 6 8 16 4 8 11 13 15 2 4 6
-84.83262294999997
ir-8a01-a
C H H H C H H H C H C H C H C H Ir C Ir Ir C Ir
0 0 0 0 1 2 3 4 4 4 4 5 6 7 8 8 8 8 8 9 10 10 10 10 11 12 12 12 12 12 12 13 14 14 14 14 14 15 16 16 16 16 17 17 17 17 18 19 19 19 20 20 20 20 21 21
1 2 3 17 0 0 0 5 6 7 20 4 4 4 9 14 19 20 21 8 11 12 16 17 10 10 13 16 18 19 20 12 8 15 16 17 21 14 10 12 14 17 0 10 14 16 12 8 12 20 4 8 12 19 8 14
-111.47671026
os-7801-b
Os C C H C Os Os C H C H Os Os C H C Os H H H H
0 0 0 1 1 1 1 1 1 2 2 2 2 2 2 3 4 4 4 4 5 5 5 6 6 7 7 7 7 8 8 9 9 9 9 9 9 10 11 11 12 12 12 13 13 13 13 14 14 15 15 15 15 16 16 17 17 18 19 20
1 2 4 0 4 5 6 7 8 0 4 12 13 16 17 4 0 1 2 3 1 7 9 1 8 1 5 9 10 1 6 5 7 11 12 13 14 7 9 14 2 9 13 2 9 12 15 9 11 13 18 19 20 2 17 2 16 15 15 15
-95.04522787000008
pt-8a02-a
C H H H C H H H C H C H C H C H Pt Pt Pt C Pt C
0 0 0 0 1 2 3 4 4 4 4 4 5 6 7 8 8 8 8 8 9 10 10 10 10 10 10 11 12 12 12 12 12 13 14 14 14 14 14 15 16 16 16 16 17 17 17 18 18 18 18 19 19 19 19 19 20 20 20 20 21 21 21 21 21 21
1 2 3 19 0 0 0 5 6 7 20 21 4 4 4 9 18 19 20 21 8 11 12 16 17 18 19 10 10 13 14 16 17 12 12 15 16 20 21 14 10 12 14 21 10 12 19 8 10 19 21 0 8 10 17 18 4 8 14 21 4 8 14 16 18 20
-111.47588271000001
cu-8a01-b
C H H H C H H H C H C H C H C H C C
0 0 0 0 1 2 3 4 4 4 4 5 6 7 8 8 8 9 10 10 10 11 12 12 12 13 14 14 14 15 16 16 16 17 17 17
1 2 3 16 0 0 0 5 6 7 17 4 4 4 9 14 17 8 11 12 16 10 10 13 17 12 8 15 16 14 0 10 14 4 8 12
-110.20034530999999
zn-44S1-b
C H C H C H C H S
0 0 0 1 2 2 2 3 4 4 4 5 6 6 6 7 8 8
1 2 4 0 0 3 8 2 0 5 6 4 4 7 8 6 2 6
-54.61462148
ag-66S1-a
S H C H C H C H C H C H C Ag
0 0 0 1 2 2 2 3 4 4 4 5 6 6 6 7 8 8 8 9 10 10 10 11 12 12 12 13
1 12 13 0 3 8 12 2 5 6 12 4 4 7 10 6 2 9 10 8 6 8 11 10 0 2 4 0
-80.6059099
ru-8a02-a
C H H H C H H H C H C H C H C H Ru Ru Ru C Ru Ru C Ru
0 0 0 0 1 2 3 4 4 4 4 5 6 7 8 8 8 8 8 8 9 10 10 10 10 10 10 11 12 12 12 12 12 13 14 14 14 14 14 14 15 16 16 16 17 17 18 18 18 19 19 19 19 19 20 20 21 21 21 22 22 22 22 22 23 23
1 2 3 19 0 0 0 5 6 7 22 4 4 4 9 18 19 21 22 23 8 11 12 16 17 18 19 10 10 13 14 16 20 12 12 15 16 20 21 22 14 10 12 14 10 19 8 10 19 0 8 10 17 18 12 14 8 14 22 4 8 14 21 23 8 22
-111.66768848999999
pt-55N1-a
Pt C H C H C H C H Pt C H Pt Pt Pt Pt N Pt
0 0 1 1 1 1 1 1 1 2 2 3 3 3 3 3 3 4 5 5 5 5 5 5 6 7 7 7 7 7 7 8 9 9 10 10 10 10 10 10 10 11 11 12 12 12 13 13 13 14 14 14 14 14 14 15 15 15 16 16 16 16 17 17
1 2 0 2 3 12 14 15 16 0 1 1 4 5 12 13 14 3 3 6 7 12 13 14 5 5 8 10 13 14 17 7 10 11 7 9 11 14 15 16 17 9 10 1 3 5 3 5 7 1 3 5 7 10 16 1 10 16 1 10 14 15 7 10
-71.45022184999999
pd-5601-b
C H Pd H C H Pd C H Pd C H C H Pd Pd
0 0 0 0 0 1 2 3 3 4 4 4 4 4 5 6 6 6 6 7 7 7 7 7 7 8 8 9 9 10 10 10 10 10 10 11 11 12 12 12 12 13 14 14 14 15 15 15
1 3 4 12 14 0 3 0 2 0 5 6 7 14 4 4 7 8 10 4 6 8 10 14 15 6 7 10 11 6 7 9 11 12 15 9 10 0 10 13 15 12 0 4 7 7 10 12
-68.28000975
pt-45N1-b
C H C H C H N H C H Pt Pt Pt
0 0 0 0 0 1 2 2 2 2 2 2 3 4 4 4 4 5 6 6 6 6 7 8 8 8 8 8 9 10 10 10 11 11 11 12 12 12
1 2 4 10 11 0 0 3 8 10 11 12 2 0 5 6 10 4 4 7 8 12 6 2 6 9 11 12 8 0 2 4 0 2 8 2 6 8
-64.14192309000003
au-8a03-b
C H C H C H C H C H H H C H H H C C
0 0 0 1 2 2 2 3 4 4 4 5 6 6 6 7 8 8 8 8 9 10 11 12 12 12 12 13 14 15 16 16 16 17 17 17
1 2 4 0 0 3 16 2 0 5 6 4 4 7 17 6 9 10 11 16 8 8 8 13 14 15 17 12 12 12 2 8 17 6 12 16
-110.21637175000001
cd-8a01-a
C H H H C H H H C H C H C H C H C C
0 0 0 0 1 2 3 4 4 4 4 5 6 7 8 8 8 9 10 10 10 11 12 12 12 13 14 14 14 15 16 16 16 17 17 17
1 2 3 16 0 0 0 5 6 7 17 4 4 4 9 14 17 8 11 12 16 10 10 13 17 12 8 15 16 14 0 10 14 4 8 12
-109.91089351000002
pt-7801-a
Pt Pt Pt C C H C C H Pt C H C H C H H H H
0 0 0 1 1 1 1 2 2 2 2 3 3 3 3 3 4 4 4 4 4 5 6 6 6 6 6 6 7 7 7 7 7 8 9 9 9 10 10 10 10 10 10 11 12 12 12 12 12 13 14 14 14 14 15 16 17 18
3 4 6 3 6 7 10 4 6 10 12 0 1 6 7 8 0 2 6 12 15 6 0 1 2 3 4 5 1 3 9 10 11 3 7 10 12 1 2 7 9 12 13 7 2 4 9 10 14 10 12 16 17 18 4 14 14 14
-94.74862335
pt-66S1-a
S H C H C H C H C H C H Pt Pt Pt C Pt Pt
0 0 0 0 1 2 2 2 2 2 3 4 4 4 4 4 5 6 6 6 6 6 7 8 8 8 8 8 9 10 10 10 10 11 12 12 13 13 13 14 14 14 14 15 15 15 15 16 16 17
1 14 15 17 0 3 8 12 14 15 2 5 6 14 15 16 4 4 7 10 13 16 6 2 9 10 12 13 8 6 8 11 13 10 2 8 6 8 10 0 2 4 15 0 2 4 14 4 6 0
-81.61202939999998
ni-67N1-a
N H H C H Ni C H C H C H C H Ni Ni Ni C Ni Ni
0 0 0 0 1 2 3 3 3 3 3 4 5 5 5 6 6 6 6 6 6 7 7 8 8 8 8 9 10 10 10 10 10 10 11 12 12 12 12 12 13 14 14 15 15 16 16 16 16 17 17 17 17 17 17 18 18 19 19 19
1 2 17 18 0 0 4 10 14 16 17 3 6 7 17 5 7 8 16 17 19 5 6 6 9 12 19 8 3 11 12 14 15 16 10 8 10 13 15 19 12 3 10 10 12 3 6 10 17 0 3 5 6 16 18 0 17 6 8 12
-90.22604152999997
cd-55N1-a
C H C H C H C H C H N Cd
0 0 0 1 2 2 2 3 4 4 4 5 6 6 6 7 8 8 8 9 10 10 10 11
1 2 10 0 0 3 4 2 2 5 6 4 4 7 8 6 6 9 10 8 0 8 11 10
-71.66922289000001
os-8a01-b
C H H Os H Os C H H H C H C H C H C H Os Os Os C C Os
0 0 0 0 1 2 3 4 4 5 6 6 6 6 7 7 8 9 10 10 10 10 10 10 11 12 12 12 12 12 12 13 14 14 14 14 14 15 16 16 16 16 16 17 18 18 18 18 19 19 19 20 20 20 20 21 21 21 21 21 22 22 22 22 22 23 23 23
1 2 4 21 0 0 4 0 3 7 7 8 9 22 5 6 6 6 11 16 18 20 22 23 10 13 14 18 19 20 21 12 12 15 19 20 22 14 10 17 18 21 23 16 10 12 16 21 12 14 21 10 12 14 22 0 12 16 18 19 6 10 14 20 23 10 16 22
-111.66373082000007
au-55N1-b
C H C H C H C H C H N
0 0 0 1 2 2 2 3 4 4 4 5 6 6 6 7 8 8 8 9 10 10
1 2 10 0 0 3 4 2 2 5 6 4 4 7 8 6 6 9 10 8 0 8
-71.74086368000002
ni-44S1-a
C H C H C H C H Ni Ni Ni Ni S Ni
0 0 0 0 0 0 1 2 2 2 2 3 4 4 4 4 4 5 6 6 6 6 7 8 9 9 10 10 10 11 11 11 12 12 12 12 12 13
1 2 4 8 9 10 0 0 3 10 12 2 0 5 6 9 11 4 4 7 11 12 6 0 0 4 0 2 12 4 6 12 2 6 10 11 13 12
-56.213667199999975
cu-8a02-b
C H H H C H H H C H C H C H C H Cu C Cu C
0 0 0 0 1 2 3 4 4 4 4 5 6 7 8 8 8 9 10 10 10 10 11 12 12 12 13 14 14 14 14 15 16 17 17 17 18 19 19 19
1 2 3 17 0 0 0 5 6 7 19 4 4 4 9 17 19 8 11 12 16 17 10 10 13 14 12 12 15 18 19 14 10 0 8 10 14 4 8 14
-110.23867051999997
au-6611-a
C H C H C H C H C H O H C
0 0 0 1 2 2 2 3 4 4 4 5 6 6 6 7 8 8 8 9 10 10 11 12 12 12
1 2 8 0 0 3 6 2 5 6 12 4 2 4 7 6 0 9 12 8 11 12 10 4 8 10
-83.37714122
au-8a02-b
C H H H C H H H C H C H C H C H C C
0 0 0 0 1 2 3 4 4 4 4 5 6 7 8 8 8 9 10 10 10 11 12 12 12 13 14 14 14 15 16 16 16 17 17 17
1 2 3 16 0 0 0 5 6 7 17 4 4 4 9 16 17 8 11 12 16 10 10 13 14 12 12 15 17 14 0 8 10 4 8 14
-110.20333055000003
ru-4411-b
C H C H Ru C H C H Ru Ru Ru O Ru
0 0 0 0 0 0 1 2 2 2 2 3 4 4 5 5 5 5 5 5 6 6 7 7 7 7 8 9 9 10 10 10 11 11 11 11 12 12 12 12 12 13
1 2 5 9 10 11 0 0 3 10 12 2 5 6 0 4 6 7 9 11 4 5 5 8 11 12 7 0 5 0 2 12 0 5 7 12 2 7 10 11 13 12
-57.86938895999998
ag-55N1-a
C H C H C H C H C H N Ag
0 0 0 1 2 2 2 3 4 4 4 5 6 6 6 7 8 8 8 9 10 10 10 11
1 2 10 0 0 3 4 2 2 5 6 4 4 7 8 6 6 9 10 8 0 8 11 10
-71.86186452000001
rh-45N1-a
C H Rh C H C H N H C H Rh Rh Rh
0 0 0 0 0 0 1 2 2 2 2 3 3 3 3 3 3 4 4 5 5 5 5 6 7 7 7 7 8 9 9 9 9 9 10 11 12 12 12 13 13 13
1 2 3 5 11 12 0 0 3 4 9 0 2 4 9 12 13 2 3 0 6 7 12 5 5 8 9 13 7 2 3 7 10 13 9 0 0 3 5 3 7 9
-63.93325960999999
au-6601-a
C C H C C H C H C H H H
0 0 0 1 1 1 2 3 3 3 4 4 4 5 6 6 6 7 8 8 8 9 10 11
3 4 5 3 8 11 3 0 1 2 0 6 7 0 4 8 9 4 1 6 10 6 8 1
-76.54261575000001
ir-8a01-b
C H H H Ir C H H H C H C H C H C H Ir Ir Ir C C Ir
0 0 0 0 1 2 3 4 5 5 5 5 6 6 7 8 9 9 9 9 9 9 10 11 11 11 11 11 11 12 13 13 13 13 13 14 15 15 15 15 15 16 17 17 17 17 18 18 18 19 19 19 19 20 20 20 20 20 21 21 21 21 21 22 22 22
1 2 3 20 0 0 0 6 6 7 8 21 4 5 5 5 10 15 17 19 21 22 9 12 13 17 18 19 20 11 11 14 18 19 21 13 9 16 17 20 22 15 9 11 15 20 11 13 20 9 11 13 21 0 11 15 17 18 5 9 13 19 22 9 15 21
-111.56465143000003
os-45N1-a
C H Os C H C H N H C H Os Os Os
0 0 0 0 1 2 2 3 3 3 3 3 3 4 4 5 5 5 5 5 6 7 7 7 7 8 9 9 9 9 10 11 11 11 12 12 13 13
1 3 5 11 0 3 4 0 2 4 9 11 12 2 3 0 6 7 11 13 5 5 8 9 13 7 3 7 10 12 9 0 3 5 3 9 5 7
-63.89128619000007
ru-8a03-a
C H C H C H C H C H H H C H H H Ru Ru Ru Ru Ru C C Ru
0 0 0 0 0 0 1 2 2 2 2 2 2 3 4 4 4 4 4 5 6 6 6 6 6 6 7 8 8 8 8 9 10 11 12 12 12 12 13 14 15 16 16 17 17 18 18 18 19 19 20 20 20 20 21 21 21 21 21 22 22 22 22 22 23 23
1 2 4 16 17 18 0 0 3 16 19 20 21 2 0 5 6 17 18 4 4 7 18 20 22 23 6 9 10 11 21 8 8 8 13 14 15 22 12 12 12 0 2 0 4 0 4 6 2 21 2 6 21 22 2 8 19 20 22 6 12 20 21 23 6 22
-111.62978721999997
zn-6611-b
C H C H C H C H C H O H C
0 0 0 1 2 2 2 3 4 4 4 5 6 6 6 7 8 8 8 9 10 10 11 12 12 12
1 2 8 0 0 3 6 2 5 6 12 4 2 4 7 6 0 9 12 8 11 12 10 4 8 10
-83.24699729
cd-4411-b
C H C H C H C H O
0 0 0 1 2 2 2 3 4 4 4 5 6 6 6 7 8 8
1 2 4 0 0 3 8 2 0 5 6 4 4 7 8 6 2 6
-56.779320469999995
ag-6611-b
C H C H C H C H C H O H Ag C
0 0 0 1 2 2 2 3 4 4 4 5 6 6 6 7 8 8 8 8 9 10 10 11 12 13 13 13
1 2 8 0 0 3 6 2 5 6 13 4 2 4 7 6 0 9 12 13 8 11 13 10 8 4 8 10
-83.37515558000001
cu-8a02-a
C H H H C H H H C H C H C H C H C Cu C
0 0 0 0 1 2 3 4 4 4 4 5 6 7 8 8 8 9 10 10 10 11 12 12 12 12 13 14 14 14 15 16 16 16 17 18 18 18
1 2 3 16 0 0 0 5 6 7 18 4 4 4 9 16 18 8 11 12 16 10 10 13 14 17 12 12 15 18 14 0 8 10 12 4 8 14
-110.21726555999999
pd-67N1-a
N H H C H Pd C H C H Pd C H C H Pd Pd C Pd
0 0 0 0 0 1 2 3 3 3 3 3 4 5 5 5 5 6 6 6 6 6 6 7 7 8 8 8 8 8 9 10 10 10 10 11 11 11 11 11 11 12 12 13 13 13 13 13 14 15 15 15 15 15 16 16 16 16 17 17 17 17 17 17 18 18
1 2 15 17 18 0 0 4 10 11 15 17 3 6 7 8 17 5 7 8 15 16 17 5 6 5 6 9 13 16 8 3 11 12 13 3 10 12 13 15 16 10 11 8 10 11 14 16 13 0 3 6 11 17 6 8 11 13 0 3 5 6 15 18 0 17
-90.56738338
pd-45N1-b
Pd C H Pd C H Pd C H N H C H Pd
0 0 0 0 1 1 1 1 2 2 3 3 4 4 4 4 4 4 5 5 6 6 6 7 7 7 7 7 8 8 9 9 9 9 9 10 11 11 11 11 12 13 13 13
1 2 4 7 0 2 4 7 0 1 4 5 0 1 3 5 11 13 3 4 7 8 9 0 1 6 8 9 6 7 6 7 10 11 13 9 4 9 12 13 11 4 9 11
-63.95257923
cu-8a03-b
C H C H C H C H C H H H C H H H Cu C C Cu
0 0 0 0 1 2 2 2 3 4 4 4 4 5 6 6 6 7 8 8 8 8 9 10 11 12 12 12 12 13 14 15 16 17 17 17 18 18 18 19
1 2 4 16 0 0 3 17 2 0 5 6 19 4 4 7 18 6 9 10 11 17 8 8 8 13 14 15 18 12 12 12 0 2 8 18 6 12 17 4
-110.24326236000002
ru-67N1-a
N H H C H Ru C H C H C H C H Ru Ru Ru C Ru Ru
0 0 0 0 0 1 2 3 3 3 3 3 3 4 5 5 5 6 6 6 6 6 6 7 7 8 8 8 8 9 10 10 10 10 10 10 11 12 12 12 12 12 13 14 14 15 15 15 16 16 16 16 16 17 17 17 17 17 17 18 18 19 19 19
1 2 16 17 18 0 0 4 10 14 15 16 17 3 6 7 17 5 7 8 16 17 19 5 6 6 9 12 19 8 3 11 12 14 15 16 10 8 10 13 15 19 12 3 10 3 10 12 0 3 6 10 17 0 3 5 6 16 18 0 17 6 8 12
-90.62415097000002
rh-5601-b
C H Rh H C H Rh C H Rh C H C H Rh Rh
0 0 0 0 0 0 1 2 3 3 4 4 4 4 4 5 6 6 6 6 7 7 7 7 7 7 8 8 9 9 10 10 10 10 10 10 11 11 12 12 12 12 13 14 14 14 15 15 15 15
1 3 4 12 14 15 0 3 0 2 0 5 6 7 14 4 4 7 8 10 4 6 8 10 14 15 6 7 10 11 6 7 9 11 12 15 9 10 0 10 13 15 12 0 4 7 0 7 10 12
-68.29434908000002
ru-6601-a
Ru Ru Ru C C H C Ru C H Ru C H Ru C H Ru H H
0 0 1 1 1 1 1 1 2 2 3 3 3 3 3 3 4 4 4 4 4 4 5 6 6 6 6 6 6 7 7 8 8 8 8 8 8 9 10 10 11 11 11 11 11 11 12 13 13 14 14 14 14 14 14 15 16 16 17 18
4 6 3 4 6 8 11 14 3 6 1 2 6 7 8 9 0 1 6 14 16 18 6 0 1 2 3 4 5 3 8 1 3 7 10 11 12 3 8 11 1 8 10 13 14 15 8 11 14 1 4 11 13 16 17 11 4 14 14 4
-76.21171613000001
