rh-9801-a
C H H C H C H C H C H C H C H Rh Rh C Rh C Rh Rh Rh
0 0 0 0 1 2 3 3 3 3 4 5 5 5 5 6 7 7 7 7 8 9 9 9 9 10 11 11 11 11 12 13 13 13 13 14 15 15 16 17 17 17 17 18 18 19 19 19 19 20 21 22
1 2 5 19 0 0 4 5 17 21 3 0 3 6 22 5 8 9 11 15 7 7 10 16 17 9 7 12 13 15 11 11 14 19 20 13 7 11 9 3 9 18 19 17 19 0 13 17 18 13 3 5
-113.28997107999999
cu-97N2-a
C H C H C H C H C H C H C H C C N Cu
0 0 0 1 2 2 2 3 4 4 4 5 6 6 6 7 8 8 8 9 10 10 10 11 12 12 12 13 14 14 14 15 15 15 16 16 16 17
1 14 16 0 3 4 15 2 2 5 16 4 7 12 14 6 9 10 15 8 8 11 12 10 6 10 13 12 0 6 15 2 8 14 0 4 17 16
-115.79943139
zn-87N2-a
N H C H C H C H C H C H C H C C
0 0 0 1 2 2 2 3 4 4 4 5 6 6 6 7 8 8 8 9 10 10 10 11 12 12 12 13 14 14 14 15 15 15
1 2 4 0 0 3 14 2 0 5 15 4 7 8 10 6 6 9 15 8 6 11 12 10 10 13 14 12 2 12 15 4 8 14
-106.46565769
pd-9802-a
C H H C H C H C H C H C H C H Pd Pd Pd C C Pd Pd
0 0 0 0 1 2 3 3 3 3 4 5 5 5 5 6 7 7 7 7 8 9 9 9 9 10 11 11 11 11 12 13 13 13 13 14 15 15 16 17 17 18 18 18 18 19 19 19 19 20 20 21
1 2 11 13 0 0 4 5 7 16 3 3 6 17 18 5 3 8 9 15 7 7 10 15 19 9 0 12 19 20 11 0 14 18 21 13 7 9 3 5 18 5 13 17 19 9 11 18 20 11 19 13
-113.00045979000001
zn-8612-a
C H C H C H C H C H C H C C O
0 0 0 1 2 2 2 3 4 4 4 5 6 6 6 7 8 8 8 9 10 10 10 11 12 12 12 13 13 13 14 14
1 12 14 0 3 13 14 2 5 6 8 4 4 7 12 6 4 9 10 8 8 11 13 10 0 6 13 2 10 12 0 2
-100.36620980000001
ru-97N1-a
C H C H C H C H C H C H C H Ru Ru Ru C C N Ru Ru Ru Ru
0 0 0 0 1 2 2 2 2 3 4 4 4 4 5 6 6 6 6 6 7 8 8 8 8 9 10 10 10 10 11 12 12 12 12 13 14 14 15 16 16 16 16 17 17 17 17 18 18 18 18 19 19 19 19 19 20 21 22 22 22 23
1 2 4 14 0 0 3 6 14 2 0 5 18 20 4 2 7 15 16 17 6 9 12 19 22 8 11 12 18 21 10 8 10 13 22 12 0 2 6 6 17 18 19 6 16 18 19 4 10 16 17 8 16 17 22 23 4 10 8 12 19 19
-118.24148831999997
rh-8612-a
C H C H C H C H C H C H Rh Rh Rh C C Rh Rh O
0 0 0 0 1 2 2 2 2 3 4 4 4 4 5 6 6 6 6 7 8 8 8 8 9 10 10 10 10 11 12 12 13 14 14 15 15 15 15 16 16 16 16 17 17 18 19 19
1 15 18 19 0 3 16 17 19 2 5 6 8 13 4 4 7 14 15 6 4 9 10 12 8 8 11 12 16 10 8 10 4 6 15 0 6 14 16 2 10 15 17 2 16 0 0 2
-102.99101107000001
pt-86S1-a
C H C H C H C H C H C H Pt Pt C Pt C S Pt Pt Pt Pt
0 0 0 0 1 2 2 2 2 3 4 4 4 4 5 6 6 6 6 7 8 8 8 8 9 10 10 10 10 11 12 12 13 14 14 14 14 15 15 16 16 16 16 17 17 17 18 19 20 21
1 2 14 19 0 0 3 17 20 2 5 10 13 14 4 7 8 16 18 6 6 9 10 12 8 4 8 11 12 10 8 10 4 0 4 15 16 14 16 6 14 15 17 2 16 21 6 0 2 17
-100.77777101999999
cu-86S2-a
C H C H C H C H C H C H C C Cu S Cu Cu
0 0 0 0 1 2 2 2 2 3 4 4 4 5 6 6 6 7 8 8 8 9 10 10 10 11 12 12 12 13 13 13 14 15 15 15 16 17
1 12 15 16 0 3 13 14 15 2 5 6 8 4 4 7 13 6 4 9 10 8 8 11 12 10 0 10 13 2 6 12 2 0 2 17 0 15
-98.68902752000002
ag-8611-a
C H C H C H C H C H C H C C O
0 0 0 1 2 2 2 3 4 4 4 5 6 6 6 7 8 8 8 9 10 10 10 11 12 12 12 13 13 13 14 14
1 2 12 0 0 3 14 2 5 10 12 4 7 8 13 6 6 9 10 8 4 8 11 10 0 4 13 6 12 14 2 13
-100.99564004000001
ru-9801-a
C H Ru H C H C H C H C H C H C H Ru Ru C Ru C Ru Ru Ru
0 0 0 0 1 2 3 3 4 4 4 4 5 6 6 6 6 7 8 8 8 8 9 10 10 10 10 11 12 12 12 12 13 14 14 14 14 15 16 16 17 18 18 18 18 19 19 20 20 20 20 21 22 23
1 3 6 20 0 3 0 2 5 6 18 22 4 0 4 7 23 6 9 10 12 16 8 8 11 17 18 10 8 13 14 16 12 12 15 20 21 14 8 12 10 4 10 19 20 18 20 0 14 18 19 14 4 6
-112.91224147999998
ru-9802-a
C H H C H C H C H C H C H C H Ru Ru Ru C C Ru Ru
0 0 0 0 1 2 3 3 3 3 4 5 5 5 5 6 7 7 7 7 7 8 9 9 9 9 10 11 11 11 11 12 13 13 13 13 14 15 15 16 16 16 17 17 18 18 18 18 19 19 19 19 19 20 20 21
1 2 11 13 0 0 4 5 7 15 3 3 6 17 18 5 3 8 9 15 16 7 7 10 16 19 9 0 12 19 20 11 0 14 18 21 13 3 7 7 9 19 5 18 5 13 17 19 9 11 16 18 20 11 19 13
-113.28464309999998
cu-a801-a
C H C H C H C H C H C H C H C H C C
0 0 0 1 2 2 2 3 4 4 4 5 6 6 6 7 8 8 8 9 10 10 10 11 12 12 12 13 14 14 14 15 16 16 16 17 17 17
1 2 6 0 0 3 4 2 2 5 16 4 0 7 17 6 9 10 17 8 8 11 12 10 10 13 14 12 12 15 16 14 4 14 17 6 8 16
-120.57480509999999
rh-86S1-a
C H C H C H C H C H C H Rh Rh C Rh C S Rh Rh Rh Rh
0 0 0 0 1 2 2 2 2 3 4 4 4 4 5 6 6 6 6 7 8 8 8 8 9 10 10 10 10 11 12 12 13 14 14 14 14 15 15 16 16 16 16 17 17 17 17 18 19 20 20 21
1 2 14 19 0 0 3 17 20 2 5 10 13 14 4 7 8 16 18 6 6 9 10 12 8 4 8 11 12 10 8 10 4 0 4 15 16 14 16 6 14 15 17 2 16 20 21 6 0 2 17 17
-101.51757952000003
pt-86S2-a
C H C H C H C H C H C H Pt Pt C Pt C Pt Pt S Pt Pt
0 0 0 0 1 2 2 2 2 3 4 4 4 4 5 6 6 6 6 7 8 8 8 8 9 10 10 10 10 11 12 12 13 14 14 14 14 15 15 16 16 16 16 17 18 19 19 19 20 21
1 14 19 20 0 3 16 18 19 2 5 6 8 12 4 4 7 16 17 6 4 9 10 12 8 8 11 13 14 10 4 8 10 0 10 15 16 14 16 2 6 14 15 6 2 0 2 21 0 19
-100.81529778999999
ni-87N2-a
N H C H C H C H C H C H C H Ni Ni C Ni C Ni Ni Ni Ni
0 0 0 0 1 2 2 2 2 3 4 4 4 4 5 6 6 6 6 7 8 8 8 8 9 10 10 10 10 11 12 12 12 12 13 14 14 15 16 16 16 16 17 18 18 18 18 19 19 20 21 22
1 2 4 22 0 0 3 16 21 2 0 5 18 20 4 7 8 10 14 6 6 9 17 18 8 6 11 12 14 10 10 13 15 16 12 6 10 12 2 12 18 19 8 4 8 16 19 16 18 4 2 0
-108.25941876000002
zn-87N1-a
N H C H C H C H C H C H C H C C
0 0 0 1 2 2 2 3 4 4 4 5 6 6 6 7 8 8 8 9 10 10 10 11 12 12 12 13 14 14 14 15 15 15
1 4 15 0 3 4 14 2 0 2 5 4 7 10 14 6 9 10 12 8 6 8 11 10 8 13 15 12 2 6 15 0 12 14
-106.79147258999998
pd-8611-a
C H C H C H C H C H C H Pd Pd C Pd C Pd O Pd
0 0 0 0 1 2 2 2 2 3 4 4 4 4 5 6 6 6 6 7 8 8 8 8 9 10 10 10 10 11 12 13 13 14 14 14 14 15 15 16 16 16 16 17 17 18 18 19
1 2 14 15 0 0 3 18 19 2 5 10 13 14 4 7 8 16 17 6 6 9 10 12 8 4 8 11 13 10 8 4 10 0 4 15 16 0 14 6 14 17 18 6 16 2 16 2
-102.58076513
ag-9801-a
C H H C H C H C H C H C H C H C C
0 0 0 0 1 2 3 3 3 4 5 5 5 6 7 7 7 8 9 9 9 10 11 11 11 12 13 13 13 14 15 15 15 16 16 16
1 2 5 16 0 0 4 5 15 3 0 3 6 5 8 9 11 7 7 10 15 9 7 12 13 11 11 14 16 13 3 9 16 0 13 15
-110.96874143
ag-97N1-a
C H C H C H C H C H C H C H C C N
0 0 0 1 2 2 2 3 4 4 4 5 6 6 6 7 8 8 8 9 10 10 10 11 12 12 12 13 14 14 14 15 15 15 16 16
1 2 4 0 0 3 6 2 0 5 15 4 2 7 14 6 9 12 16 8 11 12 15 10 8 10 13 12 6 15 16 4 10 14 8 14
-115.69671647000001
ir-86S1-a
C H C H C H C H C H C H Ir Ir C Ir C S Ir Ir Ir Ir
0 0 0 0 1 2 2 2 2 3 4 4 4 4 5 6 6 6 6 7 8 8 8 8 9 10 10 10 10 11 12 12 13 14 14 14 14 15 15 16 16 16 16 17 17 17 18 19 20 21
1 2 14 19 0 0 3 17 20 2 5 10 13 14 4 7 8 16 18 6 6 9 10 12 8 4 8 11 12 10 8 10 4 0 4 15 16 14 16 6 14 15 17 2 16 21 6 0 2 17
-101.22290181999995
ni-8612-a
C H C H C H C H C H C H Ni Ni Ni C C Ni Ni O
0 0 0 0 1 2 2 2 2 3 4 4 4 4 5 6 6 6 6 7 8 8 8 8 9 10 10 10 10 11 12 12 13 14 14 15 15 15 15 16 16 16 16 17 17 18 19 19
1 15 18 19 0 3 16 17 19 2 5 6 8 13 4 4 7 14 15 6 4 9 10 12 8 8 11 12 16 10 8 10 4 6 15 0 6 14 16 2 10 15 17 2 16 0 0 2
-102.3744777
rh-87N1-a
N H C H C H C H C H C H C H Rh Rh C Rh C Rh Rh Rh
0 0 0 1 2 2 2 2 2 3 4 4 4 4 5 6 6 6 6 7 8 8 8 8 9 10 10 10 10 11 12 12 12 12 13 14 14 15 16 16 16 16 17 17 18 18 18 18 19 20 21 21
1 4 18 0 3 4 16 20 21 2 0 2 5 21 4 7 10 15 16 6 9 10 12 14 8 6 8 11 14 10 8 13 18 19 12 8 10 6 2 6 17 18 16 18 0 12 16 17 12 2 2 4
-108.71249873
pd-97N2-a
C H C H C H C H C H C H C H Pd Pd C Pd C Pd Pd N Pd Pd
0 0 0 0 1 2 2 2 2 3 4 4 4 4 5 6 6 6 6 7 8 8 8 8 9 10 10 10 10 11 12 12 12 12 13 14 14 15 16 16 16 16 17 17 18 18 18 18 19 20 21 21 21 22 23 23
1 16 20 21 0 3 4 18 22 2 2 5 21 23 4 7 12 15 16 6 9 10 18 19 8 8 11 12 14 10 6 10 13 14 12 10 12 6 0 6 17 18 16 18 2 8 16 17 8 0 0 4 23 2 4 21
-117.71784463000003
cu-87N2-a
N H C H C H C H C H C H C H C C
0 0 0 1 2 2 2 3 4 4 4 5 6 6 6 7 8 8 8 9 10 10 10 11 12 12 12 13 14 14 14 15 15 15
1 2 4 0 0 3 14 2 0 5 15 4 7 8 10 6 6 9 15 8 6 11 12 10 10 13 14 12 2 12 15 4 8 14
-106.75592043
os-86S1-a
C H C H C H C H C H C H Os Os C Os C S Os Os Os Os
0 0 0 0 1 2 2 2 2 3 4 4 4 4 5 6 6 6 6 7 8 8 8 8 9 10 10 10 10 11 12 12 13 14 14 14 14 15 15 16 16 16 16 17 17 17 18 19 20 21
1 2 14 19 0 0 3 17 20 2 5 10 13 14 4 7 8 16 18 6 6 9 10 12 8 4 8 11 12 10 8 10 4 0 4 15 16 14 16 6 14 15 17 2 16 21 6 0 2 17
-101.35588429000006
rh-97N1-a
C H C H C H C H C H C H C H Rh Rh C Rh C N Rh Rh Rh Rh
0 0 0 0 1 2 2 2 2 3 4 4 4 4 5 6 6 6 6 7 8 8 8 8 9 10 10 10 10 11 12 12 12 12 13 14 14 15 16 16 16 16 17 17 18 18 18 18 19 19 19 20 21 22 22 23
1 2 4 14 0 0 3 6 14 2 0 5 18 20 4 2 7 15 16 6 9 12 19 22 8 11 12 18 21 10 8 10 13 22 12 0 2 6 6 17 18 19 16 18 4 10 16 17 8 16 23 4 10 8 12 19
-118.42499027000002
ir-9802-a
C H H C H C H C H C H C H C H Ir Ir C C Ir Ir Ir
0 0 0 0 1 2 3 3 3 3 4 5 5 5 5 6 7 7 7 7 8 9 9 9 9 10 11 11 11 11 12 13 13 13 13 14 15 15 16 16 17 17 17 17 18 18 18 18 19 19 20 21
1 2 11 13 0 0 4 5 7 15 3 3 6 16 17 5 3 8 9 15 7 7 10 18 20 9 0 12 18 19 11 0 14 17 21 13 3 7 5 17 5 13 16 18 9 11 17 19 11 18 9 13
-113.01730886999997
rh-86S2-a
C H C H C H C H C H C H Rh Rh C Rh C Rh Rh S Rh Rh
0 0 0 0 1 2 2 2 2 3 4 4 4 4 5 6 6 6 6 7 8 8 8 8 9 10 10 10 10 11 12 12 13 14 14 14 14 15 15 16 16 16 16 17 18 19 19 19 20 21
1 14 19 20 0 3 16 18 19 2 5 6 8 12 4 4 7 16 17 6 4 9 10 12 8 8 11 13 14 10 4 8 10 0 10 15 16 14 16 2 6 14 15 6 2 0 2 21 0 19
-101.52893260000002
ni-97N2-a
C H C H C H C H C H C H C H Ni Ni C Ni C Ni N Ni Ni
0 0 0 0 1 2 2 2 2 3 4 4 4 4 5 6 6 6 6 7 8 8 8 8 9 10 10 10 10 11 12 12 12 12 13 14 15 15 16 16 16 16 17 17 18 18 18 18 19 19 20 20 20 21 21 22
1 16 17 20 0 3 4 18 21 2 2 5 20 21 4 7 12 15 16 6 9 10 18 19 8 8 11 12 14 10 6 10 13 15 12 10 6 12 0 6 17 18 0 16 2 8 16 19 8 18 0 4 22 2 4 20
-117.85779858000001
rh-87N2-a
N H C H C H C H C H C H C H Rh Rh C Rh C Rh Rh Rh Rh
0 0 0 0 1 2 2 2 2 3 4 4 4 4 5 6 6 6 6 7 8 8 8 8 9 10 10 10 10 11 12 12 12 12 13 14 14 15 16 16 16 16 17 18 18 18 18 19 19 20 21 22
1 2 4 22 0 0 3 16 21 2 0 5 18 20 4 7 8 10 14 6 6 9 17 18 8 6 11 12 14 10 10 13 15 16 12 6 10 12 2 12 18 19 8 4 8 16 19 16 18 4 2 0
-108.96522039000001
cd-97N2-a
C H C H C H C H C H C H C H C C N
0 0 0 1 2 2 2 3 4 4 4 5 6 6 6 7 8 8 8 9 10 10 10 11 12 12 12 13 14 14 14 15 15 15 16 16
1 14 16 0 3 4 15 2 2 5 16 4 7 12 14 6 9 10 15 8 8 11 12 10 6 10 13 12 0 6 15 2 8 14 0 4
-115.50125674
ir-86S2-a
C H C H C H C H C H C H Ir Ir C Ir C Ir Ir S Ir Ir
0 0 0 0 1 2 2 2 2 3 4 4 4 4 5 6 6 6 6 7 8 8 8 8 9 10 10 10 10 11 12 12 13 14 14 14 14 15 15 16 16 16 16 17 18 19 19 19 20 21
1 14 19 20 0 3 16 18 19 2 5 6 8 12 4 4 7 16 17 6 4 9 10 12 8 8 11 13 14 10 4 8 10 0 10 15 16 14 16 2 6 14 15 6 2 0 2 21 0 19
-101.25196155999998
cd-9801-a
C H H C H C H C H C H C H C H C C
0 0 0 0 1 2 3 3 3 4 5 5 5 6 7 7 7 8 9 9 9 10 11 11 11 12 13 13 13 14 15 15 15 16 16 16
1 2 5 16 0 0 4 5 15 3 0 3 6 5 8 9 11 7 7 10 15 9 7 12 13 11 11 14 16 13 3 9 16 0 13 15
-110.77003735
ag-86S1-a
C H C H C H C H C H C H C C S Ag
0 0 0 1 2 2 2 3 4 4 4 5 6 6 6 7 8 8 8 9 10 10 10 11 12 12 12 13 13 13 14 14 14 15
1 2 12 0 0 3 14 2 5 10 12 4 7 8 13 6 6 9 10 8 4 8 11 10 0 4 13 6 12 14 2 13 15 14
-98.75030469000001
au-87N1-a
N H C H C H C H C H C H C H C C
0 0 0 1 2 2 2 3 4 4 4 5 6 6 6 7 8 8 8 9 10 10 10 11 12 12 12 13 14 14 14 15 15 15
1 4 15 0 3 4 14 2 0 2 5 4 7 10 14 6 9 10 12 8 6 8 11 10 8 13 15 12 2 6 15 0 12 14
-106.98308631000003
os-87N1-a
N H C H C H C H C H C H C H Os Os C Os C Os Os Os
0 0 0 1 2 2 2 2 2 3 4 4 4 4 5 6 6 6 6 7 8 8 8 8 9 10 10 10 10 11 12 12 12 12 13 14 14 15 16 16 16 16 17 17 18 18 18 18 19 20 21 21
1 4 18 0 3 4 16 20 21 2 0 2 5 21 4 7 10 15 16 6 9 10 12 14 8 6 8 11 14 10 8 13 18 19 12 8 10 6 2 6 17 18 16 18 0 12 16 17 12 2 2 4
-108.66165407000005
ir-87N2-a
N H C H C H C H C H C H C H Ir Ir C Ir C Ir Ir Ir Ir
0 0 0 0 1 2 2 2 2 3 4 4 4 4 5 6 6 6 6 7 8 8 8 8 9 10 10 10 10 11 12 12 12 12 13 14 14 15 16 16 16 16 17 18 18 18 18 19 19 20 21 22
1 2 4 22 0 0 3 16 21 2 0 5 18 20 4 7 8 10 14 6 6 9 17 18 8 6 11 12 14 10 10 13 15 16 12 6 10 12 2 12 18 19 8 4 8 16 19 16 18 4 2 0
-108.67835219999995
ni-86S2-a
C H C H C H C H C H C H Ni Ni C Ni C Ni Ni S Ni Ni
0 0 0 0 1 2 2 2 2 3 4 4 4 4 5 6 6 6 6 7 8 8 8 8 9 10 10 10 10 11 12 12 13 14 14 14 14 15 15 16 16 16 16 17 18 19 19 19 20 21
1 14 19 20 0 3 16 18 19 2 5 6 8 12 4 4 7 16 17 6 4 9 10 12 8 8 11 13 14 10 4 8 10 0 10 15 16 14 16 2 6 14 15 6 2 0 2 21 0 19
-100.67704769
pd-86S2-a
C H C H C H C H C H C H Pd Pd C Pd C Pd Pd S Pd Pd
0 0 0 0 1 2 2 2 2 3 4 4 4 4 5 6 6 6 6 7 8 8 8 8 9 10 10 10 10 11 12 12 13 14 14 14 14 15 15 16 16 16 16 17 18 19 19 19 20 21
1 14 19 20 0 3 16 18 19 2 5 6 8 12 4 4 7 16 17 6 4 9 10 12 8 8 11 13 14 10 4 8 10 0 10 15 16 14 16 2 6 14 15 6 2 0 2 21 0 19
-101.10926322000003
pd-87N2-a
N H C H C H C H C H C H C H Pd Pd C Pd C Pd Pd Pd Pd
0 0 0 0 1 2 2 2 2 3 4 4 4 4 5 6 6 6 6 7 8 8 8 8 9 10 10 10 10 11 12 12 12 12 13 14 14 15 16 16 16 16 17 18 18 18 18 19 19 20 21 22
1 2 4 22 0 0 3 16 21 2 0 5 18 20 4 7 8 10 14 6 6 9 17 18 8 6 11 12 14 10 10 13 15 16 12 6 10 12 2 12 18 19 8 4 8 16 19 16 18 4 2 0
-108.54472636
pd-97N1-a
C H C H C H C H C H C H C H Pd Pd C Pd C N Pd Pd Pd Pd
0 0 0 0 1 2 2 2 2 3 4 4 4 4 5 6 6 6 6 7 8 8 8 8 9 10 10 10 10 11 12 12 12 12 13 14 14 15 16 16 16 16 17 17 18 18 18 18 19 19 19 20 21 22 22 23
1 2 4 14 0 0 3 6 14 2 0 5 18 20 4 2 7 15 16 6 9 12 19 22 8 11 12 18 21 10 8 10 13 22 12 0 2 6 6 17 18 19 16 18 4 10 16 17 8 16 23 4 10 8 12 19
-118.01700952000002
ni-97N1-a
C H C H C H C H C H C H C H Ni Ni C Ni C N Ni Ni Ni Ni
0 0 0 0 1 2 2 2 2 3 4 4 4 4 5 6 6 6 6 7 8 8 8 8 9 10 10 10 10 11 12 12 12 12 13 14 14 15 16 16 16 16 17 17 18 18 18 18 19 19 19 20 21 22 22 23
1 2 4 14 0 0 3 6 14 2 0 5 18 20 4 2 7 15 16 6 9 12 19 22 8 11 12 18 21 10 8 10 13 22 12 0 2 6 6 17 18 19 16 18 4 10 16 17 8 16 23 4 10 8 12 19
-117.81756652999997
os-97N2-a
C H C H C H C H C H C H C H Os Os C Os C Os Os Os N Os
0 0 0 0 0 0 1 2 2 2 2 3 4 4 4 4 4 5 6 6 6 6 7 8 8 8 8 9 10 10 10 10 11 12 12 12 12 13 14 14 15 16 16 16 16 17 17 17 18 18 18 18 18 19 19 20 21 21 21 22 22 22 23 23
1 16 17 20 21 22 0 3 4 18 23 2 2 5 21 22 23 4 7 12 15 16 6 9 10 18 19 8 8 11 12 14 10 6 10 13 14 12 10 12 6 0 6 17 18 0 16 18 2 8 16 17 19 8 18 0 0 4 22 0 4 21 2 4
-118.07029169000009
zn-9801-a
C H H C H C H C H C H C H C H C C
0 0 0 0 1 2 3 3 3 4 5 5 5 6 7 7 7 8 9 9 9 10 11 11 11 12 13 13 13 14 15 15 15 16 16 16
1 2 5 16 0 0 4 5 15 3 0 3 6 5 8 9 11 7 7 10 15 9 7 12 13 11 11 14 16 13 3 9 16 0 13 15
-110.84116824
os-a801-a
C H C H C H C H C H C H C H C H Os Os C Os C Os Os Os Os
0 0 0 0 1 2 2 2 2 3 4 4 4 4 5 6 6 6 6 7 8 8 8 8 9 10 10 10 10 11 12 12 12 12 13 14 14 14 14 15 16 16 17 18 18 18 18 19 19 20 20 20 20 21 22 23 23 24
1 2 6 16 0 0 3 4 16 2 2 5 17 18 4 0 7 20 21 6 9 10 20 22 8 8 11 12 23 10 10 13 14 23 12 12 15 18 24 14 0 2 4 4 14 19 20 18 20 6 8 18 19 6 8 10 12 14
-123.03460421
au-87N2-a
N H C H C H C H C H C H C H C C
0 0 0 1 2 2 2 3 4 4 4 5 6 6 6 7 8 8 8 9 10 10 10 11 12 12 12 13 14 14 14 15 15 15
1 2 4 0 0 3 14 2 0 5 15 4 7 8 10 6 6 9 15 8 6 11 12 10 10 13 14 12 2 12 15 4 8 14
-106.66365568000003
pt-87N2-a
N H C H C H C H C H C H C H Pt Pt C Pt C Pt Pt Pt Pt
0 0 0 0 1 2 2 2 2 3 4 4 4 4 5 6 6 6 6 7 8 8 8 8 9 10 10 10 10 11 12 12 12 12 13 14 14 15 16 16 16 16 17 18 18 18 18 19 19 20 21 22
1 2 4 22 0 0 3 16 21 2 0 5 18 20 4 7 8 10 14 6 6 9 17 18 8 6 11 12 14 10 10 13 15 16 12 6 10 12 2 12 18 19 8 4 8 16 19 16 18 4 2 0
-108.18585833000003
rh-8611-a
C H C H C H C H C H C H Rh Rh C Rh Rh C O Rh
0 0 0 0 1 2 2 2 2 3 4 4 4 4 5 6 6 6 6 7 8 8 8 8 9 10 10 10 10 11 12 12 13 13 14 14 14 14 14 15 16 16 17 17 17 17 18 18 19 19
1 2 14 19 0 0 3 18 19 2 5 10 13 14 4 7 8 12 17 6 6 9 10 12 8 4 8 11 13 10 6 8 4 10 0 4 15 16 17 14 14 17 6 14 16 18 2 17 0 2
-102.57425285
ag-86S2-a
C H C H C H C H C H C H C C S Ag
0 0 0 1 2 2 2 3 4 4 4 5 6 6 6 7 8 8 8 9 10 10 10 11 12 12 12 13 13 13 14 14 14 15
1 12 14 0 3 13 14 2 5 6 8 4 4 7 13 6 4 9 10 8 8 11 12 10 0 10 13 2 6 12 0 2 15 14
-98.39503988999999
zn-86S1-a
C H C H C H C H C H C H C C S
0 0 0 1 2 2 2 3 4 4 4 5 6 6 6 7 8 8 8 9 10 10 10 11 12 12 12 13 13 13 14 14
1 2 12 0 0 3 14 2 5 10 12 4 7 8 13 6 6 9 10 8 4 8 11 10 0 4 13 6 12 14 2 13
-98.62773822
ru-87N2-a
N H C H C H C H C H C H C H Ru Ru C Ru C Ru Ru Ru Ru
0 0 0 0 1 2 2 2 2 2 3 4 4 4 4 5 6 6 6 6 7 8 8 8 8 9 10 10 10 10 11 12 12 12 12 13 14 14 15 16 16 16 16 17 18 18 18 18 19 19 20 21 22 22
1 2 4 22 0 0 3 16 21 22 2 0 5 18 20 4 7 8 10 14 6 6 9 17 18 8 6 11 12 14 10 10 13 15 16 12 6 10 12 2 12 18 19 8 4 8 16 19 16 18 4 2 0 2
-108.71658921
cd-87N1-a
N H C H C H C H C H C H C H C C
0 0 0 1 2 2 2 3 4 4 4 5 6 6 6 7 8 8 8 9 10 10 10 11 12 12 12 13 14 14 14 15 15 15
1 4 15 0 3 4 14 2 0 2 5 4 7 10 14 6 9 10 12 8 6 8 11 10 8 13 15 12 2 6 15 0 12 14
-106.70908624
pt-9802-a
C H H C H C H C H C H C H C H Pt Pt C C Pt Pt Pt
0 0 0 0 1 2 3 3 3 3 4 5 5 5 5 6 7 7 7 7 8 9 9 9 9 10 11 11 11 11 12 13 13 13 13 14 15 15 16 16 17 17 17 17 18 18 18 18 19 19 20 21
1 2 11 13 0 0 4 5 7 15 3 3 6 16 17 5 3 8 9 15 7 7 10 18 20 9 0 12 18 19 11 0 14 17 21 13 3 7 5 17 5 13 16 18 9 11 17 19 11 18 9 13
-112.63685170000002
ag-87N1-a
N H C H C H C H C H C H C H C C
0 0 0 1 2 2 2 3 4 4 4 5 6 6 6 7 8 8 8 9 10 10 10 11 12 12 12 13 14 14 14 15 15 15
1 4 15 0 3 4 14 2 0 2 5 4 7 10 14 6 9 10 12 8 6 8 11 10 8 13 15 12 2 6 15 0 12 14
-106.93134566
cd-a801-a
C H C H C H C H C H C H C H C H C C
0 0 0 1 2 2 2 3 4 4 4 5 6 6 6 7 8 8 8 9 10 10 10 11 12 12 12 13 14 14 14 15 16 16 16 17 17 17
1 2 6 0 0 3 4 2 2 5 16 4 0 7 17 6 9 10 17 8 8 11 12 10 10 13 14 12 12 15 16 14 4 14 17 6 8 16
-120.28831923000001
pd-86S1-a
C H C H C H C H C H C H Pd Pd C Pd C S Pd Pd Pd Pd
0 0 0 0 1 2 2 2 2 3 4 4 4 4 5 6 6 6 6 7 8 8 8 8 9 10 10 10 10 11 12 12 13 14 14 14 14 15 15 16 16 16 16 17 17 17 17 18 19 20 20 21
1 2 14 19 0 0 3 17 20 2 5 10 13 14 4 7 8 16 18 6 6 9 10 12 8 4 8 11 12 10 8 10 4 0 4 15 16 14 16 6 14 15 17 2 16 20 21 6 0 2 17 17
-101.11373749000003
cu-8612-a
C H C H C H C H C H C H Cu Cu Cu C C Cu Cu O
0 0 0 0 1 2 2 2 2 3 4 4 4 4 5 6 6 6 6 7 8 8 8 8 9 10 10 10 10 11 12 12 13 14 14 15 15 15 15 16 16 16 16 17 17 18 19 19
1 15 18 19 0 3 16 17 19 2 5 6 8 13 4 4 7 14 15 6 4 9 10 12 8 8 11 12 16 10 8 10 4 6 15 0 6 14 16 2 10 15 17 2 16 0 0 2
-100.59000273999999
ir-a801-a
C H C H C H C H C H C H C H C H Ir Ir C Ir C Ir Ir Ir Ir
0 0 0 0 1 2 2 2 2 3 4 4 4 4 5 6 6 6 6 7 8 8 8 8 9 10 10 10 10 11 12 12 12 12 13 14 14 14 14 15 16 16 17 18 18 18 18 19 19 20 20 20 20 21 22 23 23 24
1 2 6 16 0 0 3 4 16 2 2 5 17 18 4 0 7 20 21 6 9 10 20 22 8 8 11 12 23 10 10 13 14 23 12 12 15 18 24 14 0 2 4 4 14 19 20 18 20 6 8 18 19 6 8 10 12 14
-122.86741033999999
pt-97N1-a
C H C H C H C H C H C H C H Pt Pt C Pt C N Pt Pt Pt Pt
0 0 0 0 1 2 2 2 2 3 4 4 4 4 5 6 6 6 6 7 8 8 8 8 9 10 10 10 10 11 12 12 12 12 13 14 14 15 16 16 16 16 17 17 18 18 18 18 19 19 19 20 21 22 22 23
1 2 4 14 0 0 3 6 14 2 0 5 18 20 4 2 7 15 16 6 9 12 19 22 8 11 12 18 21 10 8 10 13 22 12 0 2 6 6 17 18 19 16 18 4 10 16 17 8 16 23 4 10 8 12 19
-117.42559201
ir-9801-a
C H H C H C H C H C H C H C H Ir Ir C Ir C Ir Ir Ir
0 0 0 0 1 2 3 3 3 3 4 5 5 5 5 6 7 7 7 7 8 9 9 9 9 10 11 11 11 11 12 13 13 13 13 14 15 15 16 17 17 17 17 18 18 19 19 19 19 20 21 22
1 2 5 19 0 0 4 5 17 21 3 0 3 6 22 5 8 9 11 15 7 7 10 16 17 9 7 12 13 15 11 11 14 19 20 13 7 11 9 3 9 18 19 17 19 0 13 17 18 13 3 5
-113.15417619999994
ag-9802-a
Ag C H H C H C H C H C H C H C H Ag C C Ag Ag Ag
0 1 1 1 1 1 2 2 3 4 4 4 5 6 6 6 6 7 8 8 8 9 10 10 10 10 11 12 12 12 12 13 14 14 14 14 15 16 16 17 17 17 17 18 18 18 18 19 19 20 21 21
2 2 3 12 14 21 0 1 1 5 6 8 4 4 7 16 17 6 4 9 10 8 8 11 18 20 10 1 13 18 19 12 1 15 17 21 14 6 17 6 14 16 18 10 12 17 19 12 18 10 1 14
-110.17083602
os-86S2-a
C H C H C H C H C H C H Os Os C Os C Os Os S Os Os
0 0 0 0 1 2 2 2 2 3 4 4 4 4 5 6 6 6 6 7 8 8 8 8 9 10 10 10 10 11 12 12 13 14 14 14 14 15 15 16 16 16 16 17 18 19 19 19 20 21
1 14 19 20 0 3 16 18 19 2 5 6 8 12 4 4 7 16 17 6 4 9 10 12 8 8 11 13 14 10 4 8 10 0 10 15 16 14 16 2 6 14 15 6 2 0 2 21 0 19
-101.44506507000006
zn-86S2-a
C H C H C H C H C H C H C C S
0 0 0 1 2 2 2 3 4 4 4 5 6 6 6 7 8 8 8 9 10 10 10 11 12 12 12 13 13 13 14 14
1 12 14 0 3 13 14 2 5 6 8 4 4 7 13 6 4 9 10 8 8 11 12 10 0 10 13 2 6 12 0 2
-98.26657621999999
ni-86S1-a
C H C H C H C H C H C H Ni Ni C Ni C S Ni Ni Ni Ni
0 0 0 0 1 2 2 2 2 3 4 4 4 4 5 6 6 6 6 7 8 8 8 8 9 10 10 10 10 11 12 12 13 14 14 14 14 15 15 16 16 16 16 17 17 17 17 18 19 20 20 21
1 2 14 19 0 0 3 17 20 2 5 10 13 14 4 7 8 16 18 6 6 9 10 12 8 4 8 11 12 10 8 10 4 0 4 15 16 14 16 6 14 15 17 2 16 20 21 6 0 2 17 17
-100.70893372
ru-97N2-a
C H C H C H C H C H C H C H Ru Ru Ru Ru C C Ru Ru N
0 0 0 0 0 1 2 2 2 2 3 4 4 4 4 4 5 6 6 6 6 6 7 8 8 8 8 9 10 10 10 10 10 10 11 12 12 12 12 13 14 14 14 15 16 16 16 17 17 17 17 18 18 18 18 19 19 19 19 19 19 20 20 20 21 21 21 22 22 22
1 17 18 21 22 0 3 4 19 20 2 2 5 20 21 22 4 7 12 14 17 18 6 9 10 16 19 8 8 11 12 14 15 16 10 6 10 13 14 12 6 10 12 10 8 10 19 0 6 18 19 0 6 17 19 2 8 16 17 18 20 2 4 19 0 4 22 0 4 21
-118.43396620000004
ir-97N2-a
C H C H C H C H C H C H C H Ir Ir C Ir C Ir Ir N Ir
0 0 0 0 0 1 2 2 2 2 3 4 4 4 4 5 6 6 6 6 7 8 8 8 8 9 10 10 10 10 11 12 12 12 12 13 14 14 15 16 16 16 16 17 17 17 18 18 18 18 18 19 19 20 20 21 21 21 22 22
1 16 17 20 21 0 3 4 18 22 2 2 5 21 22 4 7 12 15 16 6 9 10 18 19 8 8 11 12 14 10 6 10 13 14 12 10 12 6 0 6 17 18 0 16 18 2 8 16 17 19 8 18 0 21 0 4 20 2 4
-117.16529072999992
ir-97N1-a
C H C H C H C H C H C H C H Ir Ir C Ir C N Ir Ir Ir Ir
0 0 0 0 1 2 2 2 2 3 4 4 4 4 5 6 6 6 6 7 8 8 8 8 9 10 10 10 10 11 12 12 12 12 13 14 14 15 16 16 16 16 17 17 18 18 18 18 19 19 19 20 21 22 22 23
1 2 4 14 0 0 3 6 14 2 0 5 18 20 4 2 7 15 16 6 9 12 19 22 8 11 12 18 21 10 8 10 13 22 12 0 2 6 6 17 18 19 16 18 4 10 16 17 8 16 23 4 10 8 12 19
-117.93872234999992
ag-97N2-a
C H C H C H C H C H C H C H C C N Ag
0 0 0 1 2 2 2 3 4 4 4 5 6 6 6 7 8 8 8 9 10 10 10 11 12 12 12 13 14 14 14 15 15 15 16 16 16 17
1 14 16 0 3 4 15 2 2 5 16 4 7 12 14 6 9 10 15 8 8 11 12 10 6 10 13 12 0 6 15 2 8 14 0 4 17 16
-115.67855918000001
pt-97N2-a
C H C H C H C H C H C H C H Pt Pt C Pt C Pt Pt N Pt Pt
0 0 0 0 1 2 2 2 2 3 4 4 4 4 5 6 6 6 6 7 8 8 8 8 9 10 10 10 10 11 12 12 12 12 13 14 14 15 16 16 16 16 17 17 18 18 18 18 19 20 21 21 21 22 23 23
1 16 20 21 0 3 4 18 22 2 2 5 21 23 4 7 12 15 16 6 9 10 18 19 8 8 11 12 14 10 6 10 13 14 12 10 12 6 0 6 17 18 16 18 2 8 16 17 8 0 0 4 23 2 4 21
-117.10093180000001
ni-87N1-a
N H C H C H C H C H C H C H Ni Ni C Ni C Ni Ni Ni
0 0 0 1 2 2 2 2 2 3 4 4 4 4 5 6 6 6 6 7 8 8 8 8 9 10 10 10 10 11 12 12 12 12 13 14 14 15 16 16 16 16 17 17 18 18 18 18 19 20 21 21
1 4 18 0 3 4 16 20 21 2 0 2 5 21 4 7 10 15 16 6 9 10 12 14 8 6 8 11 14 10 8 13 18 19 12 8 10 6 2 6 17 18 16 18 0 12 16 17 12 2 2 4
-108.23289478999999
pd-87N1-a
N H C H C H C H C H C H C H Pd Pd C Pd C Pd Pd Pd
0 0 0 1 2 2 2 2 3 4 4 4 4 5 6 6 6 6 7 8 8 8 8 9 10 10 10 10 11 12 12 12 12 13 14 14 15 16 16 16 16 17 17 18 18 18 18 19 20 21
1 4 18 0 3 4 16 20 2 0 2 5 21 4 7 10 15 16 6 9 10 12 14 8 6 8 11 14 10 8 13 18 19 12 8 10 6 2 6 17 18 16 18 0 12 16 17 12 2 4
-108.69458915999999
cu-8611-a
C H C H C H C H C H C H C C O
0 0 0 1 2 2 2 3 4 4 4 5 6 6 6 7 8 8 8 9 10 10 10 11 12 12 12 13 13 13 14 14
1 2 12 0 0 3 14 2 5 10 12 4 7 8 13 6 6 9 10 8 4 8 11 10 0 4 13 6 12 14 2 13
-101.05700731999997
os-87N2-a
N H C H C H C H C H C H C H Os Os C Os C Os Os Os Os
0 0 0 0 1 2 2 2 2 3 4 4 4 4 5 6 6 6 6 7 8 8 8 8 9 10 10 10 10 11 12 12 12 12 13 14 14 15 16 16 16 16 17 18 18 18 18 19 19 20 21 22
1 2 4 22 0 0 3 16 21 2 0 5 18 20 4 7 8 10 14 6 6 9 17 18 8 6 11 12 14 10 10 13 15 16 12 6 10 12 2 12 18 19 8 4 8 16 19 16 18 4 2 0
-108.99681911000005
pt-8612-a
C H C H C H C H C H C H Pt Pt Pt C C Pt Pt O
0 0 0 0 1 2 2 2 2 3 4 4 4 4 5 6 6 6 6 7 8 8 8 8 9 10 10 10 10 11 12 12 13 14 14 15 15 15 15 16 16 16 16 17 17 18 19 19
1 15 18 19 0 3 16 17 19 2 5 6 8 13 4 4 7 14 15 6 4 9 10 12 8 8 11 12 16 10 8 10 4 6 15 0 6 14 16 2 10 15 17 2 16 0 0 2
-102.46869533
pt-8611-a
C H C H C H C H C H C H Pt Pt C Pt C Pt O Pt
0 0 0 0 1 2 2 2 2 3 4 4 4 4 5 6 6 6 6 7 8 8 8 8 9 10 10 10 10 11 12 13 13 14 14 14 14 15 15 16 16 16 16 17 17 18 18 19
1 2 14 15 0 0 3 18 19 2 5 10 13 14 4 7 8 16 17 6 6 9 10 12 8 4 8 11 13 10 8 4 10 0 4 15 16 0 14 6 14 17 18 6 16 2 16 2
-102.26261700000003
zn-97N2-a
C H C H C H C H C H C H C H C C N
0 0 0 1 2 2 2 3 4 4 4 5 6 6 6 7 8 8 8 9 10 10 10 11 12 12 12 13 14 14 14 15 15 15 16 16
1 14 16 0 3 4 15 2 2 5 16 4 7 12 14 6 9 10 15 8 8 11 12 10 6 10 13 12 0 6 15 2 8 14 0 4
-115.57310049
cu-9802-a
C H H C H C H C H C H C H C H Cu Cu C C Cu Cu Cu
0 0 0 0 1 2 3 3 3 3 4 5 5 5 5 6 7 7 7 8 9 9 9 9 10 11 11 11 11 12 13 13 13 13 14 15 16 16 17 17 17 17 18 18 18 18 19 19 20 21
1 2 11 13 0 0 4 5 7 15 3 3 6 16 17 5 3 8 9 7 7 10 18 20 9 0 12 18 19 11 0 14 17 21 13 3 5 17 5 13 16 18 9 11 17 19 11 18 9 13
-110.93979803999997
cu-86S1-a
C H C H C H C H C H C H C C S Cu
0 0 0 1 2 2 2 3 4 4 4 5 6 6 6 7 8 8 8 9 10 10 10 11 12 12 12 13 13 13 14 14 14 15
1 2 12 0 0 3 14 2 5 10 12 4 7 8 13 6 6 9 10 8 4 8 11 10 0 4 13 6 12 14 2 13 15 14
-98.89386695999997
ir-87N1-a
N H C H C H C H C H C H C H Ir Ir C Ir C Ir Ir Ir
0 0 0 1 2 2 2 2 3 4 4 4 4 5 6 6 6 6 7 8 8 8 8 9 10 10 10 10 11 12 12 12 12 13 14 14 15 16 16 16 16 17 17 18 18 18 18 19 20 21
1 4 18 0 3 4 16 20 2 0 2 5 21 4 7 10 15 16 6 9 10 12 14 8 6 8 11 14 10 8 13 18 19 12 8 10 6 2 6 17 18 16 18 0 12 16 17 12 2 4
-108.62842639999997
pd-a801-a
C H C H C H C H C H C H C H C H Pd Pd C Pd C Pd Pd Pd Pd
0 0 0 0 1 2 2 2 2 3 4 4 4 4 5 6 6 6 6 7 8 8 8 8 9 10 10 10 10 11 12 12 12 12 13 14 14 14 14 15 16 16 17 18 18 18 18 19 19 20 20 20 20 21 22 23 23 24
1 2 6 16 0 0 3 4 16 2 2 5 17 18 4 0 7 20 21 6 9 10 20 22 8 8 11 12 23 10 10 13 14 23 12 12 15 18 24 14 0 2 4 4 14 19 20 18 20 6 8 18 19 6 8 10 12 14
-122.88403708000001
au-8612-a
C H C H C H C H C H C H C C O
0 0 0 1 2 2 2 3 4 4 4 5 6 6 6 7 8 8 8 9 10 10 10 11 12 12 12 13 13 13 14 14
1 12 14 0 3 13 14 2 5 6 8 4 4 7 12 6 4 9 10 8 8 11 13 10 0 6 13 2 10 12 0 2
-100.54824453
os-97N1-a
C H C H C H C H C H C H C H Os Os C Os C N Os Os Os Os
0 0 0 0 1 2 2 2 2 3 4 4 4 4 5 6 6 6 6 7 8 8 8 8 9 10 10 10 10 11 12 12 12 12 13 14 14 15 16 16 16 16 17 17 18 18 18 18 19 19 19 20 21 22 22 23
1 2 4 14 0 0 3 6 14 2 0 5 18 20 4 2 7 15 16 6 9 12 19 22 8 11 12 18 21 10 8 10 13 22 12 0 2 6 6 17 18 19 16 18 4 10 16 17 8 16 23 4 10 8 12 19
-118.21878734000006
cd-97N1-a
C H C H C H C H C H C H C H C C N
0 0 0 1 2 2 2 3 4 4 4 5 6 6 6 7 8 8 8 9 10 10 10 11 12 12 12 13 14 14 14 15 15 15 16 16
1 2 4 0 0 3 6 2 0 5 15 4 2 7 14 6 9 12 16 8 11 12 15 10 8 10 13 12 6 15 16 4 10 14 8 14
-115.52589934
cd-87N2-a
N H C H C H C H C H C H C H C C
0 0 0 1 2 2 2 3 4 4 4 5 6 6 6 7 8 8 8 9 10 10 10 11 12 12 12 13 14 14 14 15 15 15
1 2 4 0 0 3 14 2 0 5 15 4 7 8 10 6 6 9 15 8 6 11 12 10 10 13 14 12 2 12 15 4 8 14
-106.38495407000002
cu-9801-a
C H H C H C H C H C H C H C H C C
0 0 0 0 1 2 3 3 3 4 5 5 5 6 7 7 7 8 9 9 9 10 11 11 11 12 13 13 13 14 15 15 15 16 16 16
1 2 5 16 0 0 4 5 15 3 0 3 6 5 8 9 11 7 7 10 15 9 7 12 13 11 11 14 16 13 3 9 16 0 13 15
-111.05416779000001
rh-a801-a
C H C H C H C H C H C H C H C H Rh Rh C Rh C Rh Rh Rh Rh
0 0 0 0 1 2 2 2 2 3 4 4 4 4 5 6 6 6 6 7 8 8 8 8 9 10 10 10 10 11 12 12 12 12 13 14 14 14 14 15 16 16 17 18 18 18 18 19 19 20 20 20 20 21 22 23 23 24
1 2 6 16 0 0 3 4 16 2 2 5 17 18 4 0 7 20 21 6 9 10 20 22 8 8 11 12 23 10 10 13 14 23 12 12 15 18 24 14 0 2 4 4 14 19 20 18 20 6 8 18 19 6 8 10 12 14
-123.25459417000002
zn-8611-a
C H C H C H C H C H C H C C O
0 0 0 1 2 2 2 3 4 4 4 5 6 6 6 7 8 8 8 9 10 10 10 11 12 12 12 13 13 13 14 14
1 2 12 0 0 3 14 2 5 10 12 4 7 8 13 6 6 9 10 8 4 8 11 10 0 4 13 6 12 14 2 13
-100.88482529000001
ni-9801-a
C H H C H C H C H C H C H C H Ni Ni C Ni C Ni Ni Ni
0 0 0 0 1 2 3 3 3 3 4 5 5 5 5 6 7 7 7 7 8 9 9 9 9 10 11 11 11 11 12 13 13 13 13 14 15 15 16 17 17 17 17 18 18 19 19 19 19 20 21 22
1 2 5 19 0 0 4 5 17 21 3 0 3 6 22 5 8 9 11 15 7 7 10 16 17 9 7 12 13 15 11 11 14 19 20 13 7 11 9 3 9 18 19 17 19 0 13 17 18 13 3 5
-112.68674972999997
zn-97N1-a
C H C H C H C H C H C H C H C C N
0 0 0 1 2 2 2 3 4 4 4 5 6 6 6 7 8 8 8 9 10 10 10 11 12 12 12 13 14 14 14 15 15 15 16 16
1 2 4 0 0 3 6 2 0 5 15 4 2 7 14 6 9 12 16 8 11 12 15 10 8 10 13 12 6 15 16 4 10 14 8 14
-115.59760193
ag-8612-a
C H C H C H C H C H C H Ag C C O Ag
0 0 0 1 2 2 2 2 3 4 4 4 5 6 6 6 7 8 8 8 8 9 10 10 10 10 11 12 12 13 13 13 14 14 14 15 15 16
1 13 15 0 3 14 15 16 2 5 6 8 4 4 7 13 6 4 9 10 12 8 8 11 12 14 10 8 10 0 6 14 2 10 13 0 2 2
-100.49252328
cd-86S2-a
C H C H C H C H C H C H C C S
0 0 0 1 2 2 2 3 4 4 4 5 6 6 6 7 8 8 8 9 10 10 10 11 12 12 12 13 13 13 14 14
1 12 14 0 3 13 14 2 5 6 8 4 4 7 13 6 4 9 10 8 8 11 12 10 0 10 13 2 6 12 0 2
-98.19641496
ni-a801-a
C H C H C H C H C H C H C H C H Ni Ni C Ni C Ni Ni Ni Ni
0 0 0 0 1 2 2 2 2 3 4 4 4 4 5 6 6 6 6 7 8 8 8 8 9 10 10 10 10 11 12 12 12 12 13 14 14 14 14 15 16 16 17 18 18 18 18 19 19 20 20 20 20 21 22 23 23 24
1 2 6 16 0 0 3 4 16 2 2 5 17 18 4 0 7 20 21 6 9 10 20 22 8 8 11 12 23 10 10 13 14 23 12 12 15 18 24 14 0 2 4 4 14 19 20 18 20 6 8 18 19 6 8 10 12 14
-122.52036582
cd-8611-a
C H C H C H C H C H C H C C O
0 0 0 1 2 2 2 3 4 4 4 5 6 6 6 7 8 8 8 9 10 10 10 11 12 12 12 13 13 13 14 14
1 2 12 0 0 3 14 2 5 10 12 4 7 8 13 6 6 9 10 8 4 8 11 10 0 4 13 6 12 14 2 13
-100.82072096000002
os-9801-a
C H H C H C H C H C H C H C H Os Os C Os C Os Os Os
0 0 0 0 1 2 3 3 3 3 4 5 5 5 5 6 7 7 7 7 8 9 9 9 9 10 11 11 11 11 12 13 13 13 13 14 15 15 16 17 17 17 17 18 18 19 19 19 19 20 21 22
1 2 5 19 0 0 4 5 17 21 3 0 3 6 22 5 8 9 11 15 7 7 10 16 17 9 7 12 13 15 11 11 14 19 20 13 7 11 9 3 9 18 19 17 19 0 13 17 18 13 3 5
-113.20465601000001
pd-8612-a
C H C H C H C H C H C H Pd Pd Pd C C Pd Pd O
0 0 0 0 1 2 2 2 2 3 4 4 4 4 5 6 6 6 6 7 8 8 8 8 9 10 10 10 10 11 12 12 13 14 14 15 15 15 15 16 16 16 16 17 17 18 19 19
1 15 18 19 0 3 16 17 19 2 5 6 8 13 4 4 7 14 15 6 4 9 10 12 8 8 11 12 16 10 8 10 4 6 15 0 6 14 16 2 10 15 17 2 16 0 0 2
-102.66838838999999
pt-a801-a
C H C H C H C H C H C H C H C H Pt Pt C Pt C Pt Pt Pt Pt
0 0 0 0 1 2 2 2 2 3 4 4 4 4 5 6 6 6 6 7 8 8 8 8 9 10 10 10 10 11 12 12 12 12 13 14 14 14 14 15 16 16 17 18 18 18 18 19 19 20 20 20 20 21 22 23 23 24
1 2 6 16 0 0 3 4 16 2 2 5 17 18 4 0 7 20 21 6 9 10 20 22 8 8 11 12 23 10 10 13 14 23 12 12 15 18 24 14 0 2 4 4 14 19 20 18 20 6 8 18 19 6 8 10 12 14
-122.39584868000003
cu-97N1-a
C H C H C H C H C H C H C H C C N
0 0 0 1 2 2 2 3 4 4 4 5 6 6 6 7 8 8 8 9 10 10 10 11 12 12 12 13 14 14 14 15 15 15 16 16
1 2 4 0 0 3 6 2 0 5 15 4 2 7 14 6 9 12 16 8 11 12 15 10 8 10 13 12 6 15 16 4 10 14 8 14
-115.77577587999997
au-86S2-a
C H C H C H C H C H C H C C S Au
0 0 0 1 2 2 2 3 4 4 4 5 6 6 6 7 8 8 8 9 10 10 10 11 12 12 12 13 13 13 14 14 14 15
1 12 14 0 3 13 14 2 5 6 8 4 4 7 13 6 4 9 10 8 8 11 12 10 0 10 13 2 6 12 0 2 15 14
-98.45478138000001
pt-9801-a
C H H C H C H C H C H C H C H Pt Pt C Pt C Pt Pt Pt
0 0 0 0 1 2 3 3 3 3 4 5 5 5 5 6 7 7 7 7 8 9 9 9 9 10 11 11 11 11 12 13 13 13 13 14 15 15 16 17 17 17 17 18 18 19 19 19 19 20 21 22
1 2 5 19 0 0 4 5 17 21 3 0 3 6 22 5 8 9 11 15 7 7 10 16 17 9 7 12 13 15 11 11 14 19 20 13 7 11 9 3 9 18 19 17 19 0 13 17 18 13 3 5
-112.91067952999998
rh-97N2-a
C H C H C H C H C H C H C H Rh Rh C Rh C Rh Rh N Rh
0 0 0 0 0 1 2 2 2 2 3 4 4 4 4 5 6 6 6 6 7 8 8 8 8 9 10 10 10 10 11 12 12 12 12 13 14 14 15 16 16 16 16 17 17 17 18 18 18 18 18 19 19 20 20 21 21 21 22 22
1 16 17 20 21 0 3 4 18 22 2 2 5 21 22 4 7 12 15 16 6 9 10 18 19 8 8 11 12 14 10 6 10 13 14 12 10 12 6 0 6 17 18 0 16 18 2 8 16 17 19 8 18 0 21 0 4 20 2 4
-117.95660299000002
au-97N1-a
C H C H C H C H C H C H C H C C N
0 0 0 1 2 2 2 3 4 4 4 5 6 6 6 7 8 8 8 9 10 10 10 11 12 12 12 13 14 14 14 15 15 15 16 16
1 2 4 0 0 3 6 2 0 5 15 4 2 7 14 6 9 12 16 8 11 12 15 10 8 10 13 12 6 15 16 4 10 14 8 14
-115.75444120999998
os-8611-a
C H C H C H C H C H C H Os Os C Os Os C O Os
0 0 0 0 1 2 2 2 2 3 4 4 4 4 5 6 6 6 6 7 8 8 8 8 9 10 10 10 10 11 12 13 13 14 14 14 14 14 15 15 16 16 16 17 17 17 17 18 18 19
1 2 14 15 0 0 3 18 19 2 5 10 13 14 4 7 8 16 17 6 6 9 10 12 8 4 8 11 13 10 8 4 10 0 4 15 16 17 0 14 6 14 17 6 14 16 18 2 17 2
-103.08208228000001
cd-86S1-a
C H C H C H C H C H C H C C S
0 0 0 1 2 2 2 3 4 4 4 5 6 6 6 7 8 8 8 9 10 10 10 11 12 12 12 13 13 13 14 14
1 2 12 0 0 3 14 2 5 10 12 4 7 8 13 6 6 9 10 8 4 8 11 10 0 4 13 6 12 14 2 13
-98.55353713
ni-8611-a
C H C H C H C H C H C H Ni Ni C Ni Ni C O Ni
0 0 0 0 1 2 2 2 2 3 4 4 4 4 5 6 6 6 6 7 8 8 8 8 9 10 10 10 10 11 12 12 13 13 14 14 14 14 14 15 15 16 16 17 17 17 17 18 18 19
1 2 14 15 0 0 3 18 19 2 5 10 13 14 4 7 8 12 17 6 6 9 10 12 8 4 8 11 13 10 6 8 4 10 0 4 15 16 17 0 14 14 17 6 14 16 18 2 17 2
-102.30430798999998
ir-8612-a
C H C H C H C H C H C H Ir Ir Ir C C Ir Ir O
0 0 0 0 1 2 2 2 2 3 4 4 4 4 5 6 6 6 6 7 8 8 8 8 9 10 10 10 10 11 12 12 13 14 14 15 15 15 15 16 16 16 16 17 17 18 19 19
1 15 18 19 0 3 16 17 19 2 5 6 8 13 4 4 7 14 15 6 4 9 10 12 8 8 11 12 16 10 8 10 4 6 15 0 6 14 16 2 10 15 17 2 16 0 0 2
-102.70841593
cu-87N1-a
N H C H C H C H C H C H C H C C
0 0 0 1 2 2 2 3 4 4 4 5 6 6 6 7 8 8 8 9 10 10 10 11 12 12 12 13 14 14 14 15 15 15
1 4 15 0 3 4 14 2 0 2 5 4 7 10 14 6 9 10 12 8 6 8 11 10 8 13 15 12 2 6 15 0 12 14
-107.0466116
ni-9802-a
C H H C H C H C H C H C H C H Ni Ni Ni C C Ni Ni
0 0 0 0 1 2 3 3 3 3 4 5 5 5 5 6 7 7 7 7 7 8 9 9 9 9 10 11 11 11 11 12 13 13 13 13 14 15 15 16 16 16 17 17 18 18 18 18 19 19 19 19 19 20 20 21
1 2 11 13 0 0 4 5 7 15 3 3 6 17 18 5 3 8 9 15 16 7 7 10 16 19 9 0 12 19 20 11 0 14 18 21 13 3 7 7 9 19 5 18 5 13 17 19 9 11 16 18 20 11 19 13
-112.69199997999999
ru-86S2-a
C H C H C H C H C H C H Ru Ru C Ru C Ru Ru S Ru Ru
0 0 0 0 1 2 2 2 2 3 4 4 4 4 5 6 6 6 6 7 8 8 8 8 9 10 10 10 10 11 12 12 13 14 14 14 14 15 15 16 16 16 16 17 18 19 19 19 20 21
1 14 19 20 0 3 16 18 19 2 5 6 8 12 4 4 7 16 17 6 4 9 10 12 8 8 11 13 14 10 4 8 10 0 10 15 16 14 16 2 6 14 15 6 2 0 2 21 0 19
-101.18823698
au-97N2-a
C H C H C H C H C H C H C H C C N
0 0 0 1 2 2 2 3 4 4 4 5 6 6 6 7 8 8 8 9 10 10 10 11 12 12 12 13 14 14 14 15 15 15 16 16
1 14 16 0 3 4 15 2 2 5 16 4 7 12 14 6 9 10 15 8 8 11 12 10 6 10 13 12 0 6 15 2 8 14 0 4
-115.72877850999998
au-9801-a
C H H C H C H C H C H C H C H C C
0 0 0 0 1 2 3 3 3 4 5 5 5 6 7 7 7 8 9 9 9 10 11 11 11 12 13 13 13 14 15 15 15 16 16 16
1 2 5 16 0 0 4 5 15 3 0 3 6 5 8 9 11 7 7 10 15 9 7 12 13 11 11 14 16 13 3 9 16 0 13 15
-111.02904673
ag-a801-a
C H C H C H C H C H C H C H C H C C
0 0 0 1 2 2 2 3 4 4 4 5 6 6 6 7 8 8 8 9 10 10 10 11 12 12 12 13 14 14 14 15 16 16 16 17 17 17
1 2 6 0 0 3 4 2 2 5 16 4 0 7 17 6 9 10 17 8 8 11 12 10 10 13 14 12 12 15 16 14 4 14 17 6 8 16
-120.49103716000002
pd-9801-a
C H H C H C H C H C H C H C H Pd Pd C Pd C Pd Pd Pd
0 0 0 0 1 2 3 3 3 3 4 5 5 5 5 6 7 7 7 7 8 9 9 9 9 10 11 11 11 11 12 13 13 13 13 14 15 15 16 17 17 17 17 18 18 19 19 19 19 20 21 22
1 2 5 19 0 0 4 5 17 21 3 0 3 6 22 5 8 9 11 15 7 7 10 16 17 9 7 12 13 15 11 11 14 19 20 13 7 11 9 3 9 18 19 17 19 0 13 17 18 13 3 5
-113.07024697
pt-87N1-a
N H C H C H C H C H C H C H Pt Pt C Pt C Pt Pt Pt
0 0 0 1 2 2 2 2 3 4 4 4 4 5 6 6 6 6 7 8 8 8 8 9 10 10 10 10 11 12 12 12 12 13 14 14 15 16 16 16 16 17 17 18 18 18 18 19 20 21
1 4 18 0 3 4 16 20 2 0 2 5 21 4 7 10 15 16 6 9 10 12 14 8 6 8 11 14 10 8 13 18 19 12 8 10 6 2 6 17 18 16 18 0 12 16 17 12 2 4
-108.47604352000002
cd-8612-a
C H C H C H C H C H C H C C O
0 0 0 1 2 2 2 3 4 4 4 5 6 6 6 7 8 8 8 9 10 10 10 11 12 12 12 13 13 13 14 14
1 12 14 0 3 13 14 2 5 6 8 4 4 7 12 6 4 9 10 8 8 11 13 10 0 6 13 2 10 12 0 2
-100.29685183000001
au-8611-a
C H C H C H C H C H C H C C O
0 0 0 1 2 2 2 3 4 4 4 5 6 6 6 7 8 8 8 9 10 10 10 11 12 12 12 13 13 13 14 14
1 2 12 0 0 3 14 2 5 10 12 4 7 8 13 6 6 9 10 8 4 8 11 10 0 4 13 6 12 14 2 13
-101.05082587000001
ir-8611-a
C H C H C H C H C H C H Ir Ir C Ir C O Ir Ir Ir
0 0 0 0 1 2 2 2 2 3 4 4 4 4 5 6 6 6 6 7 8 8 8 8 9 10 10 10 10 11 12 12 13 14 14 14 14 15 15 16 16 16 16 17 17 18 19 20
1 2 14 19 0 0 3 17 20 2 5 10 13 14 4 7 8 16 18 6 6 9 10 12 8 4 8 11 12 10 8 10 4 0 4 15 16 14 16 6 14 15 17 2 16 6 0 2
-102.87825526999995
ru-8611-a
C H C H C H C H C H C H Ru Ru C Ru Ru C O Ru Ru
0 0 0 0 0 1 2 2 2 2 3 4 4 4 4 5 6 6 6 6 6 6 7 8 8 8 8 9 10 10 10 10 11 12 12 13 13 14 14 14 14 14 15 15 16 16 16 17 17 17 17 18 18 19 20 20
1 2 14 15 20 0 0 3 18 20 2 5 10 13 14 4 7 8 12 16 17 19 6 6 9 10 12 8 4 8 11 13 10 6 8 4 10 0 4 15 16 17 0 14 6 14 17 6 14 16 18 2 17 6 0 2
-102.68357498999995
ru-8612-a
C H C H C H C H C H C H Ru Ru Ru C C Ru Ru O
0 0 0 0 1 2 2 2 2 3 4 4 4 4 5 6 6 6 6 7 8 8 8 8 8 9 10 10 10 10 11 12 12 13 13 14 14 15 15 15 15 16 16 16 16 17 17 18 19 19
1 15 18 19 0 3 16 17 19 2 5 6 8 12 4 4 7 14 15 6 4 9 10 12 13 8 8 11 13 16 10 4 8 8 10 6 15 0 6 14 16 2 10 15 17 2 16 0 0 2
-102.83915671000005
au-86S1-a
C H C H C H C H C H C H C C S
0 0 0 1 2 2 2 3 4 4 4 5 6 6 6 7 8 8 8 9 10 10 10 11 12 12 12 13 13 13 14 14
1 2 12 0 0 3 14 2 5 10 12 4 7 8 13 6 6 9 10 8 4 8 11 10 0 4 13 6 12 14 2 13
-98.81088783000001
ru-86S1-a
C H C H C H C H C H C H Ru Ru C Ru C Ru S Ru Ru Ru
0 0 0 0 0 0 1 2 2 2 2 3 4 4 4 4 5 6 6 6 6 7 8 8 8 8 9 10 10 10 10 11 12 12 13 14 14 14 14 15 15 15 16 16 16 16 16 17 17 18 18 18 19 20 20 21
1 2 14 15 19 20 0 0 3 18 20 2 5 10 13 14 4 7 8 16 17 6 6 9 10 12 8 4 8 11 12 10 8 10 4 0 4 15 16 0 14 16 6 14 15 17 18 6 16 2 16 21 0 0 2 18
-101.19950889
ru-87N1-a
N H C H C H C H C H C H C H Ru Ru Ru C C Ru Ru Ru
0 0 0 0 1 2 2 2 2 3 4 4 4 4 5 6 6 6 6 6 7 8 8 8 8 9 10 10 10 10 11 12 12 12 12 13 14 14 15 16 16 16 17 17 17 17 18 18 18 18 18 19 19 20 20 21
1 4 18 21 0 3 4 17 20 2 0 2 5 20 4 7 10 15 16 17 6 9 10 12 14 8 6 8 11 14 10 8 13 18 19 12 8 10 6 6 17 18 2 6 16 18 0 12 16 17 19 12 18 2 4 0
-108.81917699000002
zn-9802-a
C H H C H C H C H C H C H C H C C Zn Zn
0 0 0 0 1 2 3 3 3 4 5 5 5 6 7 7 7 8 9 9 9 10 11 11 11 11 12 13 13 13 13 14 15 15 15 16 16 16 16 17 17 18
1 2 11 13 0 0 4 5 7 3 3 6 15 5 3 8 9 7 7 10 16 9 0 12 16 17 11 0 14 15 18 13 5 13 16 9 11 15 17 11 16 13
-110.27640973999999
au-a801-a
C H C H C H C H C H C H C H C H C C
0 0 0 1 2 2 2 3 4 4 4 5 6 6 6 7 8 8 8 9 10 10 10 11 12 12 12 13 14 14 14 15 16 16 16 17 17 17
1 2 6 0 0 3 4 2 2 5 16 4 0 7 17 6 9 10 17 8 8 11 12 10 10 13 14 12 12 15 16 14 4 14 17 6 8 16
-120.54957295000003
os-8612-a
C H C H C H C H C H C H Os Os Os C C Os Os O
0 0 0 0 1 2 2 2 2 3 4 4 4 4 5 6 6 6 6 7 8 8 8 8 9 10 10 10 10 11 12 12 13 14 14 15 15 15 15 16 16 16 16 17 17 18 19 19
1 15 18 19 0 3 16 17 19 2 5 6 8 13 4 4 7 14 15 6 4 9 10 12 8 8 11 12 16 10 8 10 4 6 15 0 6 14 16 2 10 15 17 2 16 0 0 2
-102.90672638000001
ag-87N2-a
N H C H C H C H C H C H C H C C
0 0 0 1 2 2 2 3 4 4 4 5 6 6 6 7 8 8 8 9 10 10 10 11 12 12 12 13 14 14 14 15 15 15
1 2 4 0 0 3 14 2 0 5 15 4 7 8 10 6 6 9 15 8 6 11 12 10 10 13 14 12 2 12 15 4 8 14
-106.61071573000001
rh-9802-a
C H H C H C H C H C H C H C H Rh Rh Rh C C Rh Rh
0 0 0 0 1 2 3 3 3 3 4 5 5 5 5 6 7 7 7 7 7 8 9 9 9 9 10 11 11 11 11 12 13 13 13 13 14 15 15 16 16 16 17 17 18 18 18 18 19 19 19 19 19 20 20 21
1 2 11 13 0 0 4 5 7 15 3 3 6 17 18 5 3 8 9 15 16 7 7 10 16 19 9 0 12 19 20 11 0 14 18 21 13 3 7 7 9 19 5 18 5 13 17 19 9 11 16 18 20 11 19 13
-113.30077999000002
zn-a801-a
C H C H C H C H C H C H C H C H C C
0 0 0 1 2 2 2 3 4 4 4 5 6 6 6 7 8 8 8 9 10 10 10 11 12 12 12 13 14 14 14 15 16 16 16 17 17 17
1 2 6 0 0 3 4 2 2 5 16 4 0 7 17 6 9 10 17 8 8 11 12 10 10 13 14 12 12 15 16 14 4 14 17 6 8 16
-120.36621790000001
au-9802-a
Au C H H C H C H C H C H C H C H C C Au Au
0 1 1 1 1 2 2 3 4 4 4 5 6 6 6 7 8 8 8 9 10 10 10 11 12 12 12 12 13 14 14 14 14 15 16 16 16 17 17 17 17 18 18 19
2 2 3 12 14 0 1 1 5 6 8 4 4 7 16 6 4 9 10 8 8 11 17 10 1 13 17 18 12 1 15 16 19 14 6 14 17 10 12 16 18 12 17 14
-110.39279498000002
os-9802-a
C H H C H C H C H C H C H C H Os Os Os C C Os Os
0 0 0 0 1 2 3 3 3 3 4 5 5 5 5 6 7 7 7 7 7 8 9 9 9 9 10 11 11 11 11 12 13 13 13 13 14 15 15 16 16 16 17 17 18 18 18 18 19 19 19 19 19 20 20 21
1 2 11 13 0 0 4 5 7 15 3 3 6 17 18 5 3 8 9 15 16 7 7 10 16 19 9 0 12 19 20 11 0 14 18 21 13 3 7 7 9 19 5 18 5 13 17 19 9 11 16 18 20 11 19 13
-113.5095867
cd-9802-a
C H H C H C H C H C H C H C H C C Cd Cd
0 0 0 0 1 2 3 3 3 4 5 5 5 6 7 7 7 8 9 9 9 10 11 11 11 11 12 13 13 13 13 14 15 15 15 16 16 16 16 17 17 18
1 2 11 13 0 0 4 5 7 3 3 6 15 5 3 8 9 7 7 10 16 9 0 12 16 17 11 0 14 15 18 13 5 13 16 9 11 15 17 11 16 13
-110.12192582
ru-a801-a
C H C H C H C H C H C H C H C H Ru Ru Ru C C Ru Ru
0 0 0 0 0 1 2 2 2 2 3 4 4 4 4 4 5 6 6 6 6 7 8 8 8 8 9 10 10 10 10 10 11 12 12 12 12 13 14 14 14 14 14 15 16 16 16 17 17 17 18 18 18 18 19 19 19 19 20 20 20 20 20 20 21 21 21 22 22 22
1 2 6 16 17 0 0 3 4 16 2 2 5 16 18 19 4 0 7 17 20 6 9 10 20 21 8 8 11 12 21 22 10 10 13 14 22 12 12 15 18 19 22 14 0 2 4 0 6 20 4 14 19 20 4 14 18 20 6 8 17 18 19 21 8 10 20 10 12 14
-123.18045390000003
