rh-9801-a
C H Rh H C H C H C H C H C H C H Rh Rh Rh C Rh Rh C Rh
0 0 0 0 1 2 2 2 2 3 3 4 4 4 4 4 4 5 6 6 6 6 7 8 8 8 8 8 9 10 10 10 10 10 11 12 12 12 12 12 13 14 14 14 14 14 14 15 16 16 16 16 16 16 16 17 17 17 17 17 17 18 18 18 18 18 18 19 19 19 19 19 19 20 20 20 20 20 21 21 21 21 21 21 21 21 21 21 22 22 22 22 22 23 23 23 23 23
1 3 6 22 0 3 17 21 23 0 2 5 6 19 20 21 23 4 0 4 7 23 6 9 10 12 16 18 8 8 11 16 18 19 10 8 13 14 16 17 12 12 15 16 17 21 22 14 8 10 12 14 17 18 21 2 12 14 16 21 22 8 10 16 19 20 21 4 10 18 20 21 22 4 18 19 21 23 2 4 14 16 17 18 19 20 22 23 0 14 17 19 21 2 4 6 20 21
-113.28997107999999
cu-97N2-a
C H C H C H C H C H C H C H C C Cu N Cu Cu
0 0 0 0 1 2 2 2 3 4 4 4 4 5 6 6 6 7 8 8 8 9 10 10 10 11 12 12 12 13 14 14 14 15 15 15 16 16 16 17 17 17 18 18 18 19 19 19
1 14 16 17 0 3 4 15 2 2 5 17 18 4 7 12 14 6 9 10 15 8 8 11 12 10 6 10 13 12 0 6 15 2 8 14 0 18 19 0 4 19 4 16 19 16 17 18
-115.79943139
zn-87N2-a
N H C H C H C H C H C H C H C C
0 0 0 1 2 2 2 3 4 4 4 5 6 6 6 7 8 8 8 9 10 10 10 11 12 12 12 13 14 14 14 15 15 15
1 2 4 0 0 3 14 2 0 5 15 4 7 8 10 6 6 9 15 8 6 11 12 10 10 13 14 12 2 12 15 4 8 14
-106.46565769
pd-9802-a
C H H C H C H C H C H C H C H Pd Pd Pd C Pd Pd C
0 0 0 0 0 1 2 3 3 3 3 3 4 5 5 5 5 6 7 7 7 7 7 8 9 9 9 9 10 11 11 11 11 12 13 13 13 13 14 15 15 15 15 16 16 16 16 16 16 17 17 17 17 17 17 17 18 18 18 18 18 18 19 19 19 19 19 19 20 20 20 20 20 21 21 21 21 21
1 2 11 13 20 0 0 4 5 7 15 17 3 3 6 17 18 5 3 8 9 15 16 7 7 10 16 21 9 0 12 19 21 11 0 14 18 20 13 3 7 16 17 7 9 15 17 19 21 3 5 15 16 18 19 20 5 13 17 19 20 21 11 16 17 18 20 21 0 13 17 18 19 9 11 16 18 19
-113.00045979000001
zn-8612-a
C H C H C H C H C H C H C C O
0 0 0 1 2 2 2 3 4 4 4 5 6 6 6 7 8 8 8 9 10 10 10 11 12 12 12 13 13 13 14 14
1 12 14 0 3 13 14 2 5 6 8 4 4 7 12 6 4 9 10 8 8 11 13 10 0 6 13 2 10 12 0 2
-100.36620980000001
ru-97N1-a
C H C H C H C H C H C H C H Ru Ru Ru Ru C C N Ru Ru Ru
0 0 0 0 0 1 2 2 2 2 2 3 4 4 4 4 5 6 6 6 6 6 6 7 8 8 8 8 8 9 10 10 10 10 11 12 12 12 12 12 13 14 14 14 14 14 14 15 15 15 15 15 15 16 16 16 16 16 17 17 17 17 17 17 17 17 17 17 18 18 18 18 19 19 19 19 19 19 20 20 20 20 20 21 21 21 21 21 21 22 22 22 22 22 22 23 23 23 23 23
1 2 4 14 15 0 0 3 6 14 16 2 0 5 15 19 4 2 7 14 16 17 18 6 9 12 20 22 23 8 11 12 19 21 10 8 10 13 21 22 12 0 2 6 15 16 17 0 4 14 17 19 21 2 6 14 17 23 6 14 15 16 18 19 20 21 22 23 6 17 19 20 4 10 15 17 18 21 8 17 18 22 23 10 12 15 17 19 22 8 12 17 20 21 23 8 16 17 20 22
-118.24148831999997
rh-8612-a
C H C H C H C H C H C H Rh Rh Rh C Rh Rh C O
0 0 0 0 1 2 2 2 2 3 4 4 4 4 4 5 6 6 6 6 7 8 8 8 8 8 9 10 10 10 10 11 12 12 12 12 13 13 13 13 13 13 14 14 14 14 14 14 14 14 15 15 15 15 15 15 16 16 16 16 17 17 17 17 17 17 18 18 18 18 18 18 19 19
1 15 16 19 0 3 17 18 19 2 5 6 8 12 14 4 4 7 14 15 6 4 9 10 12 13 8 8 11 13 18 10 4 8 13 14 8 10 12 14 17 18 4 6 12 13 15 16 17 18 0 6 14 16 17 18 0 14 15 17 2 13 14 15 16 18 2 10 13 14 15 17 0 2
-102.99101107000001
pt-86S1-a
C H C H C H C H C H C H Pt Pt C Pt Pt C Pt S Pt Pt
0 0 0 0 0 0 1 2 2 2 2 3 4 4 4 4 5 6 6 6 6 7 8 8 8 8 9 10 10 10 10 10 11 12 12 12 12 12 13 13 13 13 13 13 14 14 14 14 14 14 15 15 15 15 15 16 16 16 16 16 16 16 16 16 16 17 17 17 17 17 18 18 18 18 18 19 19 19 19 19 20 20 20 20 20 20 21 21 21 21
1 2 14 15 16 20 0 0 3 19 20 2 5 10 13 14 4 7 8 17 18 6 6 9 10 12 8 4 8 11 12 13 10 8 10 13 16 18 4 10 12 14 15 16 0 4 13 15 16 17 0 13 14 16 20 0 12 13 14 15 17 18 19 20 21 6 14 16 18 19 6 12 16 17 21 2 16 17 20 21 0 2 15 16 19 21 16 18 19 20
-100.77777101999999
cu-86S2-a
C H C H C H C H C H C H C Cu C Cu Cu S Cu
0 0 0 0 1 2 2 2 2 3 4 4 4 5 6 6 6 7 8 8 8 9 10 10 10 11 12 12 12 12 13 13 13 13 13 13 14 14 14 14 15 15 15 16 16 16 16 16 17 17 17 17 17 18 18 18
1 12 13 17 0 3 14 16 17 2 5 6 8 4 4 7 14 6 4 9 10 8 8 11 12 10 0 10 13 14 0 12 15 16 17 18 2 6 12 15 13 14 16 2 13 15 17 18 0 2 13 16 18 13 16 17
-98.68902752000002
ag-8611-a
C H C H C H C H C H C H C C O
0 0 0 1 2 2 2 3 4 4 4 5 6 6 6 7 8 8 8 9 10 10 10 11 12 12 12 13 13 13 14 14
1 2 12 0 0 3 14 2 5 10 12 4 7 8 13 6 6 9 10 8 4 8 11 10 0 4 13 6 12 14 2 13
-100.99564004000001
ru-9801-a
C H Ru H C H C H C H C H C H C H Ru Ru Ru C Ru Ru C Ru
0 0 0 0 0 1 2 2 2 2 2 3 3 4 4 4 4 4 4 5 6 6 6 6 7 8 8 8 8 8 9 10 10 10 10 11 12 12 12 12 12 13 14 14 14 14 14 14 15 16 16 16 16 16 16 17 17 17 17 17 18 18 18 18 18 18 19 19 19 19 19 19 20 20 20 20 20 21 21 21 21 21 21 21 21 21 21 22 22 22 22 23 23 23 23 23
1 2 3 6 22 0 0 3 17 21 23 0 2 5 6 19 20 21 23 4 0 4 7 23 6 9 10 12 16 18 8 8 11 18 19 10 8 13 14 16 17 12 12 15 16 17 21 22 14 8 12 14 17 18 21 2 12 14 16 21 8 10 16 19 20 21 4 10 18 20 21 22 4 18 19 21 23 2 4 14 16 17 18 19 20 22 23 0 14 19 21 2 4 6 20 21
-112.91224147999998
ru-9802-a
C H H C H C H C H C H C H C H Ru Ru Ru Ru C Ru C Ru
0 0 0 0 1 2 3 3 3 3 3 4 5 5 5 5 5 5 6 7 7 7 7 7 8 9 9 9 9 10 11 11 11 11 12 13 13 13 13 13 14 15 15 15 15 15 15 16 16 16 16 16 16 17 17 17 17 17 17 17 17 17 17 18 18 18 19 19 19 19 19 20 20 20 20 21 21 21 21 21 21 22 22 22 22 22
1 2 11 13 0 0 4 5 7 15 17 3 3 6 15 17 18 19 5 3 8 9 15 16 7 7 10 16 21 9 0 12 21 22 11 0 14 17 19 20 13 3 5 7 16 17 18 7 9 15 17 21 22 3 5 13 15 16 18 19 20 21 22 5 15 17 5 13 17 20 21 13 17 19 22 9 11 16 17 19 22 11 16 17 20 21
-113.28464309999998
cu-a801-a
C H C H C H C H C H C H C H C H C C
0 0 0 1 2 2 2 3 4 4 4 5 6 6 6 7 8 8 8 9 10 10 10 11 12 12 12 13 14 14 14 15 16 16 16 17 17 17
1 2 6 0 0 3 4 2 2 5 16 4 0 7 17 6 9 10 17 8 8 11 12 10 10 13 14 12 12 15 16 14 4 14 17 6 8 16
-120.57480509999999
rh-86S1-a
C H C H C H C H C H C H Rh Rh Rh Rh C Rh C Rh S Rh
0 0 0 0 0 0 1 2 2 2 2 3 4 4 4 4 4 4 5 6 6 6 6 6 6 7 8 8 8 8 8 9 10 10 10 10 10 11 12 12 12 12 12 12 12 13 13 13 13 13 13 14 14 14 14 14 14 15 15 15 15 15 15 15 15 15 15 15 15 16 16 16 16 16 16 17 17 17 17 17 18 18 18 18 18 18 19 19 19 19 19 20 20 20 20 20 21 21 21 21 21 21
1 2 15 16 17 21 0 0 3 20 21 2 5 10 12 14 15 16 4 7 8 12 13 15 18 6 6 9 10 12 13 8 4 8 11 12 14 10 4 6 8 10 13 14 15 6 8 12 15 18 19 4 10 12 15 16 17 0 4 6 12 13 14 16 17 18 19 20 21 0 4 14 15 17 18 0 14 15 16 21 6 13 15 16 19 20 13 15 18 20 21 2 15 18 19 21 0 2 15 17 19 20
-101.51757952000003
pt-86S2-a
C H C H C H C H C H C H Pt Pt C Pt Pt C Pt Pt S Pt
0 0 0 0 0 1 2 2 2 2 3 4 4 4 4 5 6 6 6 6 7 8 8 8 8 9 10 10 10 10 11 12 12 12 12 12 13 13 13 13 13 14 14 14 14 14 14 15 15 15 15 15 16 16 16 16 16 16 16 16 16 17 17 17 17 17 17 18 18 18 18 18 19 19 19 19 19 20 20 20 21 21 21 21
1 14 15 16 20 0 3 17 19 20 2 5 6 8 12 4 4 7 17 18 6 4 9 10 12 8 8 11 13 14 10 4 8 13 16 18 10 12 14 15 16 0 10 13 15 16 17 0 13 14 16 21 0 12 13 14 15 17 18 19 21 2 6 14 16 18 19 6 12 16 17 19 2 16 17 18 21 0 2 21 15 16 19 20
-100.81529778999999
ni-87N2-a
N H C H C H C H C H C H C H Ni Ni Ni C C Ni Ni Ni Ni
0 0 0 0 1 2 2 2 2 2 2 3 4 4 4 4 4 4 5 6 6 6 6 6 7 8 8 8 8 9 10 10 10 10 11 12 12 12 12 13 14 14 14 14 14 15 15 15 15 15 15 16 16 16 16 16 17 17 17 17 17 17 18 18 18 18 18 18 19 19 19 19 19 20 20 20 20 20 20 20 20 20 20 21 21 21 21 21 22 22 22 22 22 22
1 2 4 22 0 0 3 17 20 21 22 2 0 5 18 19 20 22 4 7 8 10 14 15 6 6 9 15 18 8 6 11 12 14 10 10 13 16 17 12 6 10 15 16 20 6 8 14 18 19 20 12 14 17 20 21 2 12 16 18 20 21 4 8 15 17 19 20 4 15 18 20 22 2 4 14 15 16 17 18 19 21 22 2 16 17 20 22 0 2 4 19 20 21
-108.25941876000002
zn-87N1-a
N H C H C H C H C H C H C H C C
0 0 0 1 2 2 2 3 4 4 4 5 6 6 6 7 8 8 8 9 10 10 10 11 12 12 12 13 14 14 14 15 15 15
1 4 15 0 3 4 14 2 0 2 5 4 7 10 14 6 9 10 12 8 6 8 11 10 8 13 15 12 2 6 15 0 12 14
-106.79147258999998
pd-8611-a
C H C H C H C H C H C H Pd Pd C Pd Pd C O Pd
0 0 0 0 0 1 2 2 2 2 3 4 4 4 4 5 6 6 6 6 6 7 8 8 8 8 9 10 10 10 10 10 11 12 12 12 12 12 13 13 13 13 13 13 14 14 14 14 14 14 15 15 15 15 15 16 16 16 16 16 16 16 17 17 17 17 18 18 18 19 19 19 19 19
1 2 14 15 19 0 0 3 18 19 2 5 10 13 14 4 7 8 12 16 17 6 6 9 10 12 8 4 8 11 12 13 10 6 8 10 13 16 4 10 12 14 15 16 0 4 13 15 16 17 0 13 14 16 19 6 12 13 14 15 17 19 6 14 16 18 2 17 19 0 2 15 16 18
-102.58076513
ag-9801-a
C H H C H C H C H C H C H C H C C
0 0 0 0 1 2 3 3 3 4 5 5 5 6 7 7 7 8 9 9 9 10 11 11 11 12 13 13 13 14 15 15 15 16 16 16
1 2 5 16 0 0 4 5 15 3 0 3 6 5 8 9 11 7 7 10 15 9 7 12 13 11 11 14 16 13 3 9 16 0 13 15
-110.96874143
ag-97N1-a
C H C H C H C H C H C H C H C C N
0 0 0 1 2 2 2 3 4 4 4 5 6 6 6 7 8 8 8 9 10 10 10 11 12 12 12 13 14 14 14 15 15 15 16 16
1 2 4 0 0 3 6 2 0 5 15 4 2 7 14 6 9 12 16 8 11 12 15 10 8 10 13 12 6 15 16 4 10 14 8 14
-115.69671647000001
ir-86S1-a
C H C H C H C H C H C H Ir Ir Ir C Ir Ir C S Ir Ir
0 0 0 0 0 0 1 2 2 2 2 3 4 4 4 4 5 6 6 6 6 6 6 7 8 8 8 8 8 9 10 10 10 10 10 11 12 12 12 12 12 12 13 13 13 13 13 13 14 14 14 14 14 14 15 15 15 15 15 15 16 16 16 16 16 17 17 17 17 17 17 17 17 17 17 17 18 18 18 18 18 19 19 19 19 19 20 20 20 20 20 20 21 21 21 21
1 2 15 16 17 20 0 0 3 19 20 2 5 10 14 15 4 7 8 12 13 17 18 6 6 9 10 12 13 8 4 8 11 12 14 10 6 8 10 13 14 17 6 8 12 17 18 21 4 10 12 15 16 17 0 4 14 16 17 18 0 14 15 17 20 0 6 12 13 14 15 16 18 19 20 21 6 13 15 17 19 2 17 18 20 21 0 2 16 17 19 21 13 17 19 20
-101.22290181999995
ni-8612-a
C H C H C H C H C H C H Ni Ni Ni C Ni Ni C O
0 0 0 0 1 2 2 2 2 3 4 4 4 4 5 6 6 6 6 7 8 8 8 8 8 9 10 10 10 10 11 12 12 12 12 13 13 13 13 13 13 14 14 14 14 14 14 15 15 15 15 15 15 16 16 16 16 17 17 17 17 17 17 18 18 18 18 18 19 19
1 15 16 19 0 3 17 18 19 2 5 6 8 12 4 4 7 14 15 6 4 9 10 12 13 8 8 11 13 18 10 4 8 13 14 8 10 12 14 17 18 6 12 13 15 16 17 0 6 14 16 17 18 0 14 15 17 2 13 14 15 16 18 2 10 13 15 17 0 2
-102.3744777
rh-87N1-a
Rh N H C H C H C H C H C H C H Rh Rh Rh Rh C C Rh Rh
0 0 0 0 0 1 1 1 1 2 2 3 3 3 3 3 3 4 5 5 5 5 6 7 7 7 7 7 7 8 9 9 9 9 9 10 11 11 11 11 11 12 13 13 13 13 13 14 15 15 15 15 15 15 15 16 16 16 16 16 16 17 17 17 17 17 18 18 18 18 18 18 18 18 18 18 19 19 19 19 20 20 20 20 20 21 21 21 21 22 22 22 22 22
1 2 16 18 22 0 2 5 20 0 1 4 5 18 19 21 22 3 1 3 6 22 5 8 11 15 17 18 19 7 10 11 13 15 16 9 7 9 12 15 17 11 9 14 15 16 20 13 7 9 11 13 16 17 18 0 9 13 15 18 20 7 11 15 18 21 0 3 7 15 16 17 19 20 21 22 3 7 18 20 1 13 16 18 19 3 17 18 22 0 3 5 18 21
-108.71249873
pd-97N2-a
Pd C H C H C H C H C H C H C H Pd Pd Pd Pd C C Pd Pd N
0 0 0 0 0 0 1 1 1 1 1 1 2 2 3 3 3 3 4 5 5 5 5 5 6 7 7 7 7 7 8 9 9 9 9 10 11 11 11 11 11 12 13 13 13 13 13 14 15 15 15 15 15 16 16 16 16 16 16 17 17 17 17 17 17 18 18 18 18 18 18 18 18 18 18 19 19 19 19 19 19 20 20 20 20 20 20 21 21 21 21 21 21 22 22 22 22 22 22 23 23 23
1 2 17 18 19 22 0 2 18 19 22 23 0 1 4 5 20 21 3 3 6 21 22 23 5 8 13 17 18 19 7 10 11 16 20 9 9 12 13 15 16 11 7 11 14 15 17 13 11 13 16 17 18 9 11 15 18 20 21 0 7 13 15 18 19 0 1 7 15 16 17 19 20 21 22 0 1 7 17 18 20 3 9 16 18 19 21 3 5 16 18 20 22 0 1 5 18 21 23 1 5 22
-117.71784463000003
cu-87N2-a
N H C H C H C H C H C H C H Cu C Cu C
0 0 0 1 2 2 2 3 4 4 4 5 6 6 6 7 8 8 8 8 9 10 10 10 10 11 12 12 12 13 14 14 15 15 15 16 16 17 17 17
1 2 4 0 0 3 15 2 0 5 17 4 7 8 10 6 6 9 16 17 8 6 11 12 14 10 10 13 15 12 10 16 2 12 17 8 14 4 8 15
-106.75592043
os-86S1-a
C H C H C H C H C H C H Os Os Os C Os Os C S Os Os
0 0 0 0 0 0 1 2 2 2 2 3 4 4 4 4 5 6 6 6 6 6 6 7 8 8 8 8 8 9 10 10 10 10 10 11 12 12 12 12 12 12 13 13 13 13 13 13 14 14 14 14 14 14 15 15 15 15 15 15 16 16 16 16 16 17 17 17 17 17 17 17 17 17 17 17 18 18 18 18 18 19 19 19 19 19 20 20 20 20 20 20 21 21 21 21
1 2 15 16 17 20 0 0 3 19 20 2 5 10 14 15 4 7 8 12 13 17 18 6 6 9 10 12 13 8 4 8 11 12 14 10 6 8 10 13 14 17 6 8 12 17 18 21 4 10 12 15 16 17 0 4 14 16 17 18 0 14 15 17 20 0 6 12 13 14 15 16 18 19 20 21 6 13 15 17 19 2 17 18 20 21 0 2 16 17 19 21 13 17 19 20
-101.35588429000006
rh-97N1-a
C H C H C H C H C H C H C H Rh Rh Rh Rh C Rh C N Rh Rh
0 0 0 0 0 1 2 2 2 2 2 3 4 4 4 4 4 4 5 6 6 6 6 6 6 7 8 8 8 8 8 9 10 10 10 10 10 10 11 12 12 12 12 12 13 14 14 14 14 14 14 14 15 15 15 15 15 15 16 16 16 16 16 16 17 17 17 17 17 17 17 17 17 17 17 17 18 18 18 18 18 18 19 19 19 19 19 19 20 20 20 20 20 20 21 21 21 21 21 22 22 22 22 22 22 23 23 23 23 23 23 23
1 2 4 14 15 0 0 3 6 14 16 2 0 5 14 15 17 20 4 2 7 14 16 17 18 6 9 12 19 21 23 8 11 12 17 20 22 23 10 8 10 13 22 23 12 0 2 4 6 15 16 17 0 4 14 17 20 22 2 6 14 17 18 19 4 6 10 14 15 16 18 19 20 21 22 23 6 16 17 19 20 21 8 16 17 18 21 23 4 10 15 17 18 22 8 17 18 19 23 10 12 15 17 20 23 8 10 12 17 19 21 22
-118.42499027000002
ir-9802-a
C H H C H C H C H C H C H C H Ir Ir Ir Ir C Ir C Ir
0 0 0 0 1 2 3 3 3 3 3 4 5 5 5 5 5 6 7 7 7 7 7 8 9 9 9 9 10 11 11 11 11 12 13 13 13 13 14 15 15 15 15 15 16 16 16 16 16 16 17 17 17 17 17 17 17 17 17 18 18 18 19 19 19 19 19 20 20 20 20 21 21 21 21 21 21 22 22 22 22 22
1 2 11 13 0 0 4 5 7 15 17 3 3 6 17 18 19 5 3 8 9 15 16 7 7 10 16 21 9 0 12 21 22 11 0 14 19 20 13 3 7 16 17 18 7 9 15 17 21 22 3 5 15 16 18 19 20 21 22 5 15 17 5 13 17 20 21 13 17 19 22 9 11 16 17 19 22 11 16 17 20 21
-113.01730886999997
rh-86S2-a
C H C H C H C H C H C H Rh Rh Rh Rh C Rh C Rh Rh S
0 0 0 0 0 0 1 2 2 2 2 2 2 3 4 4 4 4 4 5 6 6 6 6 6 6 7 8 8 8 8 8 9 10 10 10 10 10 10 11 12 12 12 12 12 12 12 13 13 13 13 13 13 14 14 14 14 14 14 15 15 15 15 15 15 15 15 15 15 15 15 16 16 16 16 16 16 17 17 17 17 17 18 18 18 18 18 18 19 19 19 19 19 20 20 20 20 20 20 21 21 21
1 15 16 17 20 21 0 3 15 18 19 20 21 2 5 6 8 12 13 4 4 7 12 13 15 18 6 4 9 10 12 14 8 8 11 12 14 15 16 10 4 6 8 10 13 14 15 4 6 12 15 18 19 8 10 12 15 16 17 0 2 6 10 12 13 14 16 17 18 19 20 0 10 14 15 17 18 0 14 15 16 20 2 6 13 15 16 19 2 13 15 18 20 0 2 15 17 19 21 0 2 20
-101.52893260000002
ni-97N2-a
C H C H C H C H C H C H C H Ni Ni C Ni C Ni Ni Ni N
0 0 0 0 0 1 2 2 2 2 3 4 4 4 4 4 5 6 6 6 6 7 8 8 8 8 8 9 10 10 10 10 11 12 12 12 12 12 13 14 14 14 14 14 14 15 15 15 15 15 15 16 16 16 16 16 17 17 17 17 17 17 18 18 18 18 18 19 19 19 19 19 19 20 20 20 20 20 20 21 21 21 21 21 21 22 22 22
1 16 17 21 22 0 3 4 18 20 2 2 5 20 21 22 4 7 12 15 16 6 9 10 14 18 19 8 8 11 12 14 10 6 10 13 14 15 12 8 10 12 15 19 21 6 12 14 16 17 19 0 6 15 17 18 0 15 16 19 20 21 2 8 16 19 20 8 14 15 17 18 20 2 4 17 18 19 21 0 4 14 17 20 22 0 4 21
-117.85779858000001
rh-87N2-a
N H C H C H C H C H C H C H Rh Rh Rh Rh C C Rh Rh Rh
0 0 0 0 1 2 2 2 2 2 2 3 4 4 4 4 4 4 5 6 6 6 6 6 7 8 8 8 8 8 8 9 10 10 10 10 10 11 12 12 12 12 12 12 13 14 14 14 14 14 14 14 15 15 15 15 15 15 16 16 16 16 16 16 17 17 17 17 17 17 17 17 17 17 17 17 18 18 18 18 18 18 19 19 19 19 19 19 20 20 20 20 20 21 21 21 21 21 22 22 22 22 22 22
1 2 4 22 0 0 3 17 18 21 22 2 0 5 17 19 20 22 4 7 8 10 14 15 6 6 9 14 15 17 19 8 6 11 12 14 16 10 10 13 14 16 17 18 12 6 8 10 12 15 16 17 6 8 14 17 19 20 10 12 14 17 18 21 2 4 8 12 14 15 16 18 19 20 21 22 2 12 16 17 19 21 4 8 15 17 18 20 4 15 17 19 22 2 16 17 18 22 0 2 4 17 20 21
-108.96522039000001
cd-97N2-a
C H C H C H C H C H C H C H C C N
0 0 0 1 2 2 2 3 4 4 4 5 6 6 6 7 8 8 8 9 10 10 10 11 12 12 12 13 14 14 14 15 15 15 16 16
1 14 16 0 3 4 15 2 2 5 16 4 7 12 14 6 9 10 15 8 8 11 12 10 6 10 13 12 0 6 15 2 8 14 0 4
-115.50125674
ir-86S2-a
C H C H C H C H C H C H Ir Ir Ir Ir C Ir C Ir S Ir
0 0 0 0 0 1 2 2 2 2 2 3 4 4 4 4 4 5 6 6 6 6 6 6 7 8 8 8 8 8 9 10 10 10 10 10 10 11 12 12 12 12 12 12 12 13 13 13 13 13 13 14 14 14 14 14 14 15 15 15 15 15 15 15 15 15 15 15 15 16 16 16 16 16 16 17 17 17 17 17 18 18 18 18 18 18 19 19 19 19 19 20 20 20 21 21 21 21
1 15 16 17 20 0 3 15 18 19 20 2 5 6 8 12 13 4 4 7 12 13 15 18 6 4 9 10 12 14 8 8 11 12 14 15 16 10 4 6 8 10 13 14 15 4 6 12 15 18 19 8 10 12 15 16 17 0 2 6 10 12 13 14 16 17 18 19 21 0 10 14 15 17 18 0 14 15 16 21 2 6 13 15 16 19 2 13 15 18 21 0 2 21 15 17 19 20
-101.25196155999998
cd-9801-a
C H H C H C H C H C H C H C H C C
0 0 0 0 1 2 3 3 3 4 5 5 5 6 7 7 7 8 9 9 9 10 11 11 11 12 13 13 13 14 15 15 15 16 16 16
1 2 5 16 0 0 4 5 15 3 0 3 6 5 8 9 11 7 7 10 15 9 7 12 13 11 11 14 16 13 3 9 16 0 13 15
-110.77003735
ag-86S1-a
C H C H C H C H C H C H C C S
0 0 0 1 2 2 2 3 4 4 4 5 6 6 6 7 8 8 8 9 10 10 10 11 12 12 12 13 13 13 14 14
1 2 12 0 0 3 14 2 5 10 12 4 7 8 13 6 6 9 10 8 4 8 11 10 0 4 13 6 12 14 2 13
-98.75030469000001
au-87N1-a
N H C H C H C H C H C H C H C C
0 0 0 1 2 2 2 3 4 4 4 5 6 6 6 7 8 8 8 9 10 10 10 11 12 12 12 13 14 14 14 15 15 15
1 4 15 0 3 4 14 2 0 2 5 4 7 10 14 6 9 10 12 8 6 8 11 10 8 13 15 12 2 6 15 0 12 14
-106.98308631000003
os-87N1-a
N H C H C H C H C H C H C H Os Os Os Os C C Os Os Os
0 0 0 0 1 2 2 2 2 2 2 3 4 4 4 4 5 6 6 6 6 6 7 8 8 8 8 8 9 10 10 10 10 10 11 12 12 12 12 13 14 14 14 14 14 15 15 15 15 15 15 16 16 16 16 16 17 17 17 17 17 17 17 17 17 17 18 18 18 18 19 19 19 19 19 20 20 20 20 21 21 21 21 21 22 22 22 22
1 4 19 22 0 3 4 17 18 20 21 2 0 2 5 21 4 7 10 16 17 18 6 9 10 12 14 15 8 6 8 11 14 16 10 8 13 15 19 12 8 10 15 16 17 8 12 14 17 19 22 6 10 14 17 20 2 6 14 15 16 18 19 20 21 22 2 6 17 19 0 12 15 17 18 2 16 17 21 2 4 17 20 22 0 15 17 21
-108.66165407000005
ir-87N2-a
N H C H C H C H C H C H C H Ir Ir Ir Ir C C Ir Ir Ir
0 0 0 0 1 2 2 2 2 2 2 3 4 4 4 4 4 4 5 6 6 6 6 6 7 8 8 8 8 8 9 10 10 10 10 10 11 12 12 12 12 12 12 13 14 14 14 14 14 14 15 15 15 15 15 15 16 16 16 16 16 16 17 17 17 17 17 17 17 17 17 17 17 17 18 18 18 18 18 18 19 19 19 19 19 19 20 20 20 20 20 21 21 21 21 21 22 22 22 22 22 22
1 2 4 22 0 0 3 17 18 21 22 2 0 5 17 19 20 22 4 7 8 10 14 15 6 6 9 15 17 19 8 6 11 12 14 16 10 10 13 14 16 17 18 12 6 10 12 15 16 17 6 8 14 17 19 20 10 12 14 17 18 21 2 4 8 12 14 15 16 18 19 20 21 22 2 12 16 17 19 21 4 8 15 17 18 20 4 15 17 19 22 2 16 17 18 22 0 2 4 17 20 21
-108.67835219999995
ni-86S2-a
C H C H C H C H C H C H Ni Ni C Ni Ni C Ni Ni S Ni
0 0 0 0 1 2 2 2 2 3 4 4 4 4 5 6 6 6 6 7 8 8 8 8 9 10 10 10 10 11 12 12 12 12 12 13 13 13 13 13 14 14 14 14 14 14 15 15 15 15 15 16 16 16 16 16 16 16 16 17 17 17 17 17 17 18 18 18 18 18 19 19 19 19 19 20 20 20 21 21 21 21
1 14 15 20 0 3 17 19 20 2 5 6 8 12 4 4 7 17 18 6 4 9 10 12 8 8 11 13 14 10 4 8 13 16 18 10 12 14 15 16 0 10 13 15 16 17 0 13 14 16 21 12 13 14 15 17 18 19 21 2 6 14 16 18 19 6 12 16 17 19 2 16 17 18 21 0 2 21 15 16 19 20
-100.67704769
pd-86S2-a
C H C H C H C H C H C H Pd Pd Pd C Pd Pd C Pd S Pd
0 0 0 0 0 1 2 2 2 2 2 3 4 4 4 4 4 5 6 6 6 6 7 8 8 8 8 8 9 10 10 10 10 10 11 12 12 12 12 12 12 13 13 13 13 13 13 14 14 14 14 14 14 15 15 15 15 15 15 16 16 16 16 16 17 17 17 17 17 17 17 17 17 17 18 18 18 18 18 18 19 19 19 19 19 20 20 20 21 21 21 21
1 15 16 17 20 0 3 17 18 19 20 2 5 6 8 12 13 4 4 7 13 18 6 4 9 10 12 14 8 8 11 12 14 15 10 4 8 10 13 14 17 4 6 12 17 18 19 8 10 12 15 16 17 0 10 14 16 17 18 0 14 15 17 21 0 2 12 13 14 15 16 18 19 21 2 6 13 15 17 19 2 13 17 18 21 0 2 21 16 17 19 20
-101.10926322000003
pd-87N2-a
N H C H C H C H C H C H C H Pd Pd Pd C C Pd Pd Pd Pd
0 0 0 0 1 2 2 2 2 2 2 3 4 4 4 4 4 4 5 6 6 6 6 6 7 8 8 8 8 9 10 10 10 10 10 11 12 12 12 12 13 14 14 14 14 14 15 15 15 15 15 15 16 16 16 16 16 16 17 17 17 17 17 17 18 18 18 18 18 18 19 19 19 19 19 20 20 20 20 20 20 20 20 20 20 21 21 21 21 21 22 22 22 22 22 22
1 2 4 22 0 0 3 17 20 21 22 2 0 5 18 19 20 22 4 7 8 10 14 15 6 6 9 15 18 8 6 11 12 14 16 10 10 13 16 17 12 6 10 15 16 20 6 8 14 18 19 20 10 12 14 17 20 21 2 12 16 18 20 21 4 8 15 17 19 20 4 15 18 20 22 2 4 14 15 16 17 18 19 21 22 2 16 17 20 22 0 2 4 19 20 21
-108.54472636
pd-97N1-a
C H C H C H C H C H C H C H Pd Pd Pd Pd C Pd C N Pd Pd
0 0 0 0 0 1 2 2 2 2 2 3 4 4 4 4 5 6 6 6 6 6 7 8 8 8 8 8 9 10 10 10 10 11 12 12 12 12 12 13 14 14 14 14 14 15 15 15 15 15 15 16 16 16 16 16 16 17 17 17 17 17 17 17 17 17 18 18 18 18 18 18 19 19 19 19 19 19 20 20 20 20 20 20 21 21 21 22 22 22 22 22 22 23 23 23 23 23
1 2 4 14 15 0 0 3 6 14 16 2 0 5 15 20 4 2 7 16 17 18 6 9 12 19 21 23 8 11 12 20 22 10 8 10 13 22 23 12 0 2 15 16 17 0 4 14 17 20 22 2 6 14 17 18 19 6 14 15 16 18 19 20 22 23 6 16 17 19 20 21 8 16 17 18 21 23 4 10 15 17 18 22 8 18 19 10 12 15 17 20 23 8 12 17 19 22
-118.01700952000002
ni-97N1-a
C H C H C H C H C H C H C H Ni Ni C Ni Ni C N Ni Ni Ni
0 0 0 0 1 2 2 2 2 2 3 4 4 4 4 5 6 6 6 6 7 8 8 8 8 8 9 10 10 10 10 11 12 12 12 12 12 13 14 14 14 14 14 15 15 15 15 15 15 16 16 16 16 16 16 17 17 17 17 17 17 18 18 18 18 18 18 18 18 19 19 19 19 19 19 20 20 20 21 21 21 21 21 22 22 22 22 22 22 23 23 23 23 23
1 2 4 14 0 0 3 6 14 15 2 0 5 19 21 4 2 7 15 16 6 9 12 17 20 23 8 11 12 19 22 10 8 10 13 22 23 12 0 2 15 18 21 2 6 14 16 17 18 6 15 17 18 19 20 8 15 16 18 20 23 14 15 16 17 19 21 22 23 4 10 16 18 21 22 8 16 17 4 14 18 19 22 10 12 18 19 21 23 8 12 17 18 22
-117.81756652999997
os-97N2-a
Os C H C H C H C H C H C H C H Os Os Os Os C C Os Os N
0 0 0 0 0 1 1 1 1 1 1 2 2 3 3 3 3 4 5 5 5 5 5 6 7 7 7 7 7 7 8 9 9 9 9 10 11 11 11 11 11 12 13 13 13 13 14 15 15 15 15 15 15 16 16 16 16 16 16 17 17 17 17 18 18 18 18 18 18 18 18 18 18 19 19 19 19 20 20 20 20 20 20 21 21 21 21 21 21 22 22 22 22 22 22 23 23 23
1 2 17 18 22 0 2 18 19 22 23 0 1 4 5 20 21 3 3 6 21 22 23 5 8 13 15 17 18 19 7 10 11 16 20 9 9 12 13 15 16 11 7 11 14 15 13 7 11 13 16 17 18 9 11 15 18 20 21 0 7 15 18 0 1 7 15 16 17 19 20 21 22 1 7 18 20 3 9 16 18 19 21 3 5 16 18 20 22 0 1 5 18 21 23 1 5 22
-118.07029169000009
zn-9801-a
C H H C H C H C H C H C H C H C C
0 0 0 0 1 2 3 3 3 4 5 5 5 6 7 7 7 8 9 9 9 10 11 11 11 12 13 13 13 14 15 15 15 16 16 16
1 2 5 16 0 0 4 5 15 3 0 3 6 5 8 9 11 7 7 10 15 9 7 12 13 11 11 14 16 13 3 9 16 0 13 15
-110.84116824
os-a801-a
C H C H C H C H C H C H C H C H Os Os Os Os C Os C Os Os
0 0 0 0 0 1 2 2 2 2 2 3 4 4 4 4 4 5 6 6 6 6 7 8 8 8 8 9 10 10 10 10 10 11 12 12 12 12 12 13 14 14 14 14 14 15 16 16 16 16 16 17 17 17 17 17 17 18 18 18 18 18 18 19 19 19 19 19 19 19 19 19 19 20 20 20 20 20 20 21 21 21 21 21 21 22 22 22 22 22 22 23 23 23 23 23 23 24 24 24 24 24
1 2 6 16 17 0 0 3 4 16 18 2 2 5 18 19 20 4 0 7 17 22 6 9 10 22 23 8 8 11 12 23 24 10 10 13 14 21 24 12 12 15 19 20 21 14 0 2 17 18 19 0 6 16 19 22 23 2 4 16 19 20 21 4 14 16 17 18 20 21 22 23 24 4 14 18 19 21 22 12 14 18 19 20 24 6 8 17 19 20 23 8 10 17 19 22 24 10 12 19 21 23
-123.03460421
au-87N2-a
N H C H C H C H C H C H C H C C
0 0 0 1 2 2 2 3 4 4 4 5 6 6 6 7 8 8 8 9 10 10 10 11 12 12 12 13 14 14 14 15 15 15
1 2 4 0 0 3 14 2 0 5 15 4 7 8 10 6 6 9 15 8 6 11 12 10 10 13 14 12 2 12 15 4 8 14
-106.66365568000003
pt-87N2-a
N H C H C H C H C H C H C H Pt Pt C Pt C Pt Pt Pt Pt
0 0 0 0 1 2 2 2 2 2 2 3 4 4 4 4 4 4 5 6 6 6 6 7 8 8 8 8 9 10 10 10 10 11 12 12 12 12 13 14 14 14 14 14 15 15 15 15 15 16 16 16 16 16 16 17 17 17 17 17 18 18 18 18 18 18 19 19 19 19 19 20 20 20 20 20 20 20 20 20 20 21 21 21 21 21 22 22 22 22 22 22
1 2 4 22 0 0 3 16 20 21 22 2 0 5 18 19 20 22 4 7 8 10 14 6 6 9 17 18 8 6 11 12 14 10 10 13 15 16 12 6 10 15 17 20 12 14 16 20 21 2 12 15 18 20 21 8 14 18 19 20 4 8 16 17 19 20 4 17 18 20 22 2 4 14 15 16 17 18 19 21 22 2 15 16 20 22 0 2 4 19 20 21
-108.18585833000003
rh-8611-a
C H C H C H C H C H C H Rh Rh Rh C Rh C O Rh Rh Rh
0 0 0 0 0 1 2 2 2 2 3 4 4 4 4 4 5 6 6 6 6 6 6 7 8 8 8 8 9 10 10 10 10 10 11 12 12 12 12 12 12 13 13 13 13 13 13 14 14 14 14 14 14 15 15 15 15 15 15 16 16 16 16 16 16 16 16 16 17 17 17 17 18 18 18 19 19 19 19 20 20 20 20 20 21 21 21 21
1 2 14 15 20 0 0 3 18 20 2 5 10 13 14 15 4 7 8 12 16 17 19 6 6 9 10 12 8 4 8 11 12 13 10 6 8 10 13 16 19 4 10 12 14 15 16 0 4 13 15 16 20 0 4 13 14 16 17 6 12 13 14 15 17 19 20 21 6 15 16 18 2 17 21 6 12 16 21 0 2 14 16 21 16 18 19 20
-102.57425285
ag-86S2-a
C H C H C H C H C H C H C C S
0 0 0 1 2 2 2 3 4 4 4 5 6 6 6 7 8 8 8 9 10 10 10 11 12 12 12 13 13 13 14 14
1 12 14 0 3 13 14 2 5 6 8 4 4 7 13 6 4 9 10 8 8 11 12 10 0 10 13 2 6 12 0 2
-98.39503988999999
zn-86S1-a
C H C H C H C H C H C H C C S
0 0 0 1 2 2 2 3 4 4 4 5 6 6 6 7 8 8 8 9 10 10 10 11 12 12 12 13 13 13 14 14
1 2 12 0 0 3 14 2 5 10 12 4 7 8 13 6 6 9 10 8 4 8 11 10 0 4 13 6 12 14 2 13
-98.62773822
ru-87N2-a
N H C H C H C H C H C H C H Ru Ru Ru Ru C C Ru Ru Ru
0 0 0 0 1 2 2 2 2 2 2 3 4 4 4 4 4 4 5 6 6 6 6 6 7 8 8 8 8 8 9 10 10 10 10 10 11 12 12 12 12 12 12 13 14 14 14 14 14 14 15 15 15 15 15 15 16 16 16 16 16 16 17 17 17 17 17 17 17 17 17 17 17 17 18 18 18 18 18 18 19 19 19 19 19 19 20 20 20 20 20 21 21 21 21 21 22 22 22 22 22 22
1 2 4 22 0 0 3 17 18 21 22 2 0 5 17 19 20 22 4 7 8 10 14 15 6 6 9 15 17 19 8 6 11 12 14 16 10 10 13 14 16 17 18 12 6 10 12 15 16 17 6 8 14 17 19 20 10 12 14 17 18 21 2 4 8 12 14 15 16 18 19 20 21 22 2 12 16 17 19 21 4 8 15 17 18 20 4 15 17 19 22 2 16 17 18 22 0 2 4 17 20 21
-108.71658921
cd-87N1-a
N H C H C H C H C H C H C H C C
0 0 0 1 2 2 2 3 4 4 4 5 6 6 6 7 8 8 8 9 10 10 10 11 12 12 12 13 14 14 14 15 15 15
1 4 15 0 3 4 14 2 0 2 5 4 7 10 14 6 9 10 12 8 6 8 11 10 8 13 15 12 2 6 15 0 12 14
-106.70908624
pt-9802-a
C H H C H C H C H C H C H C H Pt Pt Pt C C Pt Pt
0 0 0 0 1 2 3 3 3 3 4 5 5 5 5 6 7 7 7 7 7 8 9 9 9 9 10 11 11 11 11 12 13 13 13 13 14 15 15 15 15 16 16 16 16 16 16 17 17 17 17 17 17 17 18 18 18 18 19 19 19 19 19 19 20 20 20 20 20 21 21 21
1 2 11 13 0 0 4 5 7 15 3 3 6 17 18 5 3 8 9 15 16 7 7 10 16 19 9 0 12 19 20 11 0 14 18 21 13 3 7 16 17 7 9 15 17 19 20 5 15 16 18 19 20 21 5 13 17 19 9 11 16 17 18 20 11 16 17 19 21 13 17 20
-112.63685170000002
ag-87N1-a
N H C H C H C H C H C H C H C C
0 0 0 1 2 2 2 3 4 4 4 5 6 6 6 7 8 8 8 9 10 10 10 11 12 12 12 13 14 14 14 15 15 15
1 4 15 0 3 4 14 2 0 2 5 4 7 10 14 6 9 10 12 8 6 8 11 10 8 13 15 12 2 6 15 0 12 14
-106.93134566
cd-a801-a
C H C H C H C H C H C H C H C H C C
0 0 0 1 2 2 2 3 4 4 4 5 6 6 6 7 8 8 8 9 10 10 10 11 12 12 12 13 14 14 14 15 16 16 16 17 17 17
1 2 6 0 0 3 4 2 2 5 16 4 0 7 17 6 9 10 17 8 8 11 12 10 10 13 14 12 12 15 16 14 4 14 17 6 8 16
-120.28831923000001
pd-86S1-a
C H C H C H C H C H C H Pd Pd Pd C Pd Pd C S Pd Pd
0 0 0 0 0 0 1 2 2 2 2 3 4 4 4 4 5 6 6 6 6 6 7 8 8 8 8 8 9 10 10 10 10 10 11 12 12 12 12 12 12 13 13 13 13 13 13 14 14 14 14 14 14 15 15 15 15 15 15 16 16 16 16 16 17 17 17 17 17 17 17 17 17 17 18 18 18 18 18 19 19 19 19 19 20 20 20 20 20 20 21 21 21 21
1 2 15 16 17 20 0 0 3 19 20 2 5 10 14 15 4 7 8 12 13 18 6 6 9 10 12 13 8 4 8 11 12 14 10 6 8 10 13 14 17 6 8 12 17 18 21 4 10 12 15 16 17 0 4 14 16 17 18 0 14 15 17 20 0 12 13 14 15 16 18 19 20 21 6 13 15 17 19 2 17 18 20 21 0 2 16 17 19 21 13 17 19 20
-101.11373749000003
cu-8612-a
C H C H C H C H C H C H Cu Cu Cu C Cu C Cu O
0 0 0 0 1 2 2 2 2 3 4 4 4 4 5 6 6 6 6 7 8 8 8 8 9 10 10 10 10 11 12 12 12 12 12 13 13 13 14 14 14 14 14 14 15 15 15 15 15 16 16 16 16 17 17 17 17 18 18 18 18 18 19 19
1 15 16 19 0 3 17 18 19 2 5 6 8 13 4 4 7 14 15 6 4 9 10 12 8 8 11 12 17 10 8 10 13 14 18 4 12 14 6 12 13 15 16 18 0 6 14 16 17 0 14 15 18 2 10 15 18 2 12 14 16 17 0 2
-100.59000273999999
ir-a801-a
C H C H C H C H C H C H C H C H Ir Ir Ir Ir C Ir C Ir Ir
0 0 0 0 0 1 2 2 2 2 2 3 4 4 4 4 4 4 5 6 6 6 6 6 6 7 8 8 8 8 8 8 9 10 10 10 10 10 11 12 12 12 12 12 13 14 14 14 14 14 14 15 16 16 16 16 16 16 16 17 17 17 17 17 17 18 18 18 18 18 18 19 19 19 19 19 19 19 19 19 19 19 19 20 20 20 20 20 20 21 21 21 21 21 21 22 22 22 22 22 22 23 23 23 23 23 23 24 24 24 24 24 24 24
1 2 6 16 17 0 0 3 4 16 18 2 2 5 16 18 19 20 4 0 7 16 17 19 22 6 9 10 19 22 23 24 8 8 11 12 23 24 10 10 13 14 21 24 12 12 15 19 20 21 24 14 0 2 4 6 17 18 19 0 6 16 19 22 23 2 4 16 19 20 21 4 6 8 14 16 17 18 20 21 22 23 24 4 14 18 19 21 22 12 14 18 19 20 24 6 8 17 19 20 23 8 10 17 19 22 24 8 10 12 14 19 21 23
-122.86741033999999
pt-97N1-a
C H C H C H C H C H C H C H Pt Pt Pt C Pt Pt C N Pt Pt
0 0 0 0 0 1 2 2 2 2 2 3 4 4 4 4 5 6 6 6 6 7 8 8 8 8 8 9 10 10 10 10 11 12 12 12 12 13 14 14 14 14 14 15 15 15 15 15 15 16 16 16 16 16 17 17 17 17 17 18 18 18 18 18 18 19 19 19 19 19 19 19 19 20 20 20 20 20 20 21 21 21 22 22 22 22 22 23 23 23 23 23
1 2 4 14 15 0 0 3 6 14 16 2 0 5 15 20 4 2 7 16 17 6 9 12 18 21 23 8 11 12 20 22 10 8 10 13 23 12 0 2 15 16 19 0 4 14 19 20 22 2 6 14 18 19 6 18 19 20 21 8 16 17 19 21 23 14 15 16 17 18 20 22 23 4 10 15 17 19 22 8 17 18 10 15 19 20 23 8 12 18 19 22
-117.42559201
ir-9801-a
C H H C H C H C H C H C H C H Ir Ir Ir C Ir Ir C Ir
0 0 0 0 1 2 3 3 3 3 3 3 4 5 5 5 5 6 7 7 7 7 7 8 9 9 9 9 10 11 11 11 11 11 12 13 13 13 13 13 14 15 15 15 15 15 16 16 16 16 17 17 17 17 17 17 18 18 18 18 18 18 19 19 19 19 19 20 20 20 20 20 20 20 20 20 21 21 21 21 22 22 22 22
1 2 5 21 0 0 4 5 18 19 20 22 3 0 3 6 22 5 8 9 11 15 17 7 7 10 17 18 9 7 12 13 15 16 11 11 14 16 20 21 13 7 11 16 17 20 11 13 15 20 7 9 15 18 19 20 3 9 17 19 20 21 3 17 18 20 22 3 13 15 16 17 18 19 21 22 0 13 18 20 3 5 19 20
-113.15417619999994
ag-9802-a
C H H C H C H C H C H C H C H Ag C C Ag Ag Ag
0 0 0 0 1 2 3 3 3 4 5 5 5 5 6 7 7 7 8 9 9 9 9 10 11 11 11 11 12 13 13 13 13 14 15 15 15 15 15 16 16 16 16 17 17 17 17 18 18 18 18 18 19 19 19 20 20 20
1 2 11 13 0 0 4 5 7 3 3 6 15 16 5 3 8 9 7 7 10 17 19 9 0 12 17 18 11 0 14 16 20 13 5 16 18 19 20 5 13 15 17 9 11 16 18 11 15 17 19 20 9 15 18 13 15 18
-110.17083602
os-86S2-a
C H C H C H C H C H C H Os Os Os Os C Os C Os S Os
0 0 0 0 0 1 2 2 2 2 2 3 4 4 4 4 4 5 6 6 6 6 7 8 8 8 8 8 9 10 10 10 10 10 11 12 12 12 12 12 13 13 13 13 13 13 14 14 14 14 14 14 15 15 15 15 15 15 15 15 15 15 15 16 16 16 16 16 16 17 17 17 17 17 18 18 18 18 18 18 19 19 19 19 19 20 20 20 21 21 21 21
1 15 16 17 20 0 3 15 18 19 20 2 5 6 8 12 13 4 4 7 13 18 6 4 9 10 12 14 8 8 11 14 15 16 10 4 8 13 14 15 4 6 12 15 18 19 8 10 12 15 16 17 0 2 10 12 13 14 16 17 18 19 21 0 10 14 15 17 18 0 14 15 16 21 2 6 13 15 16 19 2 13 15 18 21 0 2 21 15 17 19 20
-101.44506507000006
zn-86S2-a
C H C H C H C H C H C H C C S
0 0 0 1 2 2 2 3 4 4 4 5 6 6 6 7 8 8 8 9 10 10 10 11 12 12 12 13 13 13 14 14
1 12 14 0 3 13 14 2 5 6 8 4 4 7 13 6 4 9 10 8 8 11 12 10 0 10 13 2 6 12 0 2
-98.26657621999999
ni-86S1-a
C H C H C H C H C H C H Ni Ni C Ni Ni C Ni S Ni Ni
0 0 0 0 0 1 2 2 2 2 3 4 4 4 4 5 6 6 6 6 6 7 8 8 8 8 9 10 10 10 10 10 11 12 12 12 12 12 12 13 13 13 13 13 13 14 14 14 14 14 14 15 15 15 15 15 16 16 16 16 16 16 16 16 16 17 17 17 17 17 18 18 18 18 18 19 19 19 19 19 20 20 20 20 20 20 21 21 21 21
1 2 14 15 20 0 0 3 19 20 2 5 10 13 14 4 7 8 12 17 18 6 6 9 10 12 8 4 8 11 12 13 10 6 8 10 13 16 18 4 10 12 14 15 16 0 4 13 15 16 17 0 13 14 16 20 12 13 14 15 17 18 19 20 21 6 14 16 18 19 6 12 16 17 21 2 16 17 20 21 0 2 15 16 19 21 16 18 19 20
-100.70893372
ru-97N2-a
Ru C H C H Ru C H Ru C H C H Ru C H C H Ru Ru Ru C C Ru Ru N
0 0 0 0 0 0 1 1 1 1 1 1 2 2 3 3 3 3 4 5 5 5 5 5 5 6 6 6 6 6 6 7 7 8 8 8 8 8 8 9 9 9 9 9 9 10 10 11 11 11 11 12 13 13 13 13 13 13 14 14 14 14 14 14 15 15 16 16 16 16 17 18 18 18 18 18 18 18 18 19 19 19 19 19 19 19 20 20 20 20 20 20 20 20 20 20 21 21 21 21 22 22 22 22 22 22 23 23 23 23 23 23 23 24 24 24 24 24 24 24 24 25 25 25
1 2 8 13 20 24 0 2 20 21 24 25 0 1 4 6 22 23 3 6 7 8 18 23 24 3 5 7 23 24 25 5 6 0 5 9 10 18 20 8 10 16 18 20 21 8 9 12 14 19 22 11 0 14 15 18 19 24 11 13 15 16 18 19 13 14 9 14 17 18 16 5 8 9 13 14 16 19 20 11 13 14 18 20 22 23 0 1 8 9 18 19 21 22 23 24 1 9 20 22 3 11 19 20 21 23 3 5 6 19 20 22 24 0 1 5 6 13 20 23 25 1 6 24
-118.43396620000004
ir-97N2-a
Ir C H C H C H C H C H C H C H Ir Ir Ir C C Ir Ir Ir N
0 0 0 0 0 1 1 1 1 1 1 2 2 3 3 3 3 4 5 5 5 5 5 6 7 7 7 7 7 7 8 9 9 9 9 9 10 11 11 11 11 12 13 13 13 13 13 14 15 15 15 15 15 15 15 16 16 16 16 16 17 17 17 17 17 17 17 17 17 17 18 18 18 18 19 19 19 19 19 19 20 20 20 20 20 21 21 21 21 21 21 22 22 22 22 22 22 23 23 23
1 2 16 17 22 0 2 17 18 22 23 0 1 4 5 19 21 3 3 6 21 22 23 5 8 13 15 16 17 18 7 10 11 15 19 20 9 9 12 13 15 11 7 11 14 15 16 13 7 9 11 13 16 17 20 0 7 13 15 17 0 1 7 15 16 18 19 20 21 22 1 7 17 19 3 9 17 18 20 21 9 15 17 19 21 3 5 17 19 20 22 0 1 5 17 21 23 1 5 22
-117.16529072999992
ir-97N1-a
C H C H C H C H C H C H C H Ir Ir Ir Ir C Ir C N Ir Ir
0 0 0 0 0 1 2 2 2 2 2 3 4 4 4 4 4 4 5 6 6 6 6 6 7 8 8 8 8 8 9 10 10 10 10 10 10 11 12 12 12 12 12 13 14 14 14 14 14 14 15 15 15 15 15 15 16 16 16 16 16 16 17 17 17 17 17 17 17 17 17 17 17 18 18 18 18 18 18 19 19 19 19 19 19 20 20 20 20 20 20 21 21 21 22 22 22 22 22 22 23 23 23 23 23 23
1 2 4 14 15 0 0 3 6 14 16 2 0 5 14 15 17 20 4 2 7 16 17 18 6 9 12 19 21 23 8 11 12 17 20 22 23 10 8 10 13 22 23 12 0 2 4 15 16 17 0 4 14 17 20 22 2 6 14 17 18 19 4 6 10 14 15 16 18 19 20 22 23 6 16 17 19 20 21 8 16 17 18 21 23 4 10 15 17 18 22 8 18 19 10 12 15 17 20 23 8 10 12 17 19 22
-117.93872234999992
ag-97N2-a
C H C H C H C H C H C H C H C C N
0 0 0 1 2 2 2 3 4 4 4 5 6 6 6 7 8 8 8 9 10 10 10 11 12 12 12 13 14 14 14 15 15 15 16 16
1 14 16 0 3 4 15 2 2 5 16 4 7 12 14 6 9 10 15 8 8 11 12 10 6 10 13 12 0 6 15 2 8 14 0 4
-115.67855918000001
pt-97N2-a
C H C H C H C H C H C H C H Pt Pt C Pt C Pt Pt Pt N Pt
0 0 0 0 1 2 2 2 2 3 4 4 4 4 5 6 6 6 6 7 8 8 8 8 9 10 10 10 10 11 12 12 12 12 13 14 14 14 14 14 15 15 15 15 16 16 16 16 17 17 17 17 17 17 17 17 18 18 18 18 18 18 19 19 19 19 19 20 20 20 20 20 21 21 21 21 22 22 22 23 23 23 23 23
1 16 21 22 0 3 4 18 20 2 2 5 22 23 4 7 12 15 16 6 9 10 18 19 8 8 11 12 14 10 6 10 13 14 12 10 12 15 17 19 6 14 17 21 0 6 17 18 14 15 16 18 19 20 21 23 2 8 16 17 19 20 8 14 17 18 20 2 17 18 19 23 0 15 17 23 0 4 23 4 17 20 21 22
-117.10093180000001
ni-87N1-a
N H C H C H C H C H C H C H Ni Ni Ni Ni C C Ni Ni Ni
0 0 0 0 1 2 2 2 2 2 2 3 4 4 4 4 5 6 6 6 6 6 7 8 8 8 8 8 9 10 10 10 10 10 11 12 12 12 12 13 14 14 14 14 14 15 15 15 15 15 15 16 16 16 16 16 17 17 17 17 17 17 17 17 17 17 18 18 18 18 19 19 19 19 19 20 20 20 20 21 21 21 21 21 22 22 22 22
1 4 19 22 0 3 4 17 18 20 21 2 0 2 5 21 4 7 10 16 17 18 6 9 10 12 14 15 8 6 8 11 14 16 10 8 13 15 19 12 8 10 15 16 17 8 12 14 17 19 22 6 10 14 17 20 2 6 14 15 16 18 19 20 21 22 2 6 17 19 0 12 15 17 18 2 16 17 21 2 4 17 20 22 0 15 17 21
-108.23289478999999
pd-87N1-a
Pd N H C H C H C H C H C H C H Pd Pd Pd C Pd Pd C Pd
0 0 0 0 1 1 1 2 2 3 3 3 3 3 3 4 5 5 5 5 6 7 7 7 7 8 9 9 9 9 9 10 11 11 11 11 11 12 13 13 13 13 13 14 15 15 15 15 15 16 16 16 16 16 17 17 17 17 17 17 18 18 18 18 18 18 19 19 19 19 19 20 20 20 20 20 20 20 20 20 20 21 21 21 21 22 22 22 22 22
2 16 20 22 2 5 21 0 1 4 5 18 19 20 22 3 1 3 6 22 5 8 11 17 18 7 10 11 13 15 16 9 7 9 12 15 17 11 9 14 16 20 21 13 9 11 16 17 20 0 9 13 15 20 7 11 15 18 19 20 3 7 17 19 20 21 3 17 18 20 22 0 3 13 15 16 17 18 19 21 22 1 13 18 20 0 3 5 19 20
-108.69458915999999
cu-8611-a
C H C H C H C H C H C H C C O
0 0 0 1 2 2 2 3 4 4 4 5 6 6 6 7 8 8 8 9 10 10 10 11 12 12 12 13 13 13 14 14
1 2 12 0 0 3 14 2 5 10 12 4 7 8 13 6 6 9 10 8 4 8 11 10 0 4 13 6 12 14 2 13
-101.05700731999997
os-87N2-a
N H C H C H C H C H C H C H Os Os Os Os C C Os Os Os
0 0 0 0 1 2 2 2 2 2 2 3 4 4 4 4 4 4 5 6 6 6 6 6 7 8 8 8 8 9 10 10 10 10 10 11 12 12 12 12 12 13 14 14 14 14 14 15 15 15 15 15 15 16 16 16 16 16 16 17 17 17 17 17 17 17 17 17 17 17 18 18 18 18 18 18 19 19 19 19 19 19 20 20 20 20 20 21 21 21 21 21 22 22 22 22 22 22
1 2 4 22 0 0 3 17 18 21 22 2 0 5 17 19 20 22 4 7 8 10 14 15 6 6 9 15 19 8 6 11 12 14 16 10 10 13 16 17 18 12 6 10 15 16 17 6 8 14 17 19 20 10 12 14 17 18 21 2 4 12 14 15 16 18 19 20 21 22 2 12 16 17 19 21 4 8 15 17 18 20 4 15 17 19 22 2 16 17 18 22 0 2 4 17 20 21
-108.99681911000005
pt-8612-a
C H C H C H C H C H C H Pt Pt Pt C Pt C Pt O
0 0 0 0 1 2 2 2 2 3 4 4 4 4 4 5 6 6 6 6 7 8 8 8 8 8 9 10 10 10 10 11 12 12 12 12 13 13 13 13 13 13 14 14 14 14 14 14 14 15 15 15 15 15 16 16 16 16 17 17 17 17 17 18 18 18 18 18 19 19
1 15 16 19 0 3 17 18 19 2 5 6 8 12 14 4 4 7 14 15 6 4 9 10 12 13 8 8 11 13 17 10 4 8 13 14 8 10 12 14 17 18 4 6 12 13 15 16 18 0 6 14 16 17 0 14 15 18 2 10 13 15 18 2 13 14 16 17 0 2
-102.46869533
pt-8611-a
C H C H C H C H C H C H Pt Pt C Pt Pt C O Pt
0 0 0 0 1 2 2 2 2 3 4 4 4 4 5 6 6 6 6 6 7 8 8 8 8 9 10 10 10 10 11 12 12 12 12 13 13 13 13 13 14 14 14 14 14 15 15 15 15 15 16 16 16 16 16 16 16 17 17 17 17 18 18 19 19 19
1 2 14 15 0 0 3 18 19 2 5 10 13 14 4 7 8 12 16 17 6 6 9 10 12 8 4 8 11 13 10 6 8 13 16 4 10 12 15 16 0 4 15 16 17 0 13 14 16 19 6 12 13 14 15 17 19 6 14 16 18 2 17 2 15 16
-102.26261700000003
zn-97N2-a
C H C H C H C H C H C H C H C C N
0 0 0 1 2 2 2 3 4 4 4 5 6 6 6 7 8 8 8 9 10 10 10 11 12 12 12 13 14 14 14 15 15 15 16 16
1 14 16 0 3 4 15 2 2 5 16 4 7 12 14 6 9 10 15 8 8 11 12 10 6 10 13 12 0 6 15 2 8 14 0 4
-115.57310049
cu-9802-a
C H H C H C H C H C H C H C H Cu Cu Cu C C Cu Cu
0 0 0 0 1 2 3 3 3 3 4 5 5 5 5 6 7 7 7 7 7 8 9 9 9 9 10 11 11 11 11 12 13 13 13 13 14 15 15 15 15 16 16 16 16 16 16 17 17 17 17 17 17 18 18 18 18 19 19 19 19 19 20 20 20 20 20 21 21 21
1 2 11 13 0 0 4 5 7 15 3 3 6 17 18 5 3 8 9 15 16 7 7 10 16 19 9 0 12 19 20 11 0 14 18 21 13 3 7 16 17 7 9 15 17 19 20 5 15 16 18 20 21 5 13 17 19 9 11 16 18 20 11 16 17 19 21 13 17 20
-110.93979803999997
cu-86S1-a
C H C H C H C H C H C H C C S Cu
0 0 0 1 2 2 2 3 4 4 4 5 6 6 6 7 8 8 8 9 10 10 10 11 12 12 12 13 13 13 14 14 14 15
1 2 12 0 0 3 14 2 5 10 12 4 7 8 13 6 6 9 10 8 4 8 11 10 0 4 13 6 12 14 2 13 15 14
-98.89386695999997
ir-87N1-a
N H C H C H C H C H C H C H Ir Ir Ir C Ir Ir C Ir
0 0 0 1 2 2 2 2 2 2 3 4 4 4 4 5 6 6 6 6 6 7 8 8 8 8 8 9 10 10 10 10 10 11 12 12 12 12 12 13 14 14 14 14 14 14 15 15 15 15 16 16 16 16 16 16 17 17 17 17 17 17 18 18 18 18 18 19 19 19 19 19 19 19 19 19 20 20 20 20 21 21 21 21
1 4 20 0 3 4 17 18 19 21 2 0 2 5 21 4 7 10 14 16 17 6 9 10 12 14 15 8 6 8 11 14 16 10 8 13 15 19 20 12 6 8 10 15 16 19 8 12 14 19 6 10 14 17 18 19 2 6 16 18 19 20 2 16 17 19 21 2 12 14 15 16 17 18 20 21 0 12 17 19 2 4 18 19
-108.62842639999997
pd-a801-a
C H C H C H C H C H C H C H C H Pd Pd Pd Pd C Pd C Pd Pd
0 0 0 0 0 1 2 2 2 2 2 3 4 4 4 4 4 5 6 6 6 6 7 8 8 8 8 9 10 10 10 10 10 11 12 12 12 12 12 13 14 14 14 14 14 15 16 16 16 16 16 17 17 17 17 17 17 18 18 18 18 18 18 19 19 19 19 19 19 19 19 19 19 20 20 20 20 20 20 21 21 21 21 21 21 22 22 22 22 22 22 23 23 23 23 23 23 24 24 24 24 24
1 2 6 16 17 0 0 3 4 16 18 2 2 5 18 19 20 4 0 7 17 22 6 9 10 22 23 8 8 11 12 23 24 10 10 13 14 21 24 12 12 15 19 20 21 14 0 2 17 18 19 0 6 16 19 22 23 2 4 16 19 20 21 4 14 16 17 18 20 21 22 23 24 4 14 18 19 21 22 12 14 18 19 20 24 6 8 17 19 20 23 8 10 17 19 22 24 10 12 19 21 23
-122.88403708000001
au-8612-a
C H C H C H C H C H C H C C O
0 0 0 1 2 2 2 3 4 4 4 5 6 6 6 7 8 8 8 9 10 10 10 11 12 12 12 13 13 13 14 14
1 12 14 0 3 13 14 2 5 6 8 4 4 7 12 6 4 9 10 8 8 11 13 10 0 6 13 2 10 12 0 2
-100.54824453
os-97N1-a
C H C H C H C H C H C H C H Os Os Os Os C Os C N Os Os
0 0 0 0 0 1 2 2 2 2 2 3 4 4 4 4 5 6 6 6 6 6 7 8 8 8 8 8 9 10 10 10 10 11 12 12 12 12 12 13 14 14 14 14 14 15 15 15 15 15 15 16 16 16 16 16 17 17 17 17 17 17 17 17 17 17 18 18 18 18 18 19 19 19 19 19 19 20 20 20 20 20 20 21 21 21 21 22 22 22 22 22 22 23 23 23 23 23
1 2 4 14 15 0 0 3 6 14 16 2 0 5 15 20 4 2 7 16 17 18 6 9 12 19 21 23 8 11 12 20 22 10 8 10 13 22 23 12 0 2 15 16 17 0 4 14 17 20 22 2 6 14 17 19 6 14 15 16 18 19 20 21 22 23 6 17 19 20 21 8 16 17 18 21 23 4 10 15 17 18 22 8 17 18 19 10 12 15 17 20 23 8 12 17 19 22
-118.21878734000006
cd-97N1-a
C H C H C H C H C H C H C H C C N
0 0 0 1 2 2 2 3 4 4 4 5 6 6 6 7 8 8 8 9 10 10 10 11 12 12 12 13 14 14 14 15 15 15 16 16
1 2 4 0 0 3 6 2 0 5 15 4 2 7 14 6 9 12 16 8 11 12 15 10 8 10 13 12 6 15 16 4 10 14 8 14
-115.52589934
cd-87N2-a
N H C H C H C H C H C H C H C C
0 0 0 1 2 2 2 3 4 4 4 5 6 6 6 7 8 8 8 9 10 10 10 11 12 12 12 13 14 14 14 15 15 15
1 2 4 0 0 3 14 2 0 5 15 4 7 8 10 6 6 9 15 8 6 11 12 10 10 13 14 12 2 12 15 4 8 14
-106.38495407000002
cu-9801-a
C H H C H C H C H C H C H C H C C
0 0 0 0 1 2 3 3 3 4 5 5 5 6 7 7 7 8 9 9 9 10 11 11 11 12 13 13 13 14 15 15 15 16 16 16
1 2 5 16 0 0 4 5 15 3 0 3 6 5 8 9 11 7 7 10 15 9 7 12 13 11 11 14 16 13 3 9 16 0 13 15
-111.05416779000001
rh-a801-a
C H C H C H C H C H C H C H C H Rh Rh Rh Rh C Rh C Rh Rh
0 0 0 0 0 1 2 2 2 2 2 3 4 4 4 4 4 4 5 6 6 6 6 6 6 7 8 8 8 8 8 8 9 10 10 10 10 10 11 12 12 12 12 12 13 14 14 14 14 14 14 15 16 16 16 16 16 16 16 17 17 17 17 17 17 18 18 18 18 18 18 19 19 19 19 19 19 19 19 19 19 19 19 20 20 20 20 20 20 21 21 21 21 21 21 22 22 22 22 22 22 23 23 23 23 23 23 24 24 24 24 24 24 24
1 2 6 16 17 0 0 3 4 16 18 2 2 5 16 18 19 20 4 0 7 16 17 19 22 6 9 10 19 22 23 24 8 8 11 12 23 24 10 10 13 14 21 24 12 12 15 19 20 21 24 14 0 2 4 6 17 18 19 0 6 16 19 22 23 2 4 16 19 20 21 4 6 8 14 16 17 18 20 21 22 23 24 4 14 18 19 21 22 12 14 18 19 20 24 6 8 17 19 20 23 8 10 17 19 22 24 8 10 12 14 19 21 23
-123.25459417000002
zn-8611-a
C H C H C H C H C H C H C C O
0 0 0 1 2 2 2 3 4 4 4 5 6 6 6 7 8 8 8 9 10 10 10 11 12 12 12 13 13 13 14 14
1 2 12 0 0 3 14 2 5 10 12 4 7 8 13 6 6 9 10 8 4 8 11 10 0 4 13 6 12 14 2 13
-100.88482529000001
ni-9801-a
C H H C H C H C H C H C H C H Ni Ni Ni C Ni Ni C Ni
0 0 0 0 1 2 3 3 3 3 3 4 5 5 5 5 6 7 7 7 7 7 8 9 9 9 9 10 11 11 11 11 11 12 13 13 13 13 14 15 15 15 15 15 16 16 16 16 17 17 17 17 17 17 18 18 18 18 18 18 19 19 19 19 19 20 20 20 20 20 20 20 21 21 21 21 22 22 22 22
1 2 5 21 0 0 4 5 18 19 22 3 0 3 6 22 5 8 9 11 15 17 7 7 10 17 18 9 7 12 13 15 16 11 11 14 16 21 13 7 11 16 17 20 11 13 15 20 7 9 15 18 19 20 3 9 17 19 20 21 3 17 18 20 22 15 16 17 18 19 21 22 0 13 18 20 3 5 19 20
-112.68674972999997
zn-97N1-a
C H C H C H C H C H C H C H C C N
0 0 0 1 2 2 2 3 4 4 4 5 6 6 6 7 8 8 8 9 10 10 10 11 12 12 12 13 14 14 14 15 15 15 16 16
1 2 4 0 0 3 6 2 0 5 15 4 2 7 14 6 9 12 16 8 11 12 15 10 8 10 13 12 6 15 16 4 10 14 8 14
-115.59760193
ag-8612-a
C H C H C H C H C H C H C C O
0 0 0 1 2 2 2 3 4 4 4 5 6 6 6 7 8 8 8 9 10 10 10 11 12 12 12 13 13 13 14 14
1 12 14 0 3 13 14 2 5 6 8 4 4 7 12 6 4 9 10 8 8 11 13 10 0 6 13 2 10 12 0 2
-100.49252328
cd-86S2-a
C H C H C H C H C H C H C C S
0 0 0 1 2 2 2 3 4 4 4 5 6 6 6 7 8 8 8 9 10 10 10 11 12 12 12 13 13 13 14 14
1 12 14 0 3 13 14 2 5 6 8 4 4 7 13 6 4 9 10 8 8 11 12 10 0 10 13 2 6 12 0 2
-98.19641496
ni-a801-a
C H C H C H C H C H C H C H C H Ni Ni C Ni Ni C Ni Ni Ni
0 0 0 0 1 2 2 2 2 3 4 4 4 4 5 6 6 6 6 7 8 8 8 8 9 10 10 10 10 11 12 12 12 12 13 14 14 14 14 15 16 16 16 16 16 17 17 17 17 17 18 18 18 18 18 18 19 19 19 19 19 20 20 20 20 20 20 20 20 21 21 21 21 21 21 22 22 22 22 22 23 23 23 23 23 24 24 24 24 24
1 2 6 16 0 0 3 4 16 2 2 5 17 18 4 0 7 21 22 6 9 10 21 23 8 8 11 12 24 10 10 13 14 24 12 12 15 18 19 14 0 2 17 20 22 4 16 18 19 20 4 14 17 19 20 21 14 17 18 20 24 16 17 18 19 21 22 23 24 6 8 18 20 22 23 6 16 20 21 23 8 20 21 22 24 10 12 19 20 23
-122.52036582
cd-8611-a
C H C H C H C H C H C H C C O
0 0 0 1 2 2 2 3 4 4 4 5 6 6 6 7 8 8 8 9 10 10 10 11 12 12 12 13 13 13 14 14
1 2 12 0 0 3 14 2 5 10 12 4 7 8 13 6 6 9 10 8 4 8 11 10 0 4 13 6 12 14 2 13
-100.82072096000002
os-9801-a
C H Os H C H C H C H C H C H C H Os Os Os C Os Os C Os
0 0 0 0 1 2 2 2 2 3 3 4 4 4 4 4 4 5 6 6 6 6 7 8 8 8 8 8 9 10 10 10 10 11 12 12 12 12 12 13 14 14 14 14 14 15 16 16 16 16 16 17 17 17 17 17 18 18 18 18 18 18 19 19 19 19 19 19 20 20 20 20 20 21 21 21 21 21 21 21 21 21 21 22 22 22 22 23 23 23 23 23
1 3 6 22 0 3 17 21 23 0 2 5 6 19 20 21 23 4 0 4 7 23 6 9 10 12 16 18 8 8 11 18 19 10 8 13 14 16 17 12 12 15 17 21 22 14 8 12 17 18 21 2 12 14 16 21 8 10 16 19 20 21 4 10 18 20 21 22 4 18 19 21 23 2 4 14 16 17 18 19 20 22 23 0 14 19 21 2 4 6 20 21
-113.20465601000001
pd-8612-a
C H C H C H C H C H C H Pd Pd Pd C Pd Pd C O
0 0 0 0 1 2 2 2 2 3 4 4 4 4 4 5 6 6 6 6 7 8 8 8 8 8 9 10 10 10 10 11 12 12 12 12 13 13 13 13 13 13 14 14 14 14 14 14 14 15 15 15 15 15 15 16 16 16 16 17 17 17 17 17 17 18 18 18 18 18 19 19
1 15 16 19 0 3 17 18 19 2 5 6 8 12 14 4 4 7 14 15 6 4 9 10 12 13 8 8 11 13 18 10 4 8 13 14 8 10 12 14 17 18 4 6 12 13 15 16 17 0 6 14 16 17 18 0 14 15 17 2 13 14 15 16 18 2 10 13 15 17 0 2
-102.66838838999999
pt-a801-a
C H C H C H C H C H C H C H C H Pt Pt Pt C Pt C Pt Pt Pt
0 0 0 0 0 1 2 2 2 2 3 4 4 4 4 5 6 6 6 6 7 8 8 8 8 9 10 10 10 10 10 11 12 12 12 12 12 13 14 14 14 14 15 16 16 16 16 16 17 17 17 17 17 17 18 18 18 18 18 19 19 19 19 19 20 20 20 20 20 20 20 20 21 21 21 21 21 21 22 22 22 22 22 22 23 23 23 23 23 24 24 24 24 24
1 2 6 16 17 0 0 3 4 16 2 2 5 18 19 4 0 7 17 21 6 9 10 21 22 8 8 11 12 22 23 10 10 13 14 23 24 12 12 15 19 24 14 0 2 17 18 20 0 6 16 20 21 22 4 16 19 20 24 4 14 18 20 21 16 17 18 19 21 22 23 24 6 8 17 19 20 22 8 10 17 20 21 23 10 12 20 22 24 12 14 18 20 23
-122.39584868000003
cu-97N1-a
C H C H C H C H C H C H C H C C N Cu Cu
0 0 0 1 2 2 2 3 4 4 4 5 6 6 6 7 8 8 8 8 9 10 10 10 11 12 12 12 13 14 14 14 15 15 15 16 16 16 17 17 18 18
1 2 4 0 0 3 6 2 0 5 15 4 2 7 14 6 9 12 16 17 8 11 12 15 10 8 10 13 12 6 15 16 4 10 14 8 14 18 8 18 16 17
-115.77577587999997
au-86S2-a
C H C H C H C H C H C H C C S
0 0 0 1 2 2 2 3 4 4 4 5 6 6 6 7 8 8 8 9 10 10 10 11 12 12 12 13 13 13 14 14
1 12 14 0 3 13 14 2 5 6 8 4 4 7 13 6 4 9 10 8 8 11 12 10 0 10 13 2 6 12 0 2
-98.45478138000001
pt-9801-a
C H H C H C H C H C H C H C H Pt Pt Pt C Pt Pt C Pt
0 0 0 0 1 2 3 3 3 3 4 5 5 5 5 6 7 7 7 7 8 9 9 9 9 10 11 11 11 11 11 12 13 13 13 13 13 14 15 15 15 15 15 16 16 16 16 17 17 17 17 17 18 18 18 18 18 18 19 19 19 19 19 20 20 20 20 20 20 20 20 21 21 21 21 22 22 22
1 2 5 21 0 0 4 5 18 19 3 0 3 6 22 5 8 9 11 15 7 7 10 17 18 9 7 12 13 15 16 11 11 14 16 20 21 13 7 11 16 17 20 11 13 15 20 9 15 18 19 20 3 9 17 19 20 21 3 17 18 20 22 13 15 16 17 18 19 21 22 0 13 18 20 5 19 20
-112.91067952999998
rh-97N2-a
Rh C H C H C H C H C H C H C H Rh Rh Rh Rh C C Rh Rh N
0 0 0 0 0 1 1 1 1 1 1 2 2 3 3 3 3 4 5 5 5 5 5 6 7 7 7 7 7 7 8 9 9 9 9 9 10 11 11 11 11 11 12 13 13 13 13 13 14 15 15 15 15 15 15 15 16 16 16 16 16 16 17 17 17 17 17 18 18 18 18 18 18 18 18 18 18 19 19 19 19 20 20 20 20 20 20 21 21 21 21 21 21 22 22 22 22 22 22 23 23 23
1 2 17 18 22 0 2 18 19 22 23 0 1 4 5 20 21 3 3 6 21 22 23 5 8 13 15 17 18 19 7 10 11 15 16 20 9 9 12 13 15 16 11 7 11 14 15 17 13 7 9 11 13 16 17 18 9 11 15 18 20 21 0 7 13 15 18 0 1 7 15 16 17 19 20 21 22 1 7 18 20 3 9 16 18 19 21 3 5 16 18 20 22 0 1 5 18 21 23 1 5 22
-117.95660299000002
au-97N1-a
C H C H C H C H C H C H C H C C N
0 0 0 1 2 2 2 3 4 4 4 5 6 6 6 7 8 8 8 9 10 10 10 11 12 12 12 13 14 14 14 15 15 15 16 16
1 2 4 0 0 3 6 2 0 5 15 4 2 7 14 6 9 12 16 8 11 12 15 10 8 10 13 12 6 15 16 4 10 14 8 14
-115.75444120999998
os-8611-a
C H C H C H C H C H C H Os Os C Os Os C O Os Os
0 0 0 0 1 2 2 2 2 2 3 4 4 4 4 5 6 6 6 6 6 6 7 8 8 8 8 9 10 10 10 10 10 11 12 12 12 12 12 12 13 13 13 13 13 13 14 14 14 14 14 14 15 15 15 15 15 15 16 16 16 16 16 16 16 16 17 17 17 17 18 18 19 19 19 20 20 20
1 2 14 15 0 0 3 15 18 20 2 5 10 13 14 4 7 8 12 16 17 19 6 6 9 10 12 8 4 8 11 12 13 10 6 8 10 13 16 19 4 10 12 14 15 16 0 4 13 15 16 17 0 2 13 14 16 20 6 12 13 14 15 17 19 20 6 14 16 18 2 17 6 12 16 2 15 16
-103.08208228000001
cd-86S1-a
C H C H C H C H C H C H C C S
0 0 0 1 2 2 2 3 4 4 4 5 6 6 6 7 8 8 8 9 10 10 10 11 12 12 12 13 13 13 14 14
1 2 12 0 0 3 14 2 5 10 12 4 7 8 13 6 6 9 10 8 4 8 11 10 0 4 13 6 12 14 2 13
-98.55353713
ni-8611-a
C H C H C H C H C H C H Ni Ni Ni C Ni Ni C O Ni Ni
0 0 0 0 0 1 2 2 2 2 3 4 4 4 4 5 6 6 6 6 6 6 7 8 8 8 8 9 10 10 10 10 10 11 12 12 12 12 12 12 13 13 13 13 13 13 13 14 14 14 14 15 15 15 15 15 15 16 16 16 16 16 17 17 17 17 17 17 17 17 18 18 18 18 19 19 20 20 20 21 21 21 21 21
1 2 15 16 21 0 0 3 19 21 2 5 10 13 15 4 7 8 12 17 18 20 6 6 9 10 12 8 4 8 11 13 14 10 6 8 13 14 17 20 4 10 12 14 15 16 17 10 12 13 21 0 4 13 16 17 18 0 13 15 17 21 6 12 13 15 16 18 20 21 6 15 17 19 2 18 6 12 17 0 2 14 16 17
-102.30430798999998
ir-8612-a
C H C H C H C H C H C H Ir Ir Ir C Ir Ir C O
0 0 0 0 1 2 2 2 2 3 4 4 4 4 4 5 6 6 6 6 7 8 8 8 8 8 9 10 10 10 10 11 12 12 12 12 13 13 13 13 13 13 14 14 14 14 14 14 14 14 15 15 15 15 15 15 16 16 16 16 17 17 17 17 17 17 18 18 18 18 18 18 19 19
1 15 16 19 0 3 17 18 19 2 5 6 8 12 14 4 4 7 14 15 6 4 9 10 12 13 8 8 11 13 18 10 4 8 13 14 8 10 12 14 17 18 4 6 12 13 15 16 17 18 0 6 14 16 17 18 0 14 15 17 2 13 14 15 16 18 2 10 13 14 15 17 0 2
-102.70841593
cu-87N1-a
N H C H C H C H C H C H C H C C
0 0 0 1 2 2 2 3 4 4 4 5 6 6 6 7 8 8 8 9 10 10 10 11 12 12 12 13 14 14 14 15 15 15
1 4 15 0 3 4 14 2 0 2 5 4 7 10 14 6 9 10 12 8 6 8 11 10 8 13 15 12 2 6 15 0 12 14
-107.0466116
ni-9802-a
C H H C H C H C H C H C H C H Ni Ni Ni Ni C Ni C Ni
0 0 0 0 1 2 3 3 3 3 4 5 5 5 5 5 6 7 7 7 7 7 8 9 9 9 9 10 11 11 11 11 12 13 13 13 13 14 15 15 15 15 15 16 16 16 16 16 16 17 17 17 18 18 18 18 18 18 18 18 19 19 19 19 19 20 20 20 20 21 21 21 21 21 21 22 22 22 22 22
1 2 11 13 0 0 4 5 7 15 3 3 6 17 18 19 5 3 8 9 15 16 7 7 10 16 21 9 0 12 21 22 11 0 14 19 20 13 3 7 16 17 18 7 9 15 18 21 22 5 15 18 5 15 16 17 19 20 21 22 5 13 18 20 21 13 18 19 22 9 11 16 18 19 22 11 16 18 20 21
-112.69199997999999
ru-86S2-a
C H C H C H C H C H C H Ru Ru Ru Ru C Ru C Ru Ru S
0 0 0 0 0 0 1 2 2 2 2 2 2 3 4 4 4 4 4 5 6 6 6 6 7 8 8 8 8 8 9 10 10 10 10 10 10 11 12 12 12 12 12 12 13 13 13 13 13 13 14 14 14 14 14 14 15 15 15 15 15 15 15 15 15 15 15 16 16 16 16 16 16 17 17 17 17 17 18 18 18 18 18 18 19 19 19 19 19 20 20 20 20 20 20 21 21 21
1 15 16 17 20 21 0 3 15 18 19 20 21 2 5 6 8 12 13 4 4 7 13 18 6 4 9 10 12 14 8 8 11 12 14 15 16 10 4 8 10 13 14 15 4 6 12 15 18 19 8 10 12 15 16 17 0 2 10 12 13 14 16 17 18 19 20 0 10 14 15 17 18 0 14 15 16 20 2 6 13 15 16 19 2 13 15 18 20 0 2 15 17 19 21 0 2 20
-101.18823698
au-97N2-a
C H C H C H C H C H C H C H C C N
0 0 0 1 2 2 2 3 4 4 4 5 6 6 6 7 8 8 8 9 10 10 10 11 12 12 12 13 14 14 14 15 15 15 16 16
1 14 16 0 3 4 15 2 2 5 16 4 7 12 14 6 9 10 15 8 8 11 12 10 6 10 13 12 0 6 15 2 8 14 0 4
-115.72877850999998
au-9801-a
C H H C H C H C H C H C H C H C C
0 0 0 0 1 2 3 3 3 4 5 5 5 6 7 7 7 8 9 9 9 10 11 11 11 12 13 13 13 14 15 15 15 16 16 16
1 2 5 16 0 0 4 5 15 3 0 3 6 5 8 9 11 7 7 10 15 9 7 12 13 11 11 14 16 13 3 9 16 0 13 15
-111.02904673
ag-a801-a
C H C H C H C H C H C H C H C H C C
0 0 0 1 2 2 2 3 4 4 4 5 6 6 6 7 8 8 8 9 10 10 10 11 12 12 12 13 14 14 14 15 16 16 16 17 17 17
1 2 6 0 0 3 4 2 2 5 16 4 0 7 17 6 9 10 17 8 8 11 12 10 10 13 14 12 12 15 16 14 4 14 17 6 8 16
-120.49103716000002
pd-9801-a
C H Pd H Pd C H C H C H C H C H C H Pd Pd Pd C Pd C Pd
0 0 0 0 1 2 2 2 2 3 3 4 4 4 4 4 4 5 5 5 5 5 5 6 6 7 7 7 7 8 9 9 9 9 9 10 11 11 11 11 12 13 13 13 13 13 14 15 15 15 15 15 16 17 17 17 17 17 18 18 18 18 18 19 19 19 19 19 19 20 20 20 20 20 20 21 21 21 21 21 21 21 21 21 21 22 22 22 22 23 23 23 23 23
1 3 7 22 0 3 18 21 23 0 2 5 6 19 20 21 23 4 6 7 20 21 23 4 5 0 5 8 23 7 10 11 13 17 19 9 9 12 19 20 11 9 14 15 17 18 13 13 16 18 21 22 15 9 13 18 19 21 2 13 15 17 21 4 9 11 17 20 21 4 5 11 19 21 22 2 4 5 15 17 18 19 20 22 23 0 15 20 21 2 4 5 7 21
-113.07024697
pt-87N1-a
N H C H C H C H C H C H C H Pt Pt Pt C Pt Pt C Pt
0 0 0 1 2 2 2 2 3 4 4 4 4 5 6 6 6 6 7 8 8 8 8 8 9 10 10 10 10 11 12 12 12 12 13 14 14 14 14 14 15 15 15 15 16 16 16 16 16 17 17 17 17 17 17 18 18 18 18 18 19 19 19 19 19 19 19 20 20 20 20 21 21 21
1 4 20 0 3 4 17 18 2 0 2 5 21 4 7 10 16 17 6 9 10 12 14 15 8 6 8 11 14 10 8 13 15 20 12 8 10 15 16 19 8 12 14 19 6 14 17 18 19 2 6 16 18 19 20 2 16 17 19 21 14 15 16 17 18 20 21 0 12 17 19 4 18 19
-108.47604352000002
cd-8612-a
C H C H C H C H C H C H C C O
0 0 0 1 2 2 2 3 4 4 4 5 6 6 6 7 8 8 8 9 10 10 10 11 12 12 12 13 13 13 14 14
1 12 14 0 3 13 14 2 5 6 8 4 4 7 12 6 4 9 10 8 8 11 13 10 0 6 13 2 10 12 0 2
-100.29685183000001
au-8611-a
C H C H C H C H C H C H C C O
0 0 0 1 2 2 2 3 4 4 4 5 6 6 6 7 8 8 8 9 10 10 10 11 12 12 12 13 13 13 14 14
1 2 12 0 0 3 14 2 5 10 12 4 7 8 13 6 6 9 10 8 4 8 11 10 0 4 13 6 12 14 2 13
-101.05082587000001
ir-8611-a
C H C H C H C H C H C H Ir Ir Ir C Ir Ir C O Ir
0 0 0 0 0 0 1 2 2 2 2 3 4 4 4 4 5 6 6 6 6 6 7 8 8 8 8 8 9 10 10 10 10 10 11 12 12 12 12 12 13 13 13 13 14 14 14 14 14 14 15 15 15 15 15 15 16 16 16 16 16 17 17 17 17 17 17 17 17 17 18 18 18 18 19 19 20 20 20 20
1 2 15 16 17 20 0 0 3 19 20 2 5 10 14 15 4 7 8 13 17 18 6 6 9 10 12 13 8 4 8 11 12 14 10 8 10 13 14 17 6 8 12 17 4 10 12 15 16 17 0 4 14 16 17 18 0 14 15 17 20 0 6 12 13 14 15 16 18 20 6 15 17 19 2 18 0 2 16 17
-102.87825526999995
ru-8611-a
C H C H C H C H C H C H Ru Ru Ru C Ru C O Ru Ru Ru
0 0 0 0 0 1 2 2 2 2 3 4 4 4 4 4 5 6 6 6 6 6 6 7 8 8 8 8 9 10 10 10 10 10 11 12 12 12 12 12 12 13 13 13 13 13 13 14 14 14 14 14 14 15 15 15 15 15 15 16 16 16 16 16 16 16 16 16 17 17 17 17 18 18 18 19 19 19 19 20 20 20 20 20 21 21 21 21
1 2 14 15 20 0 0 3 18 20 2 5 10 13 14 15 4 7 8 12 16 17 19 6 6 9 10 12 8 4 8 11 12 13 10 6 8 10 13 16 19 4 10 12 14 15 16 0 4 13 15 16 20 0 4 13 14 16 17 6 12 13 14 15 17 19 20 21 6 15 16 18 2 17 21 6 12 16 21 0 2 14 16 21 16 18 19 20
-102.68357498999995
ru-8612-a
C H C H C H C H C H C H Ru Ru Ru C Ru Ru C O
0 0 0 0 1 2 2 2 2 3 4 4 4 4 4 5 6 6 6 6 7 8 8 8 8 8 9 10 10 10 10 11 12 12 12 12 13 13 13 13 13 13 14 14 14 14 14 14 14 14 15 15 15 15 15 15 16 16 16 16 17 17 17 17 17 17 18 18 18 18 18 18 19 19
1 15 16 19 0 3 17 18 19 2 5 6 8 12 14 4 4 7 14 15 6 4 9 10 12 13 8 8 11 13 18 10 4 8 13 14 8 10 12 14 17 18 4 6 12 13 15 16 17 18 0 6 14 16 17 18 0 14 15 17 2 13 14 15 16 18 2 10 13 14 15 17 0 2
-102.83915671000005
au-86S1-a
C H C H C H C H C H C H C C S
0 0 0 1 2 2 2 3 4 4 4 5 6 6 6 7 8 8 8 9 10 10 10 11 12 12 12 13 13 13 14 14
1 2 12 0 0 3 14 2 5 10 12 4 7 8 13 6 6 9 10 8 4 8 11 10 0 4 13 6 12 14 2 13
-98.81088783000001
ru-86S1-a
Ru C H C H C H C H C H C H Ru Ru Ru Ru C C Ru S Ru
0 0 0 0 0 1 1 1 1 1 1 2 2 3 3 3 3 4 5 5 5 5 5 5 6 7 7 7 7 7 8 9 9 9 9 9 10 11 11 11 11 11 12 13 13 13 13 13 13 13 14 14 14 14 14 14 15 15 15 15 15 16 16 16 16 16 16 16 16 16 16 17 17 17 17 18 18 18 18 18 18 19 19 19 19 19 20 20 20 21 21 21 21 21
1 2 15 16 21 0 2 3 16 17 21 0 1 1 4 20 21 3 6 11 13 15 16 17 5 8 9 13 14 18 7 7 10 11 13 14 9 5 9 12 13 15 11 5 7 9 11 14 15 16 7 9 13 16 18 19 0 5 11 13 16 0 1 5 13 14 15 17 18 19 21 1 5 16 18 7 14 16 17 19 20 14 16 18 20 21 3 18 19 0 1 3 16 19
-101.19950889
ru-87N1-a
N H C H C H C H C H C H C H Ru Ru Ru Ru C C Ru Ru Ru
0 0 0 0 1 2 2 2 2 2 2 3 4 4 4 4 4 5 6 6 6 6 6 6 7 8 8 8 8 8 9 10 10 10 10 10 11 12 12 12 12 13 14 14 14 14 14 14 15 15 15 15 15 15 16 16 16 16 16 17 17 17 17 17 17 17 17 17 17 18 18 18 18 19 19 19 19 19 19 20 20 20 20 20 20 21 21 21 21 22 22 22 22 22
1 4 19 20 0 3 4 17 18 21 22 2 0 2 5 20 22 4 7 10 14 16 17 18 6 9 10 12 14 15 8 6 8 11 14 16 10 8 13 15 19 12 6 8 10 15 16 17 8 12 14 17 19 20 6 10 14 17 21 2 6 14 15 16 18 19 20 21 22 2 6 17 19 0 12 15 17 18 20 0 4 15 17 19 22 2 16 17 22 2 4 17 20 21
-108.81917699000002
zn-9802-a
C H H C H C H C H C H C H C H C C Zn Zn
0 0 0 0 1 2 3 3 3 4 5 5 5 6 7 7 7 8 9 9 9 10 11 11 11 11 12 13 13 13 13 14 15 15 15 16 16 16 17 17 18 18
1 2 11 13 0 0 4 5 7 3 3 6 15 5 3 8 9 7 7 10 16 9 0 12 16 17 11 0 14 15 18 13 5 13 16 9 11 15 11 18 13 17
-110.27640973999999
au-a801-a
C H C H C H C H C H C H C H C H C C
0 0 0 1 2 2 2 3 4 4 4 5 6 6 6 7 8 8 8 9 10 10 10 11 12 12 12 13 14 14 14 15 16 16 16 17 17 17
1 2 6 0 0 3 4 2 2 5 16 4 0 7 17 6 9 10 17 8 8 11 12 10 10 13 14 12 12 15 16 14 4 14 17 6 8 16
-120.54957295000003
os-8612-a
C H C H C H C H C H C H Os Os Os C Os Os C O
0 0 0 0 1 2 2 2 2 3 4 4 4 4 4 5 6 6 6 6 7 8 8 8 8 8 9 10 10 10 10 11 12 12 12 12 13 13 13 13 13 13 14 14 14 14 14 14 14 14 15 15 15 15 15 15 16 16 16 16 17 17 17 17 17 17 18 18 18 18 18 18 19 19
1 15 16 19 0 3 17 18 19 2 5 6 8 12 14 4 4 7 14 15 6 4 9 10 12 13 8 8 11 13 18 10 4 8 13 14 8 10 12 14 17 18 4 6 12 13 15 16 17 18 0 6 14 16 17 18 0 14 15 17 2 13 14 15 16 18 2 10 13 14 15 17 0 2
-102.90672638000001
ag-87N2-a
N H C H C H C H C H C H C H C C
0 0 0 1 2 2 2 3 4 4 4 5 6 6 6 7 8 8 8 9 10 10 10 11 12 12 12 13 14 14 14 15 15 15
1 2 4 0 0 3 14 2 0 5 15 4 7 8 10 6 6 9 15 8 6 11 12 10 10 13 14 12 2 12 15 4 8 14
-106.61071573000001
rh-9802-a
C H H C H C H C H C H C H C H Rh Rh Rh Rh C Rh C Rh
0 0 0 0 1 2 3 3 3 3 3 4 5 5 5 5 5 6 7 7 7 7 7 8 9 9 9 9 10 11 11 11 11 12 13 13 13 13 14 15 15 15 15 15 16 16 16 16 16 16 17 17 17 17 17 17 17 17 17 18 18 18 19 19 19 19 19 20 20 20 20 21 21 21 21 21 21 22 22 22 22 22
1 2 11 13 0 0 4 5 7 15 17 3 3 6 17 18 19 5 3 8 9 15 16 7 7 10 16 21 9 0 12 21 22 11 0 14 19 20 13 3 7 16 17 18 7 9 15 17 21 22 3 5 15 16 18 19 20 21 22 5 15 17 5 13 17 20 21 13 17 19 22 9 11 16 17 19 22 11 16 17 20 21
-113.30077999000002
zn-a801-a
C H C H C H C H C H C H C H C H C C
0 0 0 1 2 2 2 3 4 4 4 5 6 6 6 7 8 8 8 9 10 10 10 11 12 12 12 13 14 14 14 15 16 16 16 17 17 17
1 2 6 0 0 3 4 2 2 5 16 4 0 7 17 6 9 10 17 8 8 11 12 10 10 13 14 12 12 15 16 14 4 14 17 6 8 16
-120.36621790000001
au-9802-a
Au C H H C H C H C H C H C H C H C C Au Au
0 0 0 1 1 1 1 2 2 3 4 4 4 5 6 6 6 7 8 8 8 9 10 10 10 11 12 12 12 12 13 14 14 14 14 15 16 16 16 17 17 17 18 18 18 19 19 19
2 18 19 2 3 12 14 0 1 1 5 6 8 4 4 7 16 6 4 9 10 8 8 11 17 10 1 13 17 18 12 1 15 16 19 14 6 14 17 10 12 16 0 12 19 0 14 18
-110.39279498000002
os-9802-a
C H H C H C H C H C H C H C H Os Os Os Os C C Os Os
0 0 0 0 1 2 3 3 3 3 4 5 5 5 5 5 6 7 7 7 7 7 8 9 9 9 9 10 11 11 11 11 12 13 13 13 13 13 14 15 15 15 15 15 16 16 16 16 16 16 17 17 17 18 18 18 18 18 18 18 18 18 19 19 19 19 20 20 20 20 20 20 21 21 21 21 21 22 22 22
1 2 11 13 0 0 4 5 7 15 3 3 6 17 18 19 5 3 8 9 15 16 7 7 10 16 20 9 0 12 20 21 11 0 14 18 19 22 13 3 7 16 17 18 7 9 15 18 20 21 5 15 18 5 13 15 16 17 19 20 21 22 5 13 18 20 9 11 16 18 19 21 11 16 18 20 22 13 18 21
-113.5095867
cd-9802-a
C H H C H C H C H C H C H C H C C Cd Cd
0 0 0 0 1 2 3 3 3 4 5 5 5 6 7 7 7 8 9 9 9 10 11 11 11 11 12 13 13 13 13 14 15 15 15 16 16 16 17 17 18 18
1 2 11 13 0 0 4 5 7 3 3 6 15 5 3 8 9 7 7 10 16 9 0 12 16 17 11 0 14 15 18 13 5 13 16 9 11 15 11 18 13 17
-110.12192582
ru-a801-a
C H C H Ru C H C H C H Ru C H C H Ru C H Ru Ru Ru Ru C C Ru Ru
0 0 0 0 0 0 1 2 2 2 2 3 4 4 4 4 4 4 5 5 5 5 5 5 6 6 7 7 7 7 8 9 9 9 9 10 11 11 11 11 11 11 12 12 12 12 12 12 13 13 14 14 14 14 15 16 16 16 16 16 16 17 17 17 17 17 17 18 18 19 19 19 19 19 19 19 19 20 20 20 20 20 21 21 21 21 21 21 21 22 22 22 22 22 22 22 22 22 22 23 23 23 23 24 24 24 24 24 24 25 25 25 25 25 25 25 26 26 26 26 26 26 26 26
1 2 7 19 20 21 0 0 3 5 19 2 5 6 11 16 19 22 2 4 6 19 22 23 4 5 0 8 21 24 7 10 12 24 25 9 4 12 13 19 25 26 9 11 13 14 25 26 11 12 12 15 17 26 14 4 17 18 20 22 26 14 16 18 22 23 26 16 17 0 2 4 5 11 20 21 22 0 16 19 21 26 0 7 19 20 22 24 25 4 5 16 17 19 21 23 24 25 26 5 17 22 24 7 9 21 22 23 25 9 11 12 21 22 24 26 11 12 14 16 17 20 22 25
-123.18045390000003
