cd-3611-a
C H H H C H H C H O
0 0 0 0 1 2 3 4 4 4 4 5 6 7 7 7 8 9
1 2 3 4 0 0 0 0 5 6 7 4 4 4 8 9 7 7
-55.968553289999996
os-4812-a
C H H H C H C H C H H H O Os
0 0 0 0 1 2 3 4 4 4 5 6 6 6 6 7 8 8 8 8 9 10 11 12 12 13
1 2 3 6 0 0 0 5 6 12 4 0 4 7 8 6 6 9 10 11 8 8 8 4 13 12
-73.15178499000001
pt-4a11-a
C H H H C H Pt H C H Pt H C H H H O
0 0 0 0 1 2 3 4 4 4 4 5 6 6 7 7 8 8 8 8 9 10 10 11 11 12 12 12 12 13 14 15 16 16
1 2 3 4 0 0 0 0 5 7 16 4 7 10 4 6 9 11 12 16 8 6 11 8 10 8 13 14 15 12 12 12 4 8
-80.52737352000003
ag-3611-a
C H H H C H H C H O
0 0 0 0 1 2 3 4 4 4 4 5 6 7 7 7 8 9
1 2 3 4 0 0 0 0 5 6 7 4 4 4 8 9 7 7
-56.037157269999994
os-4811-a
C H H H C H Os H C H H Os C H Os Os O
0 0 0 0 1 2 3 4 4 4 4 5 6 6 6 7 7 8 8 8 8 9 10 11 11 11 12 12 12 12 12 13 13 14 14 14 14 15 15 15 15 15 16 16
1 2 3 4 0 0 0 0 5 7 8 4 7 14 15 4 6 4 9 10 12 8 8 13 14 15 8 13 14 15 16 11 12 6 11 12 15 6 11 12 14 16 12 15
-73.14009078000004
pt-4a12-a
C H H H C H Pt H C H H C H H H O Pt
0 0 0 0 1 2 3 4 4 4 4 5 6 6 7 7 8 8 8 8 9 10 11 11 11 11 12 13 14 15 15 15 16 16
1 2 3 4 0 0 0 0 5 7 8 4 7 16 4 6 4 9 10 15 8 8 12 13 14 15 11 11 11 8 11 16 6 15
-80.35354681000001
ag-4811-a
C H H H C H H C H H C H O Ag
0 0 0 0 1 2 3 4 4 4 4 5 6 7 7 7 7 8 9 10 10 10 11 12 12 13
1 2 3 4 0 0 0 0 5 6 7 4 4 4 8 9 10 7 7 7 11 12 10 10 13 12
-72.68335334
au-4a11-a
C H H H C H H C H H C H H H O
0 0 0 0 1 2 3 4 4 4 4 5 6 7 7 7 7 8 9 10 10 10 10 11 12 13 14 14
1 2 3 4 0 0 0 0 5 6 14 4 4 8 9 10 14 7 7 7 11 12 13 10 10 10 4 7
-80.33499151000001
pt-3611-a
C H H H C H H C H O
0 0 0 0 1 2 3 4 4 4 4 5 6 7 7 7 8 9
1 2 3 4 0 0 0 0 5 6 7 4 4 4 8 9 7 7
-56.12419725000001
au-3611-a
C H H H C H H C H O
0 0 0 0 1 2 3 4 4 4 4 5 6 7 7 7 8 9
1 2 3 4 0 0 0 0 5 6 7 4 4 4 8 9 7 7
-56.04953777
os-3611-a
C H H Os H C H H Os C H Os Os O
0 0 0 0 1 2 3 3 3 4 4 5 5 5 5 6 7 8 8 8 8 9 9 9 9 9 9 10 10 11 11 11 11 12 12 12 12 12 13 13
1 2 4 5 0 0 4 11 12 0 3 0 6 7 9 5 5 9 10 11 12 5 8 10 11 12 13 8 9 3 8 9 12 3 8 9 11 13 9 12
-56.46782234
ag-4a11-a
C H H H C H H C H H C H H H O
0 0 0 0 1 2 3 4 4 4 4 5 6 7 7 7 7 8 9 10 10 10 10 11 12 13 14 14
1 2 3 4 0 0 0 0 5 6 14 4 4 8 9 10 14 7 7 7 11 12 13 10 10 10 4 7
-80.28409587000002
ni-4a11-a
C H H H C H H C H H C H H H O
0 0 0 0 1 2 3 4 4 4 4 5 6 7 7 7 7 8 9 10 10 10 10 11 12 13 14 14
1 2 3 4 0 0 0 0 5 6 14 4 4 8 9 10 14 7 7 7 11 12 13 10 10 10 4 7
-80.40911222
zn-4a12-a
C H H H C H H C H H C H H H O
0 0 0 0 1 2 3 4 4 4 4 5 6 7 7 7 7 8 9 10 10 10 10 11 12 13 14 14
1 2 3 4 0 0 0 0 5 6 7 4 4 4 8 9 14 7 7 11 12 13 14 10 10 10 7 10
-80.12219775
cu-4812-a
C H H H C H C H C H H H O Cu
0 0 0 0 1 2 3 4 4 4 5 6 6 6 6 7 8 8 8 8 9 10 11 12 12 13
1 2 3 6 0 0 0 5 6 12 4 0 4 7 8 6 6 9 10 11 8 8 8 4 13 12
-72.80607323999999
os-4a11-a
C H H H C H Os H C H Os H C H H H O
0 0 0 0 1 2 3 4 4 4 4 5 6 6 7 7 8 8 8 8 9 10 10 11 11 12 12 12 12 13 14 15 16 16
1 2 3 4 0 0 0 0 5 7 16 4 7 10 4 6 9 11 12 16 8 6 11 8 10 8 13 14 15 12 12 12 4 8
-80.45136314000001
cu-4811-a
C H H H C H H C H H C H O Cu
0 0 0 0 1 2 3 4 4 4 4 5 6 7 7 7 7 8 9 10 10 10 11 12 12 13
1 2 3 4 0 0 0 0 5 6 7 4 4 4 8 9 10 7 7 7 11 12 10 10 13 12
-72.74432156999998
rh-4811-a
C H H H C H Rh H C H H C H Rh O
0 0 0 0 1 2 3 4 4 4 4 5 6 6 7 7 8 8 8 8 9 10 11 11 11 11 12 13 13 13 14 14
1 2 3 4 0 0 0 0 5 7 8 4 7 13 4 6 4 9 10 11 8 8 8 12 13 14 11 6 11 14 11 13
-72.98526153
rh-4812-a
C H H H C H C H C H H H O Rh
0 0 0 0 1 2 3 4 4 4 5 6 6 6 6 7 8 8 8 8 9 10 11 12 12 13
1 2 3 6 0 0 0 5 6 12 4 0 4 7 8 6 6 9 10 11 8 8 8 4 13 12
-72.99642394
ni-4a12-a
C H H H C H Ni H C H H C H H H O Ni
0 0 0 0 1 2 3 4 4 4 4 5 6 6 7 7 8 8 8 8 9 10 11 11 11 11 12 13 14 15 15 15 16 16
1 2 3 4 0 0 0 0 5 7 8 4 7 16 4 6 4 9 10 15 8 8 12 13 14 15 11 11 11 8 11 16 6 15
-80.36217060000001
ni-4812-a
C H H H C H C H C H H H O Ni
0 0 0 0 1 2 3 4 4 4 5 6 6 6 6 7 8 8 8 8 9 10 11 12 12 13
1 2 3 6 0 0 0 5 6 12 4 0 4 7 8 6 6 9 10 11 8 8 8 4 13 12
-72.98568583999997
ru-3611-a
C H H H C H H Ru C H Ru Ru O
0 0 0 0 1 2 3 4 4 4 4 5 6 7 7 7 7 8 8 8 8 8 8 9 9 10 10 10 10 11 11 11 11 12 12 12
1 2 3 4 0 0 0 0 5 6 8 4 4 8 9 10 11 4 7 9 10 11 12 7 8 7 8 11 12 7 8 10 12 8 10 11
-56.80381338000001
ru-4a12-a
C H H H C H Ru H C H H C H H H O Ru
0 0 0 0 1 2 3 4 4 4 4 5 6 6 7 7 8 8 8 8 9 10 11 11 11 11 12 13 14 15 15 15 16 16
1 2 3 4 0 0 0 0 5 7 8 4 7 16 4 6 4 9 10 15 8 8 12 13 14 15 11 11 11 8 11 16 6 15
-80.39048657000001
zn-4a11-a
C H H H C H H C H H C H H H O
0 0 0 0 1 2 3 4 4 4 4 5 6 7 7 7 7 8 9 10 10 10 10 11 12 13 14 14
1 2 3 4 0 0 0 0 5 6 14 4 4 8 9 10 14 7 7 7 11 12 13 10 10 10 4 7
-80.23159139999999
ir-4811-a
C H H H C H Ir H C H H C H Ir O
0 0 0 0 1 2 3 4 4 4 4 5 6 6 7 7 8 8 8 8 9 10 11 11 11 11 12 13 13 13 14 14
1 2 3 4 0 0 0 0 5 7 8 4 7 13 4 6 4 9 10 11 8 8 8 12 13 14 11 6 11 14 11 13
-72.80706322999998
zn-4812-a
C H H H C H C H C H H H O Zn
0 0 0 0 1 2 3 4 4 4 5 6 6 6 6 7 8 8 8 8 9 10 11 12 12 13
1 2 3 6 0 0 0 5 6 12 4 0 4 7 8 6 6 9 10 11 8 8 8 4 13 12
-72.68275123
rh-4a12-a
C H H H C H Rh H C H H C H H H O Rh
0 0 0 0 1 2 3 4 4 4 4 5 6 6 7 7 8 8 8 8 9 10 11 11 11 11 12 13 14 15 15 15 16 16
1 2 3 4 0 0 0 0 5 7 8 4 7 16 4 6 4 9 10 15 8 8 12 13 14 15 11 11 11 8 11 16 6 15
-80.37649090000002
ag-4a12-a
C H H H C H Ag H C H H C H H H O Ag
0 0 0 0 1 2 3 4 4 4 4 5 6 6 7 7 8 8 8 8 9 10 11 11 11 11 12 13 14 15 15 15 16 16
1 2 3 4 0 0 0 0 5 7 8 4 7 16 4 6 4 9 10 15 8 8 12 13 14 15 11 11 11 8 11 16 6 15
-80.17400667000001
ni-3611-a
C H H Ni H C H H Ni C H Ni O
0 0 0 0 1 2 3 3 4 4 5 5 5 5 6 7 8 8 9 9 9 9 10 10 11 11 11 11 12 12
1 2 4 5 0 0 4 11 0 3 0 6 7 9 5 5 10 11 5 10 11 12 8 9 3 8 9 12 9 11
-56.30318036
pd-4a12-a
C H H H C H Pd H C H H C H H H O Pd
0 0 0 0 1 2 3 4 4 4 4 5 6 6 7 7 8 8 8 8 9 10 11 11 11 11 12 13 14 15 15 15 16 16
1 2 3 4 0 0 0 0 5 7 8 4 7 16 4 6 4 9 10 15 8 8 12 13 14 15 11 11 11 8 11 16 6 15
-80.42172638000002
cu-4a12-a
C H H H C H Cu H C H H C H H H O Cu
0 0 0 0 1 2 3 4 4 4 4 5 6 6 7 7 8 8 8 8 9 10 11 11 11 11 12 13 14 15 15 15 16 16
1 2 3 4 0 0 0 0 5 7 8 4 7 16 4 6 4 9 10 15 8 8 12 13 14 15 11 11 11 8 11 16 6 15
-80.23538755999999
cd-4a11-a
C H H H C H H C H H C H H H O
0 0 0 0 1 2 3 4 4 4 4 5 6 7 7 7 7 8 9 10 10 10 10 11 12 13 14 14
1 2 3 4 0 0 0 0 5 6 14 4 4 8 9 10 14 7 7 7 11 12 13 10 10 10 4 7
-80.19170077000001
pd-4a11-a
C H Pd H H C H H C H Pd H C H H Pd H O Pd
0 0 0 0 1 2 2 3 3 4 5 5 5 5 6 7 8 8 8 8 9 10 10 10 11 11 12 12 12 12 13 14 15 15 15 16 16 17 17 17 18 18 18 18
1 3 4 5 0 3 18 0 2 0 0 6 7 17 5 5 9 11 12 17 8 11 15 18 8 10 8 13 14 16 12 12 10 16 18 12 15 5 8 18 2 10 15 17
-80.50440488000001
ir-4a12-a
C H H H C H Ir H C H H C H H H O Ir
0 0 0 0 1 2 3 4 4 4 4 5 6 6 7 7 8 8 8 8 9 10 11 11 11 11 12 13 14 15 15 15 16 16
1 2 3 4 0 0 0 0 5 7 8 4 7 16 4 6 4 9 10 15 8 8 12 13 14 15 11 11 11 8 11 16 6 15
-80.39285788999996
ru-4a11-a
C H Ru H H C H H C H Ru H C H H Ru H O
0 0 0 0 1 2 3 3 4 5 5 5 5 6 7 8 8 8 8 9 10 10 11 11 12 12 12 12 13 14 15 15 16 16 17 17
1 3 4 5 0 3 0 2 0 0 6 7 17 5 5 9 11 12 17 8 11 15 8 10 8 13 14 16 12 12 10 16 12 15 5 8
-80.36051731000003
cu-4a11-a
C H H H C H H C H H C H H H O
0 0 0 0 1 2 3 4 4 4 4 5 6 7 7 7 7 8 9 10 10 10 10 11 12 13 14 14
1 2 3 4 0 0 0 0 5 6 14 4 4 8 9 10 14 7 7 7 11 12 13 10 10 10 4 7
-80.31799278
zn-3611-a
C H H H C H H C H O
0 0 0 0 1 2 3 4 4 4 4 5 6 7 7 7 8 9
1 2 3 4 0 0 0 0 5 6 7 4 4 4 8 9 7 7
-55.99833328999999
ir-4812-a
C H H H C H C H C H H H O Ir
0 0 0 0 1 2 3 4 4 4 5 6 6 6 6 7 8 8 8 8 9 10 11 12 12 13
1 2 3 6 0 0 0 5 6 12 4 0 4 7 8 6 6 9 10 11 8 8 8 4 13 12
-73.02415630999997
ni-4811-a
C H H H C H Ni H C H H C H Ni O
0 0 0 0 1 2 3 4 4 4 4 5 6 6 7 7 8 8 8 8 9 10 11 11 11 11 12 13 13 13 14 14
1 2 3 4 0 0 0 0 5 7 8 4 7 13 4 6 4 9 10 11 8 8 8 12 13 14 11 6 11 14 11 13
-72.96608413000001
pd-4812-a
C H H H C H C H C H H H O Pd
0 0 0 0 1 2 3 4 4 4 5 6 6 6 6 7 8 8 8 8 9 10 11 12 12 13
1 2 3 6 0 0 0 5 6 12 4 0 4 7 8 6 6 9 10 11 8 8 8 4 13 12
-72.99861238000003
ru-4811-a
C H H H C H Ru H Ru C H H Ru C H Ru O Ru
0 0 0 0 1 2 3 4 4 4 4 5 6 6 6 7 7 8 8 8 8 8 8 9 9 9 9 9 10 10 11 12 12 12 12 12 13 13 13 13 13 13 14 14 15 15 15 15 15 15 16 16 16 17 17 17
1 2 3 4 0 0 0 0 5 7 9 4 7 8 15 4 6 6 9 10 12 13 15 4 8 10 11 13 8 9 9 8 13 14 15 17 8 9 12 14 15 16 12 13 6 8 12 13 16 17 13 15 17 12 15 16
-73.24653562999998
os-4a12-a
C H H H C H Os H C H H C H H H O Os
0 0 0 0 1 2 3 4 4 4 4 5 6 6 7 7 8 8 8 8 9 10 11 11 11 11 12 13 14 15 15 15 16 16
1 2 3 4 0 0 0 0 5 7 8 4 7 16 4 6 4 9 10 15 8 8 12 13 14 15 11 11 11 8 11 16 6 15
-80.48699418000001
cd-4812-a
C H H H C H C H C H H H O Cd
0 0 0 0 1 2 3 4 4 4 5 6 6 6 6 7 8 8 8 8 9 10 11 12 12 13
1 2 3 6 0 0 0 5 6 12 4 0 4 7 8 6 6 9 10 11 8 8 8 4 13 12
-72.64650466
ir-3611-a
C H H Ir H C H H C H Ir O
0 0 0 0 1 2 3 3 4 4 5 5 5 5 6 7 8 8 8 8 9 10 10 10 11 11
1 2 4 5 0 0 4 10 0 3 0 6 7 8 5 5 5 9 10 11 8 3 8 11 8 10
-56.14176039999995
au-4a12-a
C H H H C H H C H H C H H H O
0 0 0 0 1 2 3 4 4 4 4 5 6 7 7 7 7 8 9 10 10 10 10 11 12 13 14 14
1 2 3 4 0 0 0 0 5 6 7 4 4 4 8 9 14 7 7 11 12 13 14 10 10 10 7 10
-80.2139458
rh-3611-a
C H H Rh H C H H C H Rh O
0 0 0 0 1 2 3 3 4 4 5 5 5 5 6 7 8 8 8 8 9 10 10 10 11 11
1 2 4 5 0 0 4 10 0 3 0 6 7 8 5 5 5 9 10 11 8 3 8 11 8 10
-56.328804160000004
au-4811-a
C H H H C H H C H H C H O
0 0 0 0 1 2 3 4 4 4 4 5 6 7 7 7 7 8 9 10 10 10 11 12
1 2 3 4 0 0 0 0 5 6 7 4 4 4 8 9 10 7 7 7 11 12 10 10
-72.70679087000002
ag-4812-a
C H H H C H C H C H H H O Ag
0 0 0 0 1 2 3 4 4 4 5 6 6 6 6 7 8 8 8 8 9 10 11 12 12 13
1 2 3 6 0 0 0 5 6 12 4 0 4 7 8 6 6 9 10 11 8 8 8 4 13 12
-72.73102004
ir-4a11-a
C H H H C H Ir H C H Ir H C H H H O
0 0 0 0 1 2 3 4 4 4 4 5 6 6 7 7 8 8 8 8 9 10 10 11 11 12 12 12 12 13 14 15 16 16
1 2 3 4 0 0 0 0 5 7 16 4 7 10 4 6 9 11 12 16 8 6 11 8 10 8 13 14 15 12 12 12 4 8
-80.49125067
pd-4811-a
C H H H C H Pd H C H H C H Pd O
0 0 0 0 1 2 3 4 4 4 4 5 6 6 7 7 8 8 8 8 9 10 11 11 11 11 12 13 13 13 14 14
1 2 3 4 0 0 0 0 5 7 8 4 7 13 4 6 4 9 10 11 8 8 8 12 13 14 11 6 11 14 11 13
-72.91120860999999
cu-3611-a
C H H H C H H C H O Cu
0 0 0 0 1 2 3 4 4 4 4 5 6 7 7 7 8 9 9 10
1 2 3 4 0 0 0 0 5 6 7 4 4 4 8 9 7 7 10 9
-56.12212396999999
pd-3611-a
C H H Pd H C H H C H Pd O
0 0 0 0 1 2 3 3 4 4 5 5 5 5 6 7 8 8 8 8 9 10 10 10 11 11
1 2 4 5 0 0 4 10 0 3 0 6 7 8 5 5 5 9 10 11 8 3 8 11 8 10
-56.23439116
pt-4812-a
C H H H C H C H C H H H O Pt
0 0 0 0 1 2 3 4 4 4 5 6 6 6 6 7 8 8 8 8 9 10 11 12 12 13
1 2 3 6 0 0 0 5 6 12 4 0 4 7 8 6 6 9 10 11 8 8 8 4 13 12
-72.90113932000003
cd-4811-a
C H H H C H H C H H C H O
0 0 0 0 1 2 3 4 4 4 4 5 6 7 7 7 7 8 9 10 10 10 11 12
1 2 3 4 0 0 0 0 5 6 7 4 4 4 8 9 10 7 7 7 11 12 10 10
-72.60956728
cd-4a12-a
C H H H C H H C H H C H H H O Cd
0 0 0 0 1 2 3 4 4 4 4 5 6 7 7 7 7 8 9 10 10 10 10 11 12 13 14 14 14 15
1 2 3 4 0 0 0 0 5 6 7 4 4 4 8 9 14 7 7 11 12 13 14 10 10 10 7 10 15 14
-80.08066928
pt-4811-a
C H H H C H Pt H C H H C H O
0 0 0 0 1 2 3 4 4 4 4 5 6 7 7 8 8 8 8 9 10 11 11 11 12 13
1 2 3 4 0 0 0 0 5 7 8 4 7 4 6 4 9 10 11 8 8 8 12 13 11 11
-72.78491284
au-4812-a
C H H H C H C H C H H H O Au
0 0 0 0 1 2 3 4 4 4 5 6 6 6 6 7 8 8 8 8 9 10 11 12 12 13
1 2 3 6 0 0 0 5 6 12 4 0 4 7 8 6 6 9 10 11 8 8 8 4 13 12
-72.72183499000002
ru-4812-a
C H H H C H C H C H H H O Ru
0 0 0 0 1 2 3 4 4 4 5 6 6 6 6 7 8 8 8 8 9 10 11 12 12 13
1 2 3 6 0 0 0 5 6 12 4 0 4 7 8 6 6 9 10 11 8 8 8 4 13 12
-73.03584434999999
zn-4811-a
C H H H C H H C H H C H O
0 0 0 0 1 2 3 4 4 4 4 5 6 7 7 7 7 8 9 10 10 10 11 12
1 2 3 4 0 0 0 0 5 6 7 4 4 4 8 9 10 7 7 7 11 12 10 10
-72.6429739
rh-4a11-a
C H Rh H H C H H C H Rh H C H H Rh H O
0 0 0 0 1 2 3 3 4 5 5 5 5 6 7 8 8 8 8 9 10 10 11 11 12 12 12 12 13 14 15 15 16 16 17 17
1 3 4 5 0 3 0 2 0 0 6 7 17 5 5 9 11 12 17 8 11 15 8 10 8 13 14 16 12 12 10 16 12 15 5 8
-80.43819549
