ir-2422-a
Ir C H C H H H O O Ir
0 0 1 1 1 2 2 3 3 3 3 4 5 6 7 7 8 8 9 9
2 9 2 7 8 0 1 4 5 6 8 3 3 3 1 9 1 3 0 7
-46.50255615999998
zn-4825-a
C H H H C H H C H H H C O O Zn
0 0 0 0 1 2 3 4 4 4 4 5 6 7 7 7 7 8 9 10 11 11 11 12 12 13 13 14
1 2 3 11 0 0 0 5 6 7 13 4 4 4 8 9 10 7 7 7 0 12 13 11 14 4 11 12
-79.98758742999999
au-4833-a
C H H Au H C H H C H H H O O O C
0 0 0 0 1 2 3 4 4 5 5 5 5 6 7 8 8 8 8 9 10 11 12 13 13 14 14 15 15 15
1 2 4 13 0 0 4 0 3 6 7 8 14 5 5 5 9 10 11 8 8 8 15 0 15 5 15 12 13 14
-86.56279899
ag-4821-a
C H H H C H Ag H Ag C H H O H C O Ag
0 0 0 0 1 2 3 4 4 4 4 5 6 6 6 7 7 8 8 8 9 9 9 9 10 10 11 12 12 13 14 14 14 15 15 16 16 16
1 2 3 4 0 0 0 0 5 7 9 4 7 8 16 4 6 6 10 16 4 10 11 14 8 9 9 13 14 12 9 12 15 14 16 6 8 15
-80.18027792000001
cd-4826-a
C H H H C H H C H H H C O O Cd
0 0 0 0 1 2 3 4 4 4 4 5 6 7 7 7 7 8 9 10 11 11 11 12 12 13 13 14
1 2 3 4 0 0 0 0 5 6 11 4 4 8 9 10 13 7 7 7 4 12 13 11 14 7 11 12
-79.84515865
rh-3621-a
C H H Rh H C H H O H C Rh Rh O Rh
0 0 0 0 1 2 3 3 3 3 4 4 5 5 5 5 6 7 8 8 8 9 10 10 10 10 10 11 11 11 11 12 12 12 12 12 13 13 14 14 14 14
1 2 4 5 0 0 4 11 12 14 0 3 0 6 7 10 5 5 9 10 14 8 5 8 11 12 13 3 10 12 14 3 10 11 13 14 10 12 3 8 11 12
-63.66949374000001
cu-4833-a
C H H Cu H Cu Cu C H H C H H H O O O C Cu
0 0 0 0 1 2 3 3 3 4 4 5 5 5 6 6 6 6 7 7 7 7 8 8 8 9 10 10 10 10 11 12 13 14 14 15 15 16 16 17 17 17 18 18 18 18
1 2 4 15 0 0 4 6 18 0 3 6 8 18 3 5 8 18 8 9 10 16 5 6 7 7 7 11 12 13 10 10 10 17 18 0 17 7 17 14 15 16 3 5 6 14
-86.58787065000001
cu-2431-a
O H C H Cu H H Cu O O C
0 0 1 2 2 2 2 3 4 4 5 5 6 7 7 7 8 8 9 9 10 10 10 10
1 10 0 3 5 6 9 2 5 7 2 4 2 4 8 10 7 10 2 10 0 7 8 9
-53.57757505999999
zn-4824-a
C H C H H H C H C H H H O O Zn
0 0 0 1 2 2 2 2 3 4 5 6 6 6 6 7 8 8 8 8 9 10 11 12 12 13 13 14
1 12 13 0 3 4 5 6 2 2 2 2 7 8 13 6 6 9 10 11 8 8 8 0 14 0 6 12
-79.83122967
cu-4831-a
Cu Cu O H C H H C H H C H H H O O C Cu
0 0 0 1 1 1 2 2 3 3 3 4 4 4 4 5 6 7 7 7 7 8 9 10 10 10 10 11 12 13 14 14 15 15 16 16 16 16 17 17 17 17
1 3 17 0 3 17 3 16 0 1 2 5 6 7 15 4 4 4 8 9 10 7 7 7 11 12 13 10 10 10 16 17 4 16 2 14 15 17 0 1 14 16
-87.18622488
ni-4826-a
C H H Ni H Ni C H H C H H H C O O Ni
0 0 0 0 1 2 3 3 3 4 4 5 5 5 6 6 6 6 7 7 8 9 9 9 9 10 11 12 13 13 13 14 14 15 15 16 16 16
1 2 4 6 0 0 4 5 16 0 3 3 7 16 0 7 8 13 5 6 6 10 11 12 15 9 9 9 6 14 15 13 16 9 13 3 5 14
-80.15945083999998
pd-3631-a
Pd O H C H H C H H H O O C Pd
0 0 1 1 2 2 3 3 3 3 4 5 6 6 6 6 7 8 9 10 10 11 11 12 12 12 12 13 13 13
2 13 2 12 0 1 4 5 6 11 3 3 3 7 8 9 6 6 6 12 13 3 12 1 10 11 13 0 10 12
-70.61091976999998
cd-2421-a
C H H H O H O C Cd
0 0 0 0 1 2 3 4 4 5 6 6 7 7 7 8
1 2 3 7 0 0 0 5 7 4 7 8 0 4 6 6
-46.81795967
ni-2431-a
O H C H Ni H H O O C Ni
0 0 1 2 2 2 2 3 4 4 5 5 6 7 7 8 8 9 9 9 9 10 10 10
1 9 0 3 5 6 8 2 5 10 2 4 2 9 10 2 9 0 7 8 10 4 7 9
-53.63756196999998
cu-4825-a
Cu C H H H C H Cu H C H H H C O O Cu
0 0 0 1 1 1 1 2 2 3 4 5 5 5 5 6 7 7 7 8 8 9 9 9 9 10 11 12 13 13 13 13 14 14 15 15 16 16 16 16
2 7 16 2 3 4 13 0 1 1 1 6 8 9 15 5 0 8 16 5 7 5 10 11 12 9 9 9 1 14 15 16 13 16 5 13 0 7 13 14
-80.12788867
au-1231-a
O H Au Au O H O C Au
0 0 1 2 2 2 3 3 3 4 4 5 5 5 6 6 7 7 7 8 8 8
1 7 0 3 5 8 2 5 8 5 7 2 3 4 7 8 0 4 6 2 3 6
-37.406249340000016
os-2422-a
C H C H H H O O Os
0 0 0 0 1 2 2 2 2 3 4 5 6 6 7 7 8 8
1 6 7 8 0 3 4 5 7 2 2 2 0 8 0 2 0 6
-46.65502579000008
rh-3622-a
C H C H Rh H C H H H Rh Rh O O
0 0 0 0 0 1 2 2 2 2 3 4 4 4 5 5 6 6 6 6 7 8 9 10 10 10 11 11 11 11 12 12 13 13
1 10 11 12 13 0 3 5 6 13 2 5 10 11 2 4 2 7 8 9 6 6 6 0 4 11 0 4 10 12 0 11 0 2
-63.25614809000001
zn-2421-a
C H H H O H O C
0 0 0 0 1 2 3 4 4 5 6 7 7 7
1 2 3 7 0 0 0 5 7 4 7 0 4 6
-46.8400664
zn-2431-a
O H C H H H O O C
0 0 1 2 2 2 2 3 4 5 6 7 7 8 8 8
1 8 0 3 4 5 7 2 2 2 8 2 8 0 6 7
-53.497898379999995
pt-4823-a
C H C H Pt H C H H C H H H Pt O O
0 0 0 0 1 2 2 2 2 3 4 4 5 5 6 6 6 6 7 8 9 9 9 9 10 11 12 13 13 13 14 14 15 15
1 13 14 15 0 3 5 6 15 2 5 13 2 4 2 7 8 9 6 6 6 10 11 12 9 9 9 0 4 14 0 13 0 2
-79.86033599000001
os-3622-a
C H C H Os H C H H H Os Os O O
0 0 0 0 0 1 2 2 2 2 3 4 4 4 5 5 6 6 6 6 7 8 9 10 10 10 11 11 11 11 12 12 13 13
1 10 11 12 13 0 3 5 6 13 2 5 10 11 2 4 2 7 8 9 6 6 6 0 4 11 0 4 10 12 0 11 0 2
-63.34135600000002
cd-3621-a
C H H H C H H O H C O Cd
0 0 0 0 1 2 3 4 4 4 4 5 6 7 7 8 9 9 9 10 10 11
1 2 3 4 0 0 0 0 5 6 9 4 4 8 9 7 4 7 10 9 11 10
-63.480724020000004
cd-3622-a
C H C H H C H H H O O Cd
0 0 0 1 2 2 2 2 3 4 5 5 5 5 6 7 8 9 9 10 10 11
1 9 10 0 3 4 5 10 2 2 2 6 7 8 5 5 5 0 11 0 2 9
-63.016240579999995
rh-4833-a
C H H Rh H Rh Rh C H H C H H H O O O C Rh
0 0 0 0 1 2 3 3 3 4 4 5 5 5 6 6 6 6 7 7 7 7 8 8 8 9 10 10 10 10 11 12 13 14 14 15 15 16 16 17 17 17 18 18 18 18
1 2 4 15 0 0 4 6 18 0 3 6 8 18 3 5 8 18 8 9 10 16 5 6 7 7 7 11 12 13 10 10 10 17 18 0 17 7 17 14 15 16 3 5 6 14
-86.61086974
ir-3631-a
Ir Ir O H C H H C H H H O O C Ir
0 0 0 1 1 1 2 2 3 3 3 4 4 4 4 5 6 7 7 7 7 8 9 10 11 11 12 12 13 13 13 14 14 14
1 3 14 0 3 14 3 13 0 1 2 5 6 7 12 4 4 4 8 9 10 7 7 7 13 14 4 13 2 11 12 0 1 11
-70.72330266999995
ir-3621-a
C H H H C H H O H C O Ir Ir
0 0 0 0 1 2 3 4 4 4 4 5 6 7 7 7 8 9 9 9 9 10 10 11 11 11 12 12
1 2 3 4 0 0 0 0 5 6 9 4 4 8 9 12 7 4 7 10 11 9 11 9 10 12 7 11
-63.60693667999999
pd-2431-a
O H C H Pd H H Pd O O C
0 0 1 2 2 2 2 3 4 4 5 5 6 7 7 7 8 8 9 9 10 10 10 10
1 10 0 3 5 6 9 2 5 7 2 4 2 4 8 10 7 10 2 10 0 7 8 9
-53.67203657000002
cd-3631-a
O H C H H C H H H O O C Cd
0 0 1 2 2 2 2 3 4 5 5 5 5 6 7 8 9 9 10 10 11 11 11 12
1 11 0 3 4 5 10 2 2 2 6 7 8 5 5 5 11 12 2 11 0 9 10 9
-70.2961378
au-1221-a
C H O H O Au
0 0 0 1 2 2 3 4 4 5
1 2 4 0 0 3 2 0 5 4
-29.949983410000016
zn-3623-a
C H H H C H H H O O C Zn
0 0 0 0 1 2 3 4 4 4 4 5 6 7 8 8 9 9 10 10 10 11
1 2 3 10 0 0 0 5 6 7 9 4 4 4 10 11 4 10 0 8 9 8
-63.2180759
au-3622-a
C H C H Au H C H H H O O Au
0 0 0 1 2 2 2 2 3 4 4 5 5 6 6 6 6 7 8 9 10 10 11 11 12 12
1 10 11 0 3 5 6 11 2 5 12 2 4 2 7 8 9 6 6 6 0 12 0 2 4 10
-63.09378774000001
os-3631-a
Os Os Os O H C H H C H H H O O C
0 0 0 1 1 1 1 2 2 2 3 3 4 4 4 4 5 5 5 5 6 7 8 8 8 8 9 10 11 12 12 13 13 14 14 14
1 2 4 0 2 4 12 0 1 4 4 14 0 1 2 3 6 7 8 13 5 5 5 9 10 11 8 8 8 1 14 5 14 3 12 13
-70.89069675000007
pt-4825-a
Pt C H H H C H Pt H C H H H C O O Pt
0 0 1 1 1 1 2 2 3 4 5 5 5 5 6 7 7 8 8 9 9 9 9 10 11 12 13 13 13 13 14 14 15 15 16 16 16 16
2 16 2 3 4 13 0 1 1 1 6 8 9 15 5 8 16 5 7 5 10 11 12 9 9 9 1 14 15 16 13 16 5 13 0 7 13 14
-80.17289557999999
cd-2422-a
C H C H H H O O Cd
0 0 0 1 2 2 2 2 3 4 5 6 6 7 7 8
1 6 7 0 3 4 5 7 2 2 2 0 8 0 2 6
-46.24902875
cd-2431-a
O H C H H H O O C Cd
0 0 1 2 2 2 2 3 4 5 6 6 7 7 8 8 8 9
1 8 0 3 4 5 7 2 2 2 8 9 2 8 0 6 7 6
-53.47675547000001
os-4823-a
C H C H H C H H C H H H O O Os
0 0 0 1 2 2 2 2 3 4 5 5 5 5 6 7 8 8 8 8 9 10 11 12 12 13 13 14
1 12 13 0 3 4 5 13 2 2 2 6 7 8 5 5 5 9 10 11 8 8 8 0 14 0 2 12
-80.08571376000009
ag-4826-a
C H H Ag H Ag C H H C H H H C O O Ag
0 0 0 0 1 2 3 3 3 4 4 5 5 5 6 6 6 6 7 7 8 9 9 9 9 10 11 12 13 13 13 14 14 15 15 16 16 16
1 2 4 6 0 0 4 5 16 0 3 3 7 16 0 7 8 13 5 6 6 10 11 12 15 9 9 9 6 14 15 13 16 9 13 3 5 14
-79.94997206
ir-4823-a
C H C H H C H H C H H H Ir O O
0 0 0 0 1 2 2 2 2 3 4 5 5 5 5 6 7 8 8 8 8 9 10 11 12 12 13 13 14 14
1 12 13 14 0 3 4 5 14 2 2 2 6 7 8 5 5 5 9 10 11 8 8 8 0 13 0 12 0 2
-79.88856195999995
ru-3632-a
C H H Ru H C H Ru H H O O O C Ru
0 0 0 0 1 2 3 3 4 4 5 5 5 5 6 7 7 8 8 9 10 10 11 11 12 12 13 13 13 13 14 14 14 14
1 2 4 11 0 0 4 14 0 3 6 8 9 12 5 8 14 5 7 5 13 14 0 13 5 13 10 11 12 14 3 7 10 13
-69.95330951
ir-3623-a
Ir C H H Ir H C H H H O O C Ir
0 0 0 1 1 1 1 2 2 3 4 4 4 5 5 6 6 6 6 7 8 9 10 10 11 11 12 12 12 13 13 13
2 4 13 2 3 5 12 0 1 1 0 5 13 1 4 7 8 9 11 6 6 6 12 13 6 12 1 10 11 0 4 10
-63.48878275999999
rh-2421-a
C H H H O H Rh Rh O C Rh
0 0 0 0 1 2 3 4 4 4 5 6 6 6 7 7 7 7 8 8 9 9 9 9 9 10 10 10
1 2 3 9 0 0 0 5 9 10 4 7 9 10 6 8 9 10 7 9 0 4 6 7 8 4 6 7
-47.00112442
ag-1231-a
O H Ag Ag O H O C Ag
0 0 1 2 2 2 3 3 3 4 4 5 5 5 6 6 7 7 7 8 8 8
1 7 0 3 5 8 2 5 8 5 7 2 3 4 7 8 0 4 6 2 3 6
-37.45847347
cd-4832-a
O H C H H H C H C H H H O O C Cd
0 0 1 2 2 2 2 3 4 5 6 6 6 6 7 8 8 8 8 9 10 11 12 12 13 13 14 14 14 15
1 14 0 3 4 5 6 2 2 2 2 7 8 13 6 6 9 10 11 8 8 8 14 15 6 14 0 12 13 12
-87.01973735000001
cu-3632-a
C H H Cu H C H Cu H H O O O C Cu
0 0 0 0 1 2 3 3 4 4 5 5 5 5 6 7 7 8 8 9 10 10 11 11 12 12 13 13 13 14 14 14
1 2 4 11 0 0 4 14 0 3 6 8 9 12 5 8 14 5 7 5 13 14 0 13 5 13 10 11 12 3 7 10
-69.85466419
au-2421-a
C H H H O H O C Au
0 0 0 0 1 2 3 4 4 5 6 6 7 7 7 8
1 2 3 7 0 0 0 5 7 4 7 8 0 4 6 6
-46.876096030000014
ni-4831-a
Ni Ni O H C H H C H H C H H H O O C Ni
0 0 0 1 1 1 2 2 3 3 3 4 4 4 4 5 6 7 7 7 7 8 9 10 10 10 10 11 12 13 14 14 15 15 16 16 16 17 17 17
1 3 17 0 3 17 3 16 0 1 2 5 6 7 15 4 4 4 8 9 10 7 7 7 11 12 13 10 10 10 16 17 4 16 2 14 15 0 1 14
-87.45860999999996
pd-3621-a
C H H Pd H C H H O H C Pd Pd O Pd
0 0 0 0 1 2 3 3 3 4 4 5 5 5 5 6 7 8 8 8 9 10 10 10 10 10 11 11 11 11 12 12 12 12 12 13 13 14 14 14
1 2 4 5 0 0 4 11 12 0 3 0 6 7 10 5 5 9 10 14 8 5 8 11 12 13 3 10 12 14 3 10 11 13 14 10 12 8 11 12
-63.71613227000003
au-4823-a
C H C H Au H C H H C H H H O O
0 0 0 1 2 2 2 2 3 4 5 5 6 6 6 6 7 8 9 9 9 9 10 11 12 13 14 14
1 13 14 0 3 5 6 14 2 5 2 4 2 7 8 9 6 6 6 10 11 12 9 9 9 0 0 2
-79.77648094
ag-4832-a
O H C H H H Ag C H C H H H O O C Ag
0 0 1 2 2 2 2 3 4 5 6 6 7 7 7 7 8 8 9 9 9 9 10 11 12 13 13 14 14 15 15 15 16 16
1 15 0 3 4 5 7 2 2 2 8 16 2 8 9 14 6 7 7 10 11 12 9 9 9 15 16 7 15 0 13 14 6 13
-87.11150954000001
ir-4826-a
C H H Ir H Ir C H H C H H H C O O Ir
0 0 0 0 1 2 3 3 3 4 4 5 5 5 6 6 6 6 7 7 8 9 9 9 9 10 11 12 13 13 13 14 14 15 15 16 16 16
1 2 4 6 0 0 4 5 16 0 3 3 7 16 0 7 8 13 5 6 6 10 11 12 15 9 9 9 6 14 15 13 16 9 13 3 5 14
-80.11938726999995
cu-2422-a
C H C H H H O O Cu
0 0 0 0 1 2 2 2 2 3 4 5 6 6 7 7 8 8
1 6 7 8 0 3 4 5 7 2 2 2 0 8 0 2 0 6
-46.36657144
au-4832-a
O H C H H H Au C H C H H H O O C Au
0 0 1 2 2 2 2 3 4 5 6 6 7 7 7 7 8 8 9 9 9 9 10 11 12 13 13 14 14 15 15 15 16 16
1 15 0 3 4 5 7 2 2 2 8 16 2 8 9 14 6 7 7 10 11 12 9 9 9 15 16 7 15 0 13 14 6 13
-87.10526775
ag-3631-a
Ag O H C H H C H H H Ag O O C
0 0 1 1 2 2 3 3 3 3 4 5 6 6 6 6 7 8 9 10 10 10 11 11 12 12 13 13 13 13
2 10 2 13 0 1 4 5 6 12 3 3 3 7 8 9 6 6 6 0 11 13 10 13 3 13 1 10 11 12
-70.40425447999999
ru-4833-a
C H H H Ru C H H C H H H O O O C Ru
0 0 0 0 1 2 3 4 4 5 5 5 5 6 6 7 8 8 8 8 9 10 11 12 12 13 13 14 14 15 15 15 16 16
1 2 3 13 0 0 0 6 16 6 7 8 14 4 5 5 5 9 10 11 8 8 8 15 16 0 15 5 15 12 13 14 4 12
-86.73935532000002
cu-1231-a
O H Cu Cu O H O C Cu
0 0 1 2 2 2 3 3 3 4 4 5 5 5 6 6 7 7 7 8 8 8
1 7 0 3 5 8 2 5 8 5 7 2 3 4 7 8 0 4 6 2 3 6
-37.56990257000001
ni-1221-a
Ni C H O H O Ni
0 0 1 1 1 1 2 2 3 3 4 5 5 6 6 6
2 6 2 3 5 6 0 1 1 4 3 1 6 0 1 5
-30.12620430999999
cd-3632-a
C H H H C H H H O O O C Cd
0 0 0 0 1 2 3 4 4 4 4 5 6 7 8 8 9 9 10 10 11 11 11 12
1 2 3 9 0 0 0 5 6 7 10 4 4 4 11 12 0 11 4 11 8 9 10 8
-69.7059461
zn-4826-a
C H H H C H H C H H H C O O Zn
0 0 0 0 1 2 3 4 4 4 4 5 6 7 7 7 7 8 9 10 11 11 11 12 12 13 13 14
1 2 3 4 0 0 0 0 5 6 11 4 4 8 9 10 13 7 7 7 4 12 13 11 14 7 11 12
-79.87822299999999
zn-4821-a
C H H H C H H C H H O H C O Zn
0 0 0 0 1 2 3 4 4 4 4 5 6 7 7 7 7 8 9 10 10 11 12 12 12 13 13 14
1 2 3 4 0 0 0 0 5 6 7 4 4 4 8 9 12 7 7 11 12 10 7 10 13 12 14 13
-80.12104627
rh-4831-a
Rh Rh O H Rh C H H C H H C H H H O O C Rh
0 0 0 1 1 1 1 1 2 2 2 3 3 3 4 4 4 4 5 5 5 5 6 6 7 8 8 8 8 9 10 11 11 11 11 12 13 14 15 15 15 16 16 17 17 17 17 18 18 18 18 18
1 3 18 0 2 3 4 18 1 3 17 0 1 2 1 6 15 18 6 7 8 16 4 5 5 5 9 10 11 8 8 8 12 13 14 11 11 11 4 17 18 5 17 2 15 16 18 0 1 4 15 17
-87.32442602000003
pd-3632-a
C H H Pd Pd H C H Pd H H O O O C Pd
0 0 0 0 1 2 3 3 3 4 4 4 5 5 5 6 6 6 6 7 8 8 9 9 10 11 11 12 12 13 13 14 14 14 14 15 15 15 15 15
1 2 5 12 0 0 4 5 15 3 5 15 0 3 4 7 9 10 13 6 9 15 6 8 6 14 15 0 14 6 14 11 12 13 15 3 4 8 11 14
-69.98687029999999
ir-4832-a
O H C H H H Ir C H C H H H O O C Ir
0 0 1 2 2 2 2 3 4 5 6 6 7 7 7 7 8 8 9 9 9 9 10 11 12 13 13 14 14 15 15 15 15 16 16 16
1 15 0 3 4 5 7 2 2 2 8 16 2 8 9 14 6 7 7 10 11 12 9 9 9 15 16 7 15 0 13 14 16 6 13 15
-87.21431819999998
pd-4831-a
Pd Pd O H Pd C H H C H H C H H Pd H Pd O O C
0 0 0 0 1 1 1 1 2 2 2 3 3 3 4 4 4 5 5 5 5 6 6 7 8 8 8 8 9 10 11 11 11 11 12 13 14 14 14 15 15 16 16 16 16 16 17 17 18 18 19 19 19 19
1 3 14 16 0 2 3 16 1 3 19 0 1 2 6 14 16 6 7 8 18 4 5 5 5 9 10 11 8 8 8 12 13 15 11 11 0 4 15 11 14 0 1 4 17 19 16 19 5 19 2 16 17 18
-87.31638416000001
rh-4825-a
Rh C H H H C H Rh H C H H H C O O Rh
0 0 0 1 1 1 1 2 2 3 4 5 5 5 5 6 7 7 7 8 8 9 9 9 9 10 11 12 13 13 13 13 14 14 15 15 16 16 16 16
2 7 16 2 3 4 13 0 1 1 1 6 8 9 15 5 0 8 16 5 7 5 10 11 12 9 9 9 1 14 15 16 13 16 5 13 0 7 13 14
-80.24001762
au-3632-a
C H H H C H Au H H O O O C Au
0 0 0 0 1 2 3 4 4 4 4 5 6 6 7 7 8 9 9 10 10 11 11 12 12 12 13 13
1 2 3 10 0 0 0 5 7 8 11 4 7 13 4 6 4 12 13 0 12 4 12 9 10 11 6 9
-69.78203611
pd-3623-a
C H H Pd H C H H H O O C Pd
0 0 0 0 1 2 3 3 4 4 5 5 5 5 6 7 8 9 9 10 10 11 11 11 12 12
1 2 4 11 0 0 4 12 0 3 6 7 8 10 5 5 5 11 12 5 11 0 9 10 3 9
-63.47626318000002
os-1231-a
O H Os Os O H O C Os
0 0 1 2 2 2 3 3 3 4 4 5 5 5 6 6 7 7 7 8 8 8
1 7 0 3 5 8 2 5 8 5 7 2 3 4 7 8 0 4 6 2 3 6
-37.91441715000008
zn-3632-a
C H H H C H H H O O O C Zn
0 0 0 0 1 2 3 4 4 4 4 5 6 7 8 8 9 9 10 10 11 11 11 12
1 2 3 9 0 0 0 5 6 7 10 4 4 4 11 12 0 11 4 11 8 9 10 8
-69.73076988999999
rh-4826-a
C H H Rh H Rh C H H C H H H C O O Rh
0 0 0 0 1 2 3 3 3 4 4 5 5 5 6 6 6 6 7 7 8 9 9 9 9 10 11 12 13 13 13 14 14 15 15 16 16 16
1 2 4 6 0 0 4 5 16 0 3 3 7 16 0 7 8 13 5 6 6 10 11 12 15 9 9 9 6 14 15 13 16 9 13 3 5 14
-80.14612402
ru-3631-a
Ru Ru Ru O H C H H C H H H O O C Ru
0 0 0 0 1 1 1 1 1 2 2 2 3 3 4 4 4 4 5 5 5 5 6 7 8 8 8 8 9 10 11 12 12 12 13 13 14 14 14 15 15 15
1 2 4 15 0 2 4 12 15 0 1 4 4 14 0 1 2 3 6 7 8 13 5 5 5 9 10 11 8 8 8 1 14 15 5 14 3 12 13 0 1 12
-70.78429427000003
pd-1231-a
O H Pd Pd Pd O H O C
0 0 1 2 2 2 3 3 3 4 4 4 4 5 5 6 6 6 6 7 7 8 8 8
1 8 0 3 4 6 2 4 6 2 3 6 7 6 8 2 3 4 5 4 8 0 5 7
-37.694503010000034
cd-4831-a
O H C H H C H H C H H H O O C Cd
0 0 1 2 2 2 2 3 4 5 5 5 5 6 7 8 8 8 8 9 10 11 12 12 13 13 14 14 14 15
1 14 0 3 4 5 13 2 2 2 6 7 8 5 5 5 9 10 11 8 8 8 14 15 2 14 0 12 13 12
-86.95199618000001
os-4824-a
C H C H H H Os C H C H H H O O Os
0 0 0 0 1 2 2 2 2 3 4 5 6 6 7 7 7 7 8 8 9 9 9 9 10 11 12 13 13 14 14 15 15 15
1 13 14 15 0 3 4 5 7 2 2 2 8 15 2 8 9 14 6 7 7 10 11 12 9 9 9 0 15 0 7 0 6 13
-80.07089774000008
ag-4833-a
C H H Ag H Ag Ag C H H C H H H O O O C
0 0 0 0 1 2 3 4 4 5 5 6 6 7 7 7 7 8 8 8 9 10 10 10 10 11 12 13 14 15 15 16 16 17 17 17
1 2 4 15 0 0 4 0 3 6 8 5 8 8 9 10 16 5 6 7 7 7 11 12 13 10 10 10 17 0 17 7 17 14 15 16
-86.53183914000002
os-4821-a
Os C H H H C H Os H Os C H H O H C O Os
0 0 0 0 1 1 1 1 2 2 3 4 5 5 5 5 6 7 7 7 7 8 8 9 9 9 9 10 10 10 10 11 11 12 13 13 14 15 15 15 16 16 17 17 17 17
2 7 9 17 2 3 4 5 0 1 1 1 1 6 8 10 5 0 8 9 17 5 7 0 7 11 17 5 11 12 15 9 10 10 14 15 13 10 13 16 15 17 0 7 9 16
-80.5246557800001
cd-1231-a
O H Cd Cd O H O C Cd
0 0 1 2 2 2 3 3 3 4 4 5 5 5 6 6 7 7 7 8 8 8
1 7 0 3 5 8 2 5 8 5 7 2 3 4 7 8 0 4 6 2 3 6
-37.382417010000005
ru-2422-a
C H C H H H O O Ru Ru
0 0 0 0 1 2 2 2 2 3 4 5 6 6 6 7 7 8 8 9 9 9
1 6 7 9 0 3 4 5 7 2 2 2 0 8 9 0 2 6 9 0 6 8
-46.53795286000002
zn-4831-a
O H C H H C H H C H H H O O C Zn
0 0 1 2 2 2 2 3 4 5 5 5 5 6 7 8 8 8 8 9 10 11 12 12 13 13 14 14 14 15
1 14 0 3 4 5 13 2 2 2 6 7 8 5 5 5 9 10 11 8 8 8 14 15 2 14 0 12 13 12
-87.0034139
os-2421-a
C H H H Os O H O C Os
0 0 0 0 1 2 3 4 4 4 4 5 5 5 5 6 6 7 7 8 8 8 8 9 9 9
1 2 3 8 0 0 0 5 6 8 9 4 6 8 9 4 5 8 9 0 4 5 7 4 5 7
-47.19738493
rh-3623-a
C H H Rh H C H H H O O C Rh Rh
0 0 0 0 1 2 3 3 3 4 4 5 5 5 5 6 7 8 9 9 9 10 10 11 11 11 12 12 12 13 13 13
1 2 4 11 0 0 4 12 13 0 3 6 7 8 10 5 5 5 11 12 13 5 11 0 9 10 3 9 13 3 9 12
-63.49040507000001
ir-3622-a
C H C H H C H H H Ir Ir O O
0 0 0 0 0 1 2 2 2 2 3 4 5 5 5 5 6 7 8 9 9 10 10 10 11 11 12 12
1 9 10 11 12 0 3 4 5 12 2 2 2 6 7 8 5 5 5 0 10 0 9 11 0 10 0 2
-63.22640863999999
ni-4825-a
Ni C H H H C H Ni H C H H H C O O Ni
0 0 1 1 1 1 2 2 3 4 5 5 5 5 6 7 7 8 8 9 9 9 9 10 11 12 13 13 13 14 14 15 15 16 16 16
2 16 2 3 4 13 0 1 1 1 6 8 9 15 5 8 16 5 7 5 10 11 12 9 9 9 1 14 15 13 16 5 13 0 7 14
-80.25045075999998
pd-4823-a
C H C H Pd H Pd C H H Pd C H H H Pd Pd O O
0 0 0 0 0 1 2 2 2 2 3 4 4 4 4 4 5 5 6 6 6 6 7 7 7 7 8 8 9 10 10 10 11 11 11 11 12 12 13 14 15 15 15 15 16 16 16 16 17 17 18 18
1 15 16 17 18 0 3 5 7 18 2 5 6 10 15 16 2 4 4 8 10 16 2 8 9 11 6 7 7 4 6 12 7 12 13 14 10 11 11 11 0 4 16 17 0 4 6 15 0 15 0 2
-79.97491841000002
ag-2421-a
C H H H O H Ag O C Ag
0 0 0 0 1 2 3 4 4 4 5 6 6 6 7 7 8 8 8 8 9 9
1 2 3 8 0 0 0 5 8 9 4 7 8 9 6 8 0 4 6 7 4 6
-46.894539760000015
ru-4821-a
C H H H C H Ru H Ru C H H O H C O Ru Ru
0 0 0 0 1 2 3 4 4 4 4 5 6 6 6 7 7 8 8 8 8 9 9 9 9 10 10 11 12 12 13 14 14 14 15 15 15 16 16 16 16 17 17 17
1 2 3 4 0 0 0 0 5 7 9 4 7 8 16 4 6 6 10 16 17 4 10 11 14 8 9 9 13 14 12 9 12 15 14 16 17 6 8 15 17 8 15 16
-80.42388532000001
au-4826-a
C H H H Au C H H C H H H C O O Au
0 0 0 0 1 2 3 4 4 5 5 5 5 6 6 7 8 8 8 8 9 10 11 12 12 12 13 13 14 14 15 15
1 2 3 5 0 0 0 6 15 0 6 7 12 4 5 5 9 10 11 14 8 8 8 5 13 14 12 15 8 12 4 13
-79.93936803
au-4825-a
Au C H H H C H Au H C H H H C O O Au
0 0 1 1 1 1 2 2 3 4 5 5 5 5 6 7 7 8 8 9 9 9 9 10 11 12 13 13 13 14 14 15 15 16 16 16
2 16 2 3 4 13 0 1 1 1 6 8 9 15 5 8 16 5 7 5 10 11 12 9 9 9 1 14 15 13 16 5 13 0 7 14
-80.05545756000001
os-4825-a
Os C H Os H H C H H C H H H C O O Os Os
0 0 0 0 1 1 1 1 2 2 3 3 3 4 4 5 6 6 6 6 7 8 9 9 9 9 10 11 12 13 13 13 14 14 14 15 15 16 16 16 16 17 17 17
2 3 16 17 2 4 5 13 0 1 0 4 16 1 3 1 7 8 9 15 6 6 6 10 11 12 9 9 9 1 14 15 13 16 17 6 13 0 3 14 17 0 14 16
-80.42477540000004
ni-3631-a
Ni Ni O H C H H C H H H O O C Ni
0 0 0 1 1 1 2 2 3 3 3 4 4 4 4 5 6 7 7 7 7 8 9 10 11 11 12 12 13 13 13 14 14 14
1 3 14 0 3 14 3 13 0 1 2 5 6 7 12 4 4 4 8 9 10 7 7 7 13 14 4 13 2 11 12 0 1 11
-70.72064042
rh-4832-a
O H C H H H Rh Rh C H C H H H O O C Rh
0 0 1 2 2 2 2 3 4 5 6 6 6 7 7 7 8 8 8 8 9 9 9 10 10 10 10 11 12 13 14 14 15 15 16 16 16 16 17 17 17 17
1 16 0 3 4 5 8 2 2 2 7 9 17 6 9 17 2 9 10 15 6 7 8 8 11 12 13 10 10 10 16 17 8 16 0 14 15 17 6 7 14 16
-87.24277906000003
ir-1221-a
Ir C H O H O Ir
0 0 1 1 1 1 2 2 3 3 4 5 5 6 6 6
2 6 2 3 5 6 0 1 1 4 3 1 6 0 1 5
-30.135651549999977
pd-2422-a
C H C H H Pd H Pd Pd O O
0 0 0 0 0 1 2 2 2 2 3 4 5 5 5 6 6 7 7 7 8 8 8 8 9 9 10 10
1 7 8 9 10 0 3 4 6 10 2 2 6 7 8 2 5 0 5 8 0 5 7 9 0 8 0 2
-46.485764569999986
cu-4822-a
C H H H C H C H H H O H C O Cu Cu
0 0 0 0 1 2 3 4 4 4 4 5 6 6 6 6 7 8 9 10 10 10 11 12 12 12 12 13 13 14 14 14 15 15
1 2 3 4 0 0 0 0 5 6 12 4 4 7 8 9 6 6 6 11 12 15 10 4 10 13 14 12 14 12 13 15 10 14
-80.19635306999999
ru-3622-a
C H C H Ru H C H H H Ru Ru O O
0 0 0 0 0 1 2 2 2 2 3 4 4 4 5 5 6 6 6 6 7 8 9 10 10 10 11 11 11 11 12 12 13 13
1 10 11 12 13 0 3 5 6 13 2 5 10 11 2 4 2 7 8 9 6 6 6 0 4 11 0 4 10 12 0 11 0 2
-63.28607856000002
cu-3621-a
C H H Cu H C H H O H C Cu O Cu
0 0 0 0 1 2 3 3 3 4 4 5 5 5 5 6 7 8 8 8 9 10 10 10 10 11 11 11 11 12 12 13 13 13
1 2 4 5 0 0 4 11 13 0 3 0 6 7 10 5 5 9 10 13 8 5 8 11 12 3 10 12 13 10 11 3 8 11
-63.605306179999985
ir-2431-a
O H C H H H O O C Ir
0 0 1 2 2 2 2 3 4 5 6 6 7 7 8 8 8 8 9 9
1 8 0 3 4 5 7 2 2 2 8 9 2 8 0 6 7 9 6 8
-53.60434547999995
cd-4823-a
C H C H H C H H C H H H O O Cd
0 0 0 1 2 2 2 2 3 4 5 5 5 5 6 7 8 8 8 8 9 10 11 12 12 13 13 14
1 12 13 0 3 4 5 13 2 2 2 6 7 8 5 5 5 9 10 11 8 8 8 0 14 0 2 12
-79.66508796
ir-2421-a
C H H H O H O C Ir Ir
0 0 0 0 1 2 3 4 4 4 5 6 6 7 7 7 7 8 8 8 9 9
1 2 3 7 0 0 0 5 7 9 4 7 8 0 4 6 8 6 7 9 4 8
-46.93391847999999
os-3623-a
Os C H H Os H C H H H O O C Os Os
0 0 0 1 1 1 1 2 2 3 4 4 4 4 5 5 6 6 6 6 7 8 9 10 10 10 11 11 12 12 12 13 13 13 14 14 14 14
2 4 14 2 3 5 12 0 1 1 0 5 13 14 1 4 7 8 9 11 6 6 6 12 13 14 6 12 1 10 11 4 10 14 0 4 10 13
-63.64904390000004
pt-3621-a
C H H Pt H C H H O H C O Pt
0 0 0 0 1 2 3 3 4 4 5 5 5 5 6 7 8 8 9 10 10 10 11 11 12 12
1 2 4 5 0 0 4 12 0 3 0 6 7 10 5 5 9 10 8 5 8 11 10 12 3 11
-63.63296986
pt-2431-a
O H C H Pt H H O O C Pt
0 0 1 2 2 2 2 3 4 4 5 5 6 7 7 8 8 9 9 9 10 10
1 9 0 3 5 6 8 2 5 10 2 4 2 9 10 2 9 0 7 8 4 7
-53.60288158000003
pd-4826-a
C H H Pd H Pd C H H C H H Pd H C O O Pd
0 0 0 0 1 2 3 3 3 4 4 5 5 5 6 6 6 6 7 7 8 9 9 9 9 10 11 12 12 13 13 14 14 14 14 15 15 16 16 17 17 17 17 17
1 2 4 6 0 0 4 5 17 0 3 3 7 17 0 7 8 14 5 6 6 10 11 13 16 9 9 13 17 9 12 6 15 16 17 14 17 9 14 3 5 12 14 15
-80.16597512000001
au-4822-a
C H H H C H C H H H O H C O Au Au
0 0 0 0 1 2 3 4 4 4 4 5 6 6 6 6 7 8 9 10 10 10 11 12 12 12 13 13 14 14 15 15
1 2 3 4 0 0 0 0 5 6 12 4 4 7 8 9 6 6 6 11 12 15 10 4 10 13 12 14 13 15 10 14
-80.15031581000002
pd-1221-a
Pd C H O H O Pd
0 0 1 1 1 1 2 2 3 3 4 5 5 6 6 6
2 6 2 3 5 6 0 1 1 4 3 1 6 0 1 5
-30.115251099999995
pd-4833-a
C H H Pd H Pd Pd C H H C H H H O O O C Pd Pd
0 0 0 0 1 2 3 3 3 4 4 5 5 5 6 6 6 6 7 7 7 7 8 8 8 9 10 10 10 10 11 12 13 14 14 14 15 15 16 16 17 17 17 18 18 18 18 19 19 19 19 19
1 2 4 15 0 0 4 18 19 0 3 6 8 19 5 8 18 19 8 9 10 16 5 6 7 7 7 11 12 13 10 10 10 17 18 19 0 17 7 17 14 15 16 3 6 14 19 3 5 6 14 18
-86.70270588000002
au-2422-a
C H C H H Au H O O Au
0 0 0 1 2 2 2 2 3 4 5 5 6 6 7 7 8 8 9 9
1 7 8 0 3 4 6 8 2 2 6 9 2 5 0 9 0 2 5 7
-46.307343180000004
cd-1221-a
C H O H O Cd
0 0 0 1 2 2 3 4 4 5
1 2 4 0 0 3 2 0 5 4
-29.91911744
pd-4832-a
O H C H H H Pd Pd C H C H H H O O C Pd
0 0 1 2 2 2 2 3 4 5 6 6 6 7 7 7 8 8 8 8 9 9 9 10 10 10 10 11 12 13 14 14 15 15 16 16 16 16 17 17 17 17
1 16 0 3 4 5 8 2 2 2 7 9 17 6 9 17 2 9 10 15 6 7 8 8 11 12 13 10 10 10 16 17 8 16 0 14 15 17 6 7 14 16
-87.27926060000001
ni-3621-a
C H H H C H H O H C Ni O Ni
0 0 0 0 1 2 3 4 4 4 4 5 6 7 7 7 8 9 9 9 9 10 10 10 11 11 12 12
1 2 3 4 0 0 0 0 5 6 9 4 4 8 9 12 7 4 7 10 11 9 11 12 9 10 7 10
-63.66126269
ni-4821-a
C H H H C H H Ni C H H O H C O Ni
0 0 0 0 1 2 3 4 4 4 4 5 6 7 7 8 8 8 8 9 9 10 11 11 12 13 13 13 14 14 15 15
1 2 3 4 0 0 0 0 5 6 8 4 4 9 15 4 9 10 13 7 8 8 12 13 11 8 11 14 13 15 7 14
-80.41062376999997
pd-4822-a
C H H H C H C H H H O H C O Pd Pd
0 0 0 0 1 2 3 4 4 4 4 5 6 6 6 6 7 8 9 10 10 10 11 12 12 12 12 13 13 14 14 14 15 15
1 2 3 4 0 0 0 0 5 6 12 4 4 7 8 9 6 6 6 11 12 15 10 4 10 13 14 12 14 12 13 15 10 14
-80.33406213999999
ag-4831-a
O H Ag C H H C H H C H H H Ag O O C
0 0 1 2 2 3 3 3 3 4 4 5 6 6 6 6 7 8 9 9 9 9 10 11 12 13 13 13 14 14 15 15 16 16 16 16
1 16 0 4 13 4 5 6 15 2 3 3 3 7 8 9 6 6 6 10 11 12 9 9 9 2 14 16 13 16 3 16 0 13 14 15
-87.06868375000002
cu-3623-a
C H H Cu H C H H H O O C Cu Cu
0 0 0 0 1 2 3 3 3 4 4 5 5 5 5 6 7 8 9 9 9 10 10 11 11 11 12 12 12 13 13 13
1 2 4 11 0 0 4 12 13 0 3 6 7 8 10 5 5 5 11 12 13 5 11 0 9 10 3 9 13 3 9 12
-63.36938552999999
pt-4822-a
C H H H C H C H H H O H C O Pt Pt
0 0 0 0 1 2 3 4 4 4 4 5 6 6 6 6 7 8 9 10 10 10 11 12 12 12 12 13 13 14 14 14 15 15
1 2 3 4 0 0 0 0 5 6 12 4 4 7 8 9 6 6 6 11 12 15 10 4 10 13 14 12 14 12 13 15 10 14
-80.22509164000002
pt-3622-a
C H C H Pt H C H H H Pt O O
0 0 0 0 1 2 2 2 2 3 4 4 5 5 6 6 6 6 7 8 9 10 10 10 11 11 12 12
1 10 11 12 0 3 5 6 12 2 5 10 2 4 2 7 8 9 6 6 6 0 4 11 0 10 0 2
-63.18550591000002
zn-3631-a
O H C H H C H H H O O C Zn
0 0 1 2 2 2 2 3 4 5 5 5 5 6 7 8 9 9 10 10 11 11 11 12
1 11 0 3 4 5 10 2 2 2 6 7 8 5 5 5 11 12 2 11 0 9 10 9
-70.34381669
ir-4821-a
C H H H C H Ir H Ir C H H O H C O Ir
0 0 0 0 1 2 3 4 4 4 4 5 6 6 6 7 7 8 8 8 9 9 9 9 10 10 11 12 12 13 14 14 14 15 15 16 16 16
1 2 3 4 0 0 0 0 5 7 9 4 7 8 16 4 6 6 10 16 4 10 11 14 8 9 9 13 14 12 9 12 15 14 16 6 8 15
-80.34899545999997
au-3631-a
O H C H H C H H H O O C Au
0 0 1 2 2 2 2 3 4 5 5 5 5 6 7 8 9 9 10 10 11 11 11 12
1 11 0 3 4 5 10 2 2 2 6 7 8 5 5 5 11 12 2 11 0 9 10 9
-70.36747423
pd-4825-a
Pd C H H H C H Pd H C H H H C Pd O O
0 0 1 1 1 1 2 2 3 4 5 5 5 5 6 7 7 8 8 9 9 9 9 10 11 12 13 13 13 13 14 14 14 14 15 15 16 16
2 14 2 3 4 13 0 1 1 1 6 8 9 16 5 8 14 5 7 5 10 11 12 9 9 9 1 14 15 16 0 7 13 15 13 14 5 13
-80.25712182000004
ni-3623-a
C H H Ni H C H H H O O C Ni Ni
0 0 0 0 1 2 3 3 4 4 5 5 5 5 6 7 8 9 9 9 10 10 11 11 11 12 12 13 13 13
1 2 4 11 0 0 4 13 0 3 6 7 8 10 5 5 5 11 12 13 5 11 0 9 10 9 13 3 9 12
-63.50121122999997
rh-1231-a
O H Rh Rh Rh O H O C
0 0 1 2 2 2 3 3 3 4 4 4 4 5 5 6 6 6 6 7 7 8 8 8
1 8 0 3 4 6 2 4 6 2 3 6 7 6 8 2 3 4 5 4 8 0 5 7
-37.74508795000003
ni-4832-a
O H C H H H Ni C H C H H H O O C Ni
0 0 1 2 2 2 2 3 4 5 6 6 7 7 7 7 8 8 9 9 9 9 10 11 12 13 13 14 14 15 15 15 16 16
1 15 0 3 4 5 7 2 2 2 8 16 2 8 9 14 6 7 7 10 11 12 9 9 9 15 16 7 15 0 13 14 6 13
-87.25478841
os-4826-a
C H H Os H Os C H H C H H H C O O Os Os
0 0 0 0 1 2 3 3 3 4 4 5 5 5 5 6 6 6 6 7 7 8 9 9 9 9 10 11 12 13 13 13 14 14 14 15 15 16 16 16 16 17 17 17
1 2 4 6 0 0 4 5 16 0 3 3 7 16 17 0 7 8 13 5 6 6 10 11 12 15 9 9 9 6 14 15 13 16 17 9 13 3 5 14 17 5 14 16
-80.26850533000004
ir-4824-a
C H C H H H Ir C H C H H H O O Ir
0 0 0 1 2 2 2 2 3 4 5 6 6 7 7 7 7 8 8 9 9 9 9 10 11 12 13 13 14 14 15 15
1 13 14 0 3 4 5 7 2 2 2 8 15 2 8 9 14 6 7 7 10 11 12 9 9 9 0 15 0 7 6 13
-79.9575643
ag-1221-a
Ag C H O H O Ag
0 0 1 1 1 1 2 2 3 3 4 5 5 6 6 6
2 6 2 3 5 6 0 1 1 4 3 1 6 0 1 5
-29.97156671000002
ir-4822-a
C H H H C H C H H H O H C O Ir Ir
0 0 0 0 1 2 3 4 4 4 4 5 6 6 6 6 7 8 9 10 10 10 11 12 12 12 13 13 14 14 15 15
1 2 3 4 0 0 0 0 5 6 12 4 4 7 8 9 6 6 6 11 12 15 10 4 10 13 12 14 13 15 10 14
-80.27321979999999
ag-3622-a
C H C H Ag H C H H H Ag O O
0 0 0 0 1 2 2 2 2 3 4 4 5 5 6 6 6 6 7 8 9 10 10 10 11 11 12 12
1 10 11 12 0 3 5 6 12 2 5 10 2 4 2 7 8 9 6 6 6 0 4 11 0 10 0 2
-63.08457907000002
pt-4824-a
C H C H H H Pt C H C H H H O O Pt
0 0 0 1 2 2 2 2 3 4 5 6 6 7 7 7 7 8 8 9 9 9 9 10 11 12 13 13 14 14 15 15
1 13 14 0 3 4 5 7 2 2 2 8 15 2 8 9 14 6 7 7 10 11 12 9 9 9 0 15 0 7 6 13
-79.9687341
ni-1231-a
O H Ni Ni O H O C Ni
0 0 1 2 2 2 3 3 3 4 4 5 5 5 6 6 7 7 7 8 8 8
1 7 0 3 5 8 2 5 8 5 7 2 3 4 7 8 0 4 6 2 3 6
-37.745074629999976
pt-3632-a
C H H H C H Pt H H O O O C Pt
0 0 0 0 1 2 3 4 4 4 4 5 6 6 7 7 8 9 9 10 10 11 11 12 12 12 13 13
1 2 3 10 0 0 0 5 7 8 11 4 7 13 4 6 4 12 13 0 12 4 12 9 10 11 6 9
-69.87437239000002
zn-4823-a
C H C H H C H H C H H H O O
0 0 0 1 2 2 2 2 3 4 5 5 5 5 6 7 8 8 8 8 9 10 11 12 13 13
1 12 13 0 3 4 5 13 2 2 2 6 7 8 5 5 5 9 10 11 8 8 8 0 0 2
-79.70845410999999
os-4833-a
C H H Os H Os C H H C H H H O O O C
0 0 0 0 1 2 3 4 4 5 6 6 6 6 7 7 8 9 9 9 9 10 11 12 13 14 14 15 15 16 16 16
1 2 4 14 0 0 4 0 3 7 7 8 9 15 5 6 6 6 10 11 12 9 9 9 16 0 16 6 16 13 14 15
-86.52925955
ag-3621-a
C H H Ag H C H H O H C Ag O Ag
0 0 0 0 1 2 3 3 4 4 5 5 5 5 6 7 8 8 8 9 10 10 10 10 11 11 11 11 12 12 13 13
1 2 4 5 0 0 4 11 0 3 0 6 7 10 5 5 9 10 13 8 5 8 11 12 3 10 12 13 10 11 8 11
-63.56537298000001
rh-4823-a
C H C H Rh H Rh C H H C H H H Rh Rh O O
0 0 0 0 0 1 2 2 2 2 3 4 4 4 4 5 5 6 6 6 6 7 7 7 7 8 8 9 10 10 10 10 11 12 13 14 14 14 14 14 15 15 15 15 16 16 17 17
1 14 15 16 17 0 3 5 7 17 2 5 6 14 15 2 4 4 8 14 15 2 8 9 10 6 7 7 7 11 12 13 10 10 10 0 4 6 15 16 0 4 6 14 0 14 0 2
-79.92568484000003
au-4821-a
C H H H C H H Au C H H O H C O Au
0 0 0 0 1 2 3 4 4 4 4 5 6 7 7 8 8 8 8 9 9 10 11 11 12 13 13 13 14 14 15 15
1 2 3 4 0 0 0 0 5 6 8 4 4 9 15 4 9 10 13 7 8 8 12 13 11 8 11 14 13 15 7 14
-80.16632658
pd-4824-a
C H C H H H Pd C H C H H H O O Pd
0 0 0 1 2 2 2 2 3 4 5 6 6 7 7 7 7 8 8 9 9 9 9 10 11 12 13 13 14 14 15 15
1 13 14 0 3 4 5 7 2 2 2 8 15 2 8 9 14 6 7 7 10 11 12 9 9 9 0 15 0 7 6 13
-80.06511380999999
cu-3631-a
Cu O H C H H C H H H O O C Cu
0 0 1 1 2 2 3 3 3 3 4 5 6 6 6 6 7 8 9 10 10 11 11 12 12 12 12 13 13 13
2 13 2 12 0 1 4 5 6 11 3 3 3 7 8 9 6 6 6 12 13 3 12 1 10 11 13 0 10 12
-70.51455271
au-4824-a
C H C H H H Au C H C H H H O O Au
0 0 0 1 2 2 2 2 3 4 5 6 6 7 7 7 7 8 8 9 9 9 9 10 11 12 13 13 14 14 15 15
1 13 14 0 3 4 5 7 2 2 2 8 15 2 8 9 14 6 7 7 10 11 12 9 9 9 0 15 0 7 6 13
-79.88091416
au-2431-a
O H C H H H O O C Au
0 0 1 2 2 2 2 3 4 5 6 6 7 7 8 8 8 9
1 8 0 3 4 5 7 2 2 2 8 9 2 8 0 6 7 6
-53.538295480000016
rh-2422-a
C H C H H H O O Rh
0 0 0 0 1 2 2 2 2 3 4 5 6 6 7 7 8 8
1 6 7 8 0 3 4 5 7 2 2 2 0 8 0 2 0 6
-46.48303578000002
au-4831-a
O H Au C H H C H H C H H H O O C Au
0 0 1 2 2 3 3 3 3 4 4 5 6 6 6 6 7 8 9 9 9 9 10 11 12 13 13 14 14 15 15 15 16 16
1 15 0 4 16 4 5 6 14 2 3 3 3 7 8 9 6 6 6 10 11 12 9 9 9 15 16 3 15 0 13 14 2 13
-87.05780787
ru-4831-a
Ru Ru Ru O H C H H C H H C H H H O O C Ru Ru
0 0 0 0 1 1 1 1 1 1 2 2 2 2 2 3 3 4 4 4 4 5 5 5 5 6 7 8 8 8 8 9 10 11 11 11 11 12 13 14 15 15 15 15 16 16 17 17 17 18 18 18 18 19 19 19 19 19
1 2 4 19 0 2 4 15 18 19 0 1 4 18 19 4 17 0 1 2 3 6 7 8 16 5 5 5 9 10 11 8 8 8 12 13 14 11 11 11 1 17 18 19 5 17 3 15 16 1 2 15 19 0 1 2 15 18
-87.48944907999999
rh-3631-a
Rh O H C H H C H H H O O C Rh Rh Rh
0 0 0 1 1 2 2 3 3 3 3 4 5 6 6 6 6 7 8 9 10 10 10 10 11 11 12 12 12 12 13 13 13 13 14 14 14 15 15 15 15 15
2 13 15 2 12 0 1 4 5 6 11 3 3 3 7 8 9 6 6 6 12 13 14 15 3 12 1 10 11 15 0 10 14 15 10 13 15 0 10 12 13 14
-70.64414086
cd-4833-a
C H H H C H H C H H H O O O C
0 0 0 0 1 2 3 4 4 4 4 5 6 7 7 7 7 8 9 10 11 12 12 13 13 14 14 14
1 2 3 12 0 0 0 5 6 7 13 4 4 4 8 9 10 7 7 7 14 0 14 4 14 11 12 13
-86.45473562000001
os-3632-a
C H H Os H C H Os H H O O O C Os
0 0 0 0 1 2 3 3 4 4 5 5 5 5 6 7 7 8 8 9 10 10 11 11 12 12 13 13 13 13 14 14 14 14
1 2 4 11 0 0 4 14 0 3 6 8 9 12 5 8 14 5 7 5 13 14 0 13 5 13 10 11 12 14 3 7 10 13
-69.95508195000002
ru-1231-a
O H Ru Ru Ru O H O C
0 0 1 2 2 2 3 3 3 4 4 4 4 5 5 6 6 6 6 7 7 8 8 8
1 8 0 3 4 6 2 4 6 2 3 6 7 6 8 2 3 4 5 4 8 0 5 7
-37.82180746
rh-4824-a
C H C H H H Rh C H C H H H O O Rh
0 0 0 0 1 2 2 2 2 3 4 5 6 6 7 7 7 7 8 8 9 9 9 9 10 11 12 13 13 14 14 15 15 15
1 13 14 15 0 3 4 5 7 2 2 2 8 15 2 8 9 14 6 7 7 10 11 12 9 9 9 0 15 0 7 0 6 13
-80.02320280999999
ag-2422-a
C H C H H H Ag O O
0 0 0 0 1 2 2 2 2 3 4 5 6 6 7 7 8 8
1 6 7 8 0 3 4 5 8 2 2 2 0 7 0 6 0 2
-46.31388616000001
cd-4822-a
C H H H C H C H H H O H C O Cd Cd
0 0 0 0 1 2 3 4 4 4 4 5 6 6 6 6 7 8 9 10 10 10 11 12 12 12 13 13 14 14 15 15
1 2 3 4 0 0 0 0 5 6 12 4 4 7 8 9 6 6 6 11 12 15 10 4 10 13 12 14 13 15 10 14
-80.07408033000002
zn-3622-a
C H C H H C H H H O O Zn
0 0 0 1 2 2 2 2 3 4 5 5 5 5 6 7 8 9 9 10 10 11
1 9 10 0 3 4 5 10 2 2 2 6 7 8 5 5 5 0 11 0 2 9
-63.03523541999999
ru-4825-a
Ru C H H H C H Ru H C H H H C O O Ru
0 0 0 1 1 1 1 2 2 3 4 5 5 5 5 6 7 7 7 7 8 8 9 9 9 9 10 11 12 13 13 13 14 14 14 15 15 16 16 16
2 7 16 2 3 4 13 0 1 1 1 6 8 9 15 5 0 8 14 16 5 7 5 10 11 12 9 9 9 1 14 15 7 13 16 5 13 0 7 14
-80.27989398
pt-3623-a
C H H Pt H C H H H O O C Pt
0 0 0 0 1 2 3 3 4 4 5 5 5 5 6 7 8 9 9 10 10 11 11 11 12 12
1 2 4 11 0 0 4 12 0 3 6 7 8 10 5 5 5 11 12 5 11 0 9 10 3 9
-63.40807311000003
os-2431-a
O H C H H H O O C Os
0 0 1 2 2 2 2 3 4 5 6 6 7 7 8 8 8 8 9 9
1 8 0 3 4 5 7 2 2 2 8 9 2 8 0 6 7 9 6 8
-53.71638251000002
zn-4833-a
C H H H C H H C H H H O O O C
0 0 0 0 1 2 3 4 4 4 4 5 6 7 7 7 7 8 9 10 11 12 12 13 13 14 14 14
1 2 3 12 0 0 0 5 6 7 13 4 4 4 8 9 10 7 7 7 14 0 14 4 14 11 12 13
-86.49650284
pt-4821-a
C H H H C H H Pt C H H O H C O Pt
0 0 0 0 1 2 3 4 4 4 4 5 6 7 7 8 8 8 8 9 9 10 11 11 12 13 13 13 14 14 15 15
1 2 3 4 0 0 0 0 5 6 8 4 4 9 15 4 9 10 13 7 8 8 12 13 11 8 11 14 13 15 7 14
-80.30890671999998
ni-4824-a
C H C H H H Ni C H C H H H O O Ni
0 0 0 1 2 2 2 2 3 4 5 6 6 7 7 7 7 8 8 9 9 9 9 10 11 12 13 13 14 14 15 15
1 13 14 0 3 4 5 7 2 2 2 8 15 2 8 9 14 6 7 7 10 11 12 9 9 9 0 15 0 7 6 13
-80.03652210999996
zn-4832-a
O H C H H H C H C H H H O O C Zn
0 0 1 2 2 2 2 3 4 5 6 6 6 6 7 8 8 8 8 9 10 11 12 12 13 13 14 14 14 15
1 14 0 3 4 5 6 2 2 2 2 7 8 13 6 6 9 10 11 8 8 8 14 15 6 14 0 12 13 12
-87.05108951
ir-4833-a
C H H Ir H C H H C H H H O O O C
0 0 0 0 1 2 3 4 4 5 5 5 5 6 7 8 8 8 8 9 10 11 12 13 13 14 14 15 15 15
1 2 4 13 0 0 4 0 3 6 7 8 14 5 5 5 9 10 11 8 8 8 15 0 15 5 15 12 13 14
-86.58285942999998
ni-4822-a
C H H H C H C H H H O H C O Ni Ni
0 0 0 0 1 2 3 4 4 4 4 5 6 6 6 6 7 8 9 10 10 10 11 12 12 12 12 13 13 14 14 14 15 15
1 2 3 4 0 0 0 0 5 6 12 4 4 7 8 9 6 6 6 11 12 15 10 4 10 13 14 12 14 12 13 15 10 14
-80.31290581000002
ni-4833-a
C H H Ni H Ni C H H C H H H O O O C Ni
0 0 0 0 1 2 3 3 4 4 5 6 6 6 6 7 7 8 9 9 9 9 10 11 12 13 13 14 14 15 15 16 16 16 17 17
1 2 4 14 0 0 4 17 0 3 7 7 8 9 15 5 6 6 6 10 11 12 9 9 9 16 17 0 16 6 16 13 14 15 3 13
-86.65142431999999
ru-4832-a
O H C H H H Ru C H C H H H O O C Ru
0 0 1 2 2 2 2 3 4 5 6 6 7 7 7 7 8 8 9 9 9 9 10 11 12 13 13 14 14 15 15 15 15 16 16 16
1 15 0 3 4 5 7 2 2 2 8 16 2 8 9 14 6 7 7 10 11 12 9 9 9 15 16 7 15 0 13 14 16 6 13 15
-87.26635991
cu-4821-a
C H H H C H Cu H Cu C H H O H C O Cu
0 0 0 0 1 2 3 4 4 4 4 5 6 6 6 7 7 8 8 8 9 9 9 9 10 10 11 12 12 13 14 14 14 15 15 16 16 16
1 2 3 4 0 0 0 0 5 7 9 4 7 8 16 4 6 6 10 16 4 10 11 14 8 9 9 13 14 12 9 12 15 14 16 6 8 15
-80.25721585
ag-3623-a
C H H Ag H C H H H O O C Ag
0 0 0 0 1 2 3 3 4 4 5 5 5 5 6 7 8 9 9 10 10 11 11 11 12 12
1 2 4 11 0 0 4 12 0 3 6 7 8 10 5 5 5 11 12 5 11 0 9 10 3 9
-63.292863900000015
ru-2421-a
C H H H Ru O H O C Ru
0 0 0 0 1 2 3 4 4 4 4 5 5 5 5 6 6 7 7 8 8 8 8 9 9 9
1 2 3 8 0 0 0 5 6 8 9 4 6 8 9 4 5 8 9 0 4 5 7 4 5 7
-47.14299953
cu-4832-a
O H C H H H Cu C H C H H H O O C Cu
0 0 1 2 2 2 2 3 4 5 6 6 7 7 7 7 8 8 9 9 9 9 10 11 12 13 13 14 14 15 15 15 16 16
1 15 0 3 4 5 7 2 2 2 8 16 2 8 9 14 6 7 7 10 11 12 9 9 9 15 16 7 15 0 13 14 6 13
-87.17212778999999
ni-4823-a
C H C H H C H H C H H H Ni O O
0 0 0 0 1 2 2 2 2 3 4 5 5 5 5 6 7 8 8 8 8 9 10 11 12 12 13 13 14 14
1 12 13 14 0 3 4 5 14 2 2 2 6 7 8 5 5 5 9 10 11 8 8 8 0 13 0 12 0 2
-79.93546857000001
ru-3621-a
C H H H C H H Ru O H C O Ru
0 0 0 0 1 2 3 4 4 4 4 5 6 7 7 7 7 8 8 8 8 9 9 10 10 10 10 10 11 11 12 12 12 12
1 2 3 4 0 0 0 0 5 6 10 4 4 8 9 10 12 7 9 10 12 7 8 4 7 8 11 12 10 12 7 8 10 11
-63.77304134000002
zn-1221-a
C H O H O Zn
0 0 0 1 2 2 3 4 4 5
1 2 4 0 0 3 2 0 5 4
-29.941851509999992
ag-3632-a
C H H H C H Ag H H O O O C Ag
0 0 0 0 1 2 3 4 4 4 4 5 6 6 7 7 8 9 9 10 10 11 11 12 12 12 13 13
1 2 3 10 0 0 0 5 7 8 11 4 7 13 4 6 4 12 13 0 12 4 12 9 10 11 6 9
-69.79534452000001
ni-3632-a
C H H H C H Ni H H O O O C Ni
0 0 0 0 1 2 3 4 4 4 4 5 6 6 7 7 8 9 9 10 10 11 11 12 12 12 13 13
1 2 3 10 0 0 0 5 7 8 11 4 7 13 4 6 4 12 13 0 12 4 12 9 10 11 6 9
-69.95655206999999
cu-4823-a
C H C H H C H H C H H H Cu O O
0 0 0 0 1 2 2 2 2 3 4 5 5 5 5 6 7 8 8 8 8 9 10 11 12 12 13 13 14 14
1 12 13 14 0 3 4 5 14 2 2 2 6 7 8 5 5 5 9 10 11 8 8 8 0 13 0 12 0 2
-79.80174568000001
cd-4824-a
C H C H H H Cd C H C H H H O O Cd
0 0 0 1 2 2 2 2 3 4 5 6 6 7 7 7 7 8 8 9 9 9 9 10 11 12 13 13 14 14 15 15
1 13 14 0 3 4 5 7 2 2 2 8 15 2 8 9 14 6 7 7 10 11 12 9 9 9 0 15 0 7 6 13
-79.80323476000001
cd-4821-a
C H H H C H H C H H O H C O Cd
0 0 0 0 1 2 3 4 4 4 4 5 6 7 7 7 7 8 9 10 10 11 12 12 12 13 13 14
1 2 3 4 0 0 0 0 5 6 7 4 4 4 8 9 12 7 7 11 12 10 7 10 13 12 14 13
-80.08950754
ag-4825-a
Ag C H H H C H Ag H C H H H C O O Ag
0 0 1 1 1 1 2 2 3 4 5 5 5 5 6 7 7 8 8 9 9 9 9 10 11 12 13 13 13 14 14 15 15 16 16 16
2 16 2 3 4 13 0 1 1 1 6 8 9 15 5 8 16 5 7 5 10 11 12 9 9 9 1 14 15 13 16 5 13 0 7 14
-80.05415771
ru-4826-a
C H H Ru H Ru C H H C H H H C O O Ru Ru Ru
0 0 0 0 1 2 3 3 3 3 4 4 5 5 5 5 5 6 6 6 6 7 7 8 9 9 9 9 10 11 12 13 13 13 14 14 14 14 15 15 16 16 16 16 16 17 17 17 17 18 18 18 18 18
1 2 4 6 0 0 4 5 16 18 0 3 3 7 16 17 18 0 7 8 13 5 6 6 10 11 12 15 9 9 9 6 14 15 13 16 17 18 9 13 3 5 14 17 18 5 14 16 18 3 5 14 16 17
-80.19715779
pt-4833-a
C H H Pt H Pt C H H C H H H O O O C
0 0 0 0 1 2 3 4 4 5 6 6 6 6 7 7 8 9 9 9 9 10 11 12 13 14 14 15 15 16 16 16
1 2 4 14 0 0 4 0 3 7 7 8 9 15 5 6 6 6 10 11 12 9 9 9 16 0 16 6 16 13 14 15
-86.62792654999998
os-3621-a
C H H H C H H Os O H C O Os
0 0 0 0 1 2 3 4 4 4 4 5 6 7 7 7 7 8 8 8 8 9 9 10 10 10 10 11 11 12 12 12
1 2 3 4 0 0 0 0 5 6 10 4 4 8 9 10 12 7 9 10 12 7 8 4 7 8 11 10 12 7 8 11
-63.83399673000008
cu-3622-a
C H C H Cu H C H H H Cu O O
0 0 0 0 1 2 2 2 2 3 4 4 5 5 6 6 6 6 7 8 9 10 10 10 11 11 12 12
1 10 11 12 0 3 5 6 12 2 5 10 2 4 2 7 8 9 6 6 6 0 4 11 0 10 0 2
-63.13484338000001
zn-2422-a
C H C H H H O O Zn
0 0 0 1 2 2 2 2 3 4 5 6 6 7 7 8
1 6 7 0 3 4 5 7 2 2 2 0 8 0 2 6
-46.25983622
ag-2431-a
O H C H Ag H H O O C Ag
0 0 1 2 2 2 2 3 4 4 5 5 6 7 7 8 8 9 9 9 10 10
1 9 0 3 5 6 8 2 5 10 2 4 2 9 10 2 9 0 7 8 4 7
-53.5436067
ag-4823-a
C H C H Ag H Ag C H H C H H H Ag O O
0 0 0 0 1 2 2 2 2 3 4 4 4 5 5 6 6 7 7 7 7 8 8 9 10 10 10 10 11 12 13 14 14 14 15 15 16 16
1 14 15 16 0 3 5 7 16 2 5 6 14 2 4 4 8 2 8 9 10 6 7 7 7 11 12 13 10 10 10 0 4 15 0 14 0 2
-79.74736821000002
cd-4825-a
C H H H C H Cd H C H H H C O O Cd
0 0 0 0 1 2 3 4 4 4 4 5 6 6 7 7 8 8 8 8 9 10 11 12 12 12 13 13 14 14 15 15
1 2 3 12 0 0 0 5 7 8 14 4 7 15 4 6 4 9 10 11 8 8 8 0 13 14 12 15 4 12 6 13
-79.95899725999999
ir-4825-a
Ir C H H H C H H C H H H C O O Ir
0 0 1 1 1 1 2 2 3 4 5 5 5 5 6 7 8 8 8 8 9 10 11 12 12 12 13 13 14 14 15 15
2 15 2 3 4 12 0 1 1 1 6 7 8 14 5 5 5 9 10 11 8 8 8 1 13 14 12 15 5 12 0 13
-80.21265068999998
ni-2422-a
C H C H H H O O Ni
0 0 0 0 1 2 2 2 2 3 4 5 6 6 7 7 8 8
1 6 7 8 0 3 4 5 7 2 2 2 0 8 0 2 0 6
-46.47635681999998
ir-1231-a
O H Ir Ir O H O C Ir
0 0 1 2 2 2 3 3 3 4 4 5 5 5 6 6 7 7 7 8 8 8
1 7 0 3 5 8 2 5 8 5 7 2 3 4 7 8 0 4 6 2 3 6
-37.727785479999966
pd-4821-a
Pd C H H H C H Pd H Pd C H H O H C O Pd
0 0 1 1 1 1 2 2 3 4 5 5 5 5 6 7 7 7 7 7 8 8 9 9 9 10 10 10 10 11 11 11 12 13 13 14 15 15 15 16 16 17 17 17
2 7 2 3 4 5 0 1 1 1 1 6 8 10 5 0 8 9 11 17 5 7 7 11 17 5 11 12 15 7 9 10 10 14 15 13 10 13 16 15 17 7 9 16
-80.41757289
ru-3623-a
C H H Ru H C H H H O O C Ru Ru
0 0 0 0 1 2 3 3 3 4 4 5 5 5 5 6 7 8 9 9 9 10 10 11 11 11 12 12 12 13 13 13
1 2 4 11 0 0 4 12 13 0 3 6 7 8 10 5 5 5 11 12 13 5 11 0 9 10 3 9 13 3 9 12
-63.56675796000002
rh-4822-a
C H H H C H C H H H O H C O Rh Rh
0 0 0 0 1 2 3 4 4 4 4 5 6 6 6 6 7 8 9 10 10 10 11 12 12 12 12 13 13 14 14 14 15 15
1 2 3 4 0 0 0 0 5 6 12 4 4 7 8 9 6 6 6 11 12 15 10 4 10 13 14 12 14 12 13 15 10 14
-80.32090054000003
ru-1221-a
Ru C H O H O Ru
0 0 1 1 1 1 2 2 3 3 4 5 5 6 6 6
2 6 2 3 5 6 0 1 1 4 3 1 6 0 1 5
-30.198467180000023
zn-1231-a
O H Zn O H O C Zn
0 0 1 2 2 3 3 4 4 5 5 6 6 6 7 7
1 6 0 4 7 4 6 2 3 6 7 0 3 5 2 5
-37.4337776
ag-4824-a
C H C H H H Ag C H C H H H O O Ag
0 0 0 1 2 2 2 2 3 4 5 6 6 7 7 7 7 8 8 9 9 9 9 10 11 12 13 13 14 14 15 15
1 13 14 0 3 4 5 7 2 2 2 8 15 2 8 9 14 6 7 7 10 11 12 9 9 9 0 15 0 7 6 13
-79.88133647000001
pt-1221-a
Pt C H O H O Pt
0 0 1 1 1 1 2 2 3 3 4 5 5 6 6 6
2 6 2 3 5 6 0 1 1 4 3 1 6 0 1 5
-30.069304620000025
au-3623-a
C H H H C H H H O O C Au
0 0 0 0 1 2 3 4 4 4 4 5 6 7 8 8 9 9 10 10 10 11
1 2 3 10 0 0 0 5 6 7 9 4 4 4 10 11 4 10 0 8 9 8
-63.26146422000002
cu-1221-a
Cu C H O H O Cu
0 0 1 1 1 1 2 2 3 3 4 5 5 6 6 6
2 6 2 3 5 6 0 1 1 4 3 1 6 0 1 5
-30.028176650000006
pd-2421-a
C H H Pd H O H Pd O C Pd
0 0 0 0 1 2 3 3 3 3 4 4 5 5 5 6 7 7 7 7 8 8 9 9 9 9 9 10 10 10
1 2 4 9 0 0 4 7 9 10 0 3 6 9 10 5 3 8 9 10 7 9 0 3 5 7 8 3 5 7
-47.02353381999998
pt-4826-a
C H H Pt H Pt C H H C H H H C O O Pt
0 0 0 0 1 2 3 3 3 4 4 5 5 5 6 6 6 6 7 7 8 9 9 9 9 10 11 12 13 13 13 13 14 14 15 15 16 16 16 16
1 2 4 6 0 0 4 5 16 0 3 3 7 16 0 7 8 13 5 6 6 10 11 12 15 9 9 9 6 14 15 16 13 16 9 13 3 5 13 14
-80.07474098
ag-4822-a
C H H H C H C H H H O H C O Ag Ag
0 0 0 0 1 2 3 4 4 4 4 5 6 6 6 6 7 8 9 10 10 10 11 12 12 12 13 13 14 14 15 15
1 2 3 4 0 0 0 0 5 6 12 4 4 7 8 9 6 6 6 11 12 15 10 4 10 13 12 14 13 15 10 14
-80.16447893
rh-2431-a
O H C H Rh H H O O C Rh
0 0 1 2 2 2 2 3 4 4 5 5 6 7 7 8 8 9 9 9 9 10 10 10
1 9 0 3 5 6 8 2 5 10 2 4 2 9 10 2 9 0 7 8 10 4 7 9
-53.64765040999998
pt-4831-a
Pt Pt O H C H H C H H C H H H Pt O O C
0 0 0 1 1 1 2 2 3 3 3 4 4 4 4 5 6 7 7 7 7 8 9 10 10 10 10 11 12 13 14 14 14 14 15 15 16 16 17 17 17 17
1 3 14 0 3 14 3 17 0 1 2 5 6 7 16 4 4 4 8 9 10 7 7 7 11 12 13 10 10 10 0 1 15 17 14 17 4 17 2 14 15 16
-87.23555663000002
ru-4824-a
C H C H H H Ru C H C H H H O O Ru
0 0 0 0 1 2 2 2 2 3 4 5 6 6 7 7 7 7 8 8 9 9 9 9 10 11 12 13 13 14 14 15 15 15
1 13 14 15 0 3 4 5 7 2 2 2 8 15 2 8 9 14 6 7 7 10 11 12 9 9 9 0 15 0 7 0 6 13
-80.04665207
rh-1221-a
Rh C H O H O Rh
0 0 1 1 1 1 2 2 3 3 4 5 5 6 6 6
2 6 2 3 5 6 0 1 1 4 3 1 6 0 1 5
-30.140664300000026
cu-4826-a
C H H Cu H Cu C H H C H H H C O O Cu
0 0 0 0 1 2 3 3 3 4 4 5 5 5 6 6 6 6 7 7 8 9 9 9 9 10 11 12 13 13 13 14 14 15 15 16 16 16
1 2 4 6 0 0 4 5 16 0 3 3 7 16 0 7 8 13 5 6 6 10 11 12 15 9 9 9 6 14 15 13 16 9 13 3 5 14
-80.030103
ni-2421-a
C H H Ni H O H O C Ni
0 0 0 0 1 2 3 3 4 4 5 5 6 7 7 8 8 8 9 9
1 2 4 8 0 0 4 9 0 3 6 8 5 8 9 0 5 7 3 7
-47.08158473999998
ru-4822-a
C H H H C H C H H H Ru O H C O Ru
0 0 0 0 1 2 3 4 4 4 4 5 6 6 6 6 7 8 9 10 10 10 10 11 11 11 11 12 12 13 13 13 13 14 14 15 15 15
1 2 3 4 0 0 0 0 5 6 13 4 4 7 8 9 6 6 6 11 12 13 15 10 12 13 15 10 11 4 10 11 14 13 15 10 11 14
-80.45882190999998
cu-4824-a
C H C H H H Cu C H C H H H O O Cu
0 0 0 1 2 2 2 2 3 4 5 6 6 7 7 7 7 8 8 9 9 9 9 10 11 12 13 13 14 14 15 15
1 13 14 0 3 4 5 7 2 2 2 8 15 2 8 9 14 6 7 7 10 11 12 9 9 9 0 15 0 7 6 13
-79.92801011
pt-1231-a
O H Pt Pt O H O C Pt
0 0 1 2 2 2 3 3 3 4 4 5 5 5 6 6 7 7 7 8 8 8
1 7 0 3 5 8 2 5 8 5 7 2 3 4 7 8 0 4 6 2 3 6
-37.615594180000016
pt-2421-a
C H H H O H O C Pt Pt
0 0 0 0 1 2 3 4 4 4 5 6 6 7 7 7 8 8 9 9
1 2 3 7 0 0 0 5 7 9 4 7 8 0 4 6 6 9 4 8
-46.93698347000003
ir-4831-a
Ir Ir O H C H H C H H C H H H O O C Ir
0 0 0 1 1 1 2 2 3 3 3 4 4 4 4 5 6 7 7 7 7 8 9 10 10 10 10 11 12 13 14 14 15 15 16 16 16 17 17 17
1 3 17 0 3 17 3 16 0 1 2 5 6 7 15 4 4 4 8 9 10 7 7 7 11 12 13 10 10 10 16 17 4 16 2 14 15 0 1 14
-87.44394176999998
ir-3632-a
C H H Ir H C H Ir H H O O O C Ir
0 0 0 0 1 2 3 3 4 4 5 5 5 5 6 7 7 8 8 9 10 10 11 11 12 12 13 13 13 14 14 14
1 2 4 11 0 0 4 14 0 3 6 8 9 12 5 8 14 5 7 5 13 14 0 13 5 13 10 11 12 3 7 10
-69.86364753999999
os-4831-a
Os Os O H C H H C H H C H H H O O C Os
0 0 0 1 1 1 2 2 3 3 3 4 4 4 4 5 6 7 7 7 7 8 9 10 10 10 10 11 12 13 14 14 15 15 16 16 16 17 17 17
1 3 17 0 3 17 3 16 0 1 2 5 6 7 15 4 4 4 8 9 10 7 7 7 11 12 13 10 10 10 16 17 4 16 2 14 15 0 1 14
-87.60604105000004
os-4822-a
C H H H C H C H H H Os O H C O Os
0 0 0 0 1 2 3 4 4 4 4 5 6 6 6 6 7 8 9 10 10 10 11 11 11 12 12 13 13 13 14 14 15 15
1 2 3 4 0 0 0 0 5 6 13 4 4 7 8 9 6 6 6 11 12 15 10 12 13 10 11 4 11 14 13 15 10 14
-80.5275485200001
os-1221-a
Os C H O H O Os
0 0 1 1 1 1 2 2 3 3 4 5 5 6 6 6
2 6 2 3 5 6 0 1 1 4 3 1 6 0 1 5
-30.268471500000032
ru-2431-a
O H C H Ru H H O O C Ru
0 0 1 2 2 2 2 3 4 4 5 5 6 7 7 8 8 9 9 9 9 10 10 10
1 9 0 3 5 6 8 2 5 10 2 4 2 9 10 2 9 0 7 8 10 4 7 9
-53.68217286999999
cu-2421-a
C H H H O H Cu O C Cu
0 0 0 0 1 2 3 4 4 4 5 6 6 6 7 7 8 8 8 8 9 9
1 2 3 8 0 0 0 5 8 9 4 7 8 9 6 8 0 4 6 7 4 6
-46.931346709999985
rh-3632-a
C H H Rh Rh H C H Rh H H O O O C Rh
0 0 0 0 1 2 3 3 3 3 4 4 4 5 5 5 6 6 6 6 7 8 8 8 9 9 10 11 11 12 12 13 13 14 14 14 15 15 15 15
1 2 5 12 0 0 4 5 8 15 3 5 15 0 3 4 7 9 10 13 6 3 9 15 6 8 6 14 15 0 14 6 14 11 12 13 3 4 8 11
-69.93787147
pt-3631-a
Pt O H C H H C H H H O O C Pt
0 0 1 1 2 2 3 3 3 3 4 5 6 6 6 6 7 8 9 10 10 11 11 12 12 12 12 13 13 13
2 13 2 12 0 1 4 5 6 11 3 3 3 7 8 9 6 6 6 12 13 3 12 1 10 11 13 0 10 12
-70.56327464999998
zn-4822-a
C H H H C H C H H H O H C O
0 0 0 0 1 2 3 4 4 4 4 5 6 6 6 6 7 8 9 10 10 11 12 12 12 13
1 2 3 4 0 0 0 0 5 6 12 4 4 7 8 9 6 6 6 11 12 10 4 10 13 12
-80.09717726
cd-3623-a
C H H H C H H H O O C Cd
0 0 0 0 1 2 3 4 4 4 4 5 6 7 8 8 9 9 10 10 10 11
1 2 3 10 0 0 0 5 6 7 9 4 4 4 10 11 4 10 0 8 9 8
-63.195659909999996
au-3621-a
C H H Au H C H H O H C O
0 0 0 0 1 2 3 4 4 5 5 5 5 6 7 8 8 9 10 10 10 11
1 2 4 5 0 0 4 0 3 0 6 7 10 5 5 9 10 8 5 8 11 10
-63.56174417
pd-3622-a
C H C H Pd H C H H H Pd Pd O O
0 0 0 0 0 1 2 2 2 2 3 4 4 4 5 5 6 6 6 6 7 8 9 10 10 10 11 11 11 11 12 12 13 13
1 10 11 12 13 0 3 5 6 13 2 5 10 11 2 4 2 7 8 9 6 6 6 0 4 11 0 4 10 12 0 11 0 2
-63.27046500000003
ni-3622-a
C H C H H C H H H Ni Ni O O
0 0 0 0 0 1 2 2 2 2 3 4 5 5 5 5 6 7 8 9 9 10 10 10 11 11 12 12
1 9 10 11 12 0 3 4 5 12 2 2 2 6 7 8 5 5 5 0 10 0 9 11 0 10 0 2
-63.250849019999976
rh-4821-a
C H H H C H Rh H Rh C H H O H C O Rh
0 0 0 0 1 2 3 4 4 4 4 5 6 6 6 7 7 8 8 8 9 9 9 9 10 10 11 12 12 13 14 14 14 15 15 16 16 16
1 2 3 4 0 0 0 0 5 7 9 4 7 8 16 4 6 6 10 16 4 10 11 14 8 9 9 13 14 12 9 12 15 14 16 6 8 15
-80.39962186000002
pt-4832-a
O H C H H H Pt C H C H H H O O C Pt
0 0 1 2 2 2 2 3 4 5 6 6 7 7 7 7 8 8 9 9 9 9 10 11 12 13 13 14 14 15 15 15 16 16
1 15 0 3 4 5 7 2 2 2 8 16 2 8 9 14 6 7 7 10 11 12 9 9 9 15 16 7 15 0 13 14 6 13
-87.18758285000001
os-4832-a
O H C H H H Os C H C H H H O O C Os
0 0 1 2 2 2 2 3 4 5 6 6 7 7 7 7 8 8 9 9 9 9 10 11 12 13 13 14 14 15 15 15 15 16 16 16
1 15 0 3 4 5 7 2 2 2 8 16 2 8 9 14 6 7 7 10 11 12 9 9 9 15 16 7 15 0 13 14 16 6 13 15
-87.32232084000009
ru-4823-a
Ru C H C H Ru H C H H C H H H Ru Ru O O
0 0 0 0 1 1 1 1 1 2 2 3 3 3 3 4 5 5 5 5 5 6 6 7 7 7 7 8 9 10 10 10 10 11 12 13 14 14 14 14 14 15 15 15 15 16 16 16 17 17
2 5 14 15 2 14 15 16 17 0 1 4 6 7 17 3 0 6 14 15 16 3 5 3 8 9 10 7 7 7 11 12 13 10 10 10 0 1 5 15 16 0 1 5 14 1 5 14 1 3
-79.93640421000003
pt-2422-a
C H C H H H Pt O O
0 0 0 0 1 2 2 2 2 3 4 5 6 6 7 7 8 8
1 6 7 8 0 3 4 5 8 2 2 2 0 7 0 6 0 2
-46.40658718999998
zn-3621-a
C H H H C H H O H C O
0 0 0 0 1 2 3 4 4 4 4 5 6 7 7 8 9 9 9 10
1 2 3 4 0 0 0 0 5 6 9 4 4 8 9 7 4 7 10 9
-63.508707599999994
