ir-2422-a
Ir C H C H H H O O Ir Ir Ir Ir
0 1 1 1 2 2 3 3 3 3 4 5 6 7 7 7 7 7 8 8 9 10 11 12
2 2 7 8 0 1 4 5 6 8 3 3 3 1 9 10 11 12 1 3 7 7 7 7
-46.50255615999998
zn-4825-a
Zn C H H H C H Zn H C H H H C O O Zn
0 1 1 1 1 2 2 3 4 5 5 5 5 6 7 8 8 9 9 9 9 10 11 12 13 13 13 14 14 15 15 16
2 2 3 4 13 0 1 1 1 6 8 9 15 5 8 5 7 5 10 11 12 9 9 9 1 14 15 13 16 5 13 14
-79.98758742999999
au-4833-a
C H H Au H Au Au C H H C H H H Au O O O C Au
0 0 0 0 1 2 3 4 4 5 6 7 7 7 7 8 8 8 9 10 10 10 10 11 12 13 14 15 15 16 16 17 17 18 18 18 18 19
1 2 4 16 0 0 4 0 3 8 8 8 9 10 17 5 6 7 7 7 11 12 13 10 10 10 18 18 19 0 18 7 18 14 15 16 17 15
-86.56279899
ag-4821-a
Ag Ag Ag C H H H C H H Ag C H H O H C O Ag
0 1 1 1 2 3 3 3 3 4 4 4 4 5 6 7 7 7 7 8 9 9 10 11 11 11 11 12 12 12 13 14 14 15 16 16 16 17 17 18
4 4 9 12 4 4 5 6 7 0 1 2 3 3 3 3 8 9 11 7 1 7 12 7 12 13 16 1 10 11 11 15 16 14 11 14 17 16 18 17
-80.18027792000001
cd-4826-a
C H H Cd H Cd C H H C H H Cd H C O O Cd
0 0 0 0 1 2 3 4 4 5 6 6 6 6 7 7 8 9 9 9 9 10 11 12 13 13 14 14 14 14 15 15 16 16 17 17
1 2 4 6 0 0 4 0 3 7 0 7 8 14 5 6 6 10 11 13 16 9 9 13 9 12 6 15 16 17 14 17 9 14 14 15
-79.84515865
rh-3621-a
C H H Rh H Rh C H H O H C Rh O Rh Rh
0 0 0 0 1 2 3 3 4 4 5 5 5 5 6 6 6 6 7 7 8 9 9 9 9 9 10 11 11 11 11 11 12 12 12 13 13 13 13 13 14 15
1 2 4 6 0 0 4 13 0 3 7 9 11 13 0 7 8 11 5 6 6 5 10 11 12 15 9 5 6 9 12 13 9 11 13 3 5 11 12 14 13 9
-63.66949374000001
cu-4833-a
C H H Cu H Cu Cu C H H C H H H Cu O O O C Cu
0 0 0 0 1 2 3 4 4 5 6 6 7 7 7 7 8 8 8 9 10 10 10 10 11 12 13 14 14 15 15 15 15 16 16 17 17 18 18 18 18 19
1 2 4 16 0 0 4 0 3 8 8 15 8 9 10 17 5 6 7 7 7 11 12 13 10 10 10 15 18 6 14 18 19 0 18 7 18 14 15 16 17 15
-86.58787065000001
cu-2431-a
O H C H Cu H H Cu Cu O O C Cu
0 0 0 0 1 2 2 2 2 3 4 5 5 6 7 7 8 8 9 9 10 10 11 11 11 11 11 12
1 7 11 12 0 3 5 6 10 2 5 2 4 2 0 11 9 11 8 11 2 11 0 7 8 9 10 0
-53.57757505999999
zn-4824-a
C H C H H H Zn C H C H H H O O Zn
0 0 0 1 2 2 2 2 3 4 5 6 7 7 7 7 8 8 9 9 9 9 10 11 12 13 13 14 14 15
1 13 14 0 3 4 5 7 2 2 2 8 2 8 9 14 6 7 7 10 11 12 9 9 9 0 15 0 7 13
-79.83122967
cu-4831-a
Cu Cu O H Cu C H H C H H C H H Cu H O O C Cu Cu Cu
0 1 1 2 2 2 3 3 3 4 4 5 5 5 5 6 6 7 8 8 8 8 9 10 11 11 11 11 12 13 14 15 15 16 16 16 16 16 17 17 18 18 18 19 20 21
3 2 3 1 3 18 0 1 2 6 16 6 7 8 17 4 5 5 5 9 10 11 8 8 8 12 13 15 11 11 15 11 14 4 18 19 20 21 5 18 2 16 17 16 16 16
-87.18622488
ni-4826-a
C H H Ni H Ni C H H C H H Ni H C O O Ni Ni Ni
0 0 0 0 1 2 3 4 4 5 6 6 6 6 7 7 8 9 9 9 9 10 11 12 12 13 13 14 14 14 15 15 15 15 15 16 16 17 18 19
1 2 4 6 0 0 4 0 3 7 0 7 8 14 5 6 6 10 11 13 16 9 9 13 15 9 12 6 15 16 12 14 17 18 19 9 14 15 15 15
-80.15945083999998
pd-3631-a
Pd Pd Pd O H Pd C H H C H H H Pd O O C Pd
0 0 1 1 2 3 3 3 4 4 4 4 5 5 6 6 6 6 7 7 8 9 9 9 9 10 11 12 13 14 14 14 14 15 15 16 16 16 16 17
3 4 4 14 4 0 4 16 0 1 2 3 7 14 7 8 9 15 5 6 6 6 10 11 12 9 9 9 16 1 5 16 17 6 16 3 13 14 15 14
-70.61091976999998
cd-2421-a
C H H Cd H O H Cd O C Cd
0 0 0 0 1 2 3 4 4 5 5 5 6 7 7 8 8 9 9 9 9 10
1 2 4 9 0 0 4 0 3 6 9 10 5 8 9 7 9 0 5 7 8 5
-46.81795967
ni-2431-a
O H C H Ni H H Ni O O C Ni Ni
0 0 1 2 2 2 2 3 4 4 5 5 6 7 8 8 8 8 9 9 10 10 10 10 11 12
1 10 0 3 5 6 9 2 5 8 2 4 2 10 4 10 11 12 2 10 0 7 8 9 8 8
-53.63756196999998
cu-4825-a
Cu C H H H C H Cu H C H H H C O O Cu Cu
0 1 1 1 1 2 2 3 4 5 5 5 5 6 7 7 8 8 9 9 9 9 10 11 12 13 13 13 13 14 14 14 14 15 15 16 17 17
2 2 3 4 13 0 1 1 1 6 8 9 15 5 8 14 5 7 5 10 11 12 9 9 9 1 14 15 17 7 13 16 17 5 13 14 13 14
-80.12788867
au-1231-a
O H Au Au Au O H O C
0 0 1 2 3 4 4 5 5 6 6 6 6 7 7 8 8 8
1 8 0 6 6 6 7 6 8 2 3 4 5 4 8 0 5 7
-37.406249340000016
os-2422-a
Os C H C H H H O O Os Os Os Os Os
0 1 1 1 2 2 3 3 3 3 4 5 6 7 7 7 7 7 7 8 8 9 10 11 12 13
2 2 7 8 0 1 4 5 6 8 3 3 3 1 9 10 11 12 13 1 3 7 7 7 7 7
-46.65502579000008
rh-3622-a
Rh Rh C H C H Rh H C H H H Rh O O Rh
0 1 1 1 2 2 2 2 2 3 3 3 4 4 4 4 5 6 6 7 7 8 8 8 8 9 10 11 12 12 13 13 13 13 13 14 14 15
3 2 3 13 1 3 12 13 14 0 1 2 5 7 8 14 4 7 13 4 6 4 9 10 11 8 8 8 2 13 1 2 6 12 15 2 4 13
-63.25614809000001
zn-2421-a
C H H H O H O C Zn
0 0 0 0 1 2 3 4 4 5 6 6 7 7 7 8
1 2 3 7 0 0 0 5 7 4 7 8 0 4 6 6
-46.8400664
zn-2431-a
O H C H H H O O C Zn
0 0 1 2 2 2 2 3 4 5 6 6 7 7 8 8 8 9
1 8 0 3 4 5 7 2 2 2 8 9 2 8 0 6 7 6
-53.497898379999995
pt-4823-a
Pt C H C H Pt H Pt C H H Pt C H H H Pt Pt O O
0 1 1 1 1 1 2 2 3 3 3 3 4 5 5 6 6 7 8 8 8 8 9 9 10 11 12 12 12 12 13 13 14 15 16 16 17 18 18 18 19 19
2 2 16 17 18 19 0 1 4 6 8 19 3 6 18 3 5 9 3 9 10 12 7 8 8 13 8 13 14 15 11 12 12 12 1 18 1 1 5 16 1 3
-79.86033599000001
os-3622-a
Os Os C H C H Os H C H H H Os O O Os Os
0 1 1 1 2 2 2 2 2 3 3 3 4 4 4 4 5 6 6 7 7 8 8 8 8 9 10 11 12 12 13 13 13 13 13 13 14 14 15 16
3 2 3 13 1 3 12 13 14 0 1 2 5 7 8 14 4 7 13 4 6 4 9 10 11 8 8 8 2 13 1 2 6 12 15 16 2 4 13 13
-63.34135600000002
cd-3621-a
C H H Cd H C H H O H C Cd O Cd
0 0 0 0 1 2 3 4 4 5 5 5 5 6 7 8 8 8 9 10 10 10 10 11 11 12 12 13
1 2 4 5 0 0 4 0 3 0 6 7 10 5 5 9 10 13 8 5 8 11 12 10 12 10 11 8
-63.480724020000004
cd-3622-a
C H C H Cd H C H H H Cd O O
0 0 0 0 1 2 2 2 2 3 4 5 5 6 6 6 6 7 8 9 10 10 11 11 12 12
1 10 11 12 0 3 5 6 12 2 5 2 4 2 7 8 9 6 6 6 0 11 0 10 0 2
-63.016240579999995
rh-4833-a
C H H Rh H Rh Rh C H H C H H H Rh O O O C Rh
0 0 0 0 1 2 3 4 4 5 5 6 7 7 7 7 8 8 8 9 10 10 10 10 11 11 12 13 14 14 15 15 15 16 16 17 17 18 18 18 18 19
1 2 4 16 0 0 4 0 3 8 11 8 8 9 10 17 5 6 7 7 7 11 12 13 5 10 10 10 15 18 14 18 19 0 18 7 18 14 15 16 17 15
-86.61086974
ir-3631-a
Ir Ir Ir O H C H H C H H H O O C Ir Ir Ir
0 0 1 1 2 2 3 3 3 3 4 4 4 4 5 5 5 5 6 7 8 8 8 8 9 10 11 12 12 12 12 12 13 13 14 14 14 15 16 17
3 4 4 12 3 4 0 2 4 14 0 1 2 3 6 7 8 13 5 5 5 9 10 11 8 8 8 1 14 15 16 17 5 14 3 12 13 12 12 12
-70.72330266999995
ir-3621-a
C H H H C H H O H C Ir O Ir Ir Ir Ir
0 0 0 0 1 2 3 4 4 4 4 5 6 7 7 7 7 8 9 9 9 9 10 10 11 11 11 11 11 12 13 14 14 15
1 2 3 4 0 0 0 0 5 6 9 4 4 8 9 14 15 7 4 7 10 11 9 11 9 10 12 13 14 11 11 7 11 7
-63.60693667999999
pd-2431-a
O H C H Pd H H Pd Pd O O C Pd
0 0 0 0 1 2 2 2 2 3 4 5 5 6 7 7 8 8 9 9 10 10 11 11 11 11 11 12
1 7 11 12 0 3 5 6 10 2 5 2 4 2 0 11 9 11 8 11 2 11 0 7 8 9 10 0
-53.67203657000002
cd-3631-a
Cd O H Cd C H H C H H H Cd O O C
0 1 1 2 2 3 4 4 4 4 5 5 6 7 7 7 7 8 9 10 11 11 12 12 13 13 14 14 14 14
2 2 14 0 1 5 5 6 7 13 3 4 4 4 8 9 10 7 7 7 12 14 11 14 4 14 1 11 12 13
-70.2961378
au-1221-a
Au C H O H O Au
0 1 1 1 1 2 2 3 3 4 5 5 6 6
2 2 3 5 6 0 1 1 4 3 1 6 1 5
-29.949983410000016
zn-3623-a
C H H H C H H H O O C Zn
0 0 0 0 1 2 3 4 4 4 4 5 6 7 8 8 9 9 10 10 10 11
1 2 3 10 0 0 0 5 6 7 9 4 4 4 10 11 4 10 0 8 9 8
-63.2180759
au-3622-a
C H C H Au H C H H H Au O O
0 0 0 0 1 2 2 2 2 3 4 5 5 6 6 6 6 7 8 9 10 10 11 11 12 12
1 10 11 12 0 3 5 6 12 2 5 2 4 2 7 8 9 6 6 6 0 11 0 10 0 2
-63.09378774000001
os-3631-a
Os Os Os O H C H H C H H H O O C Os Os Os
0 0 1 1 2 2 3 3 3 3 4 4 4 4 5 5 5 5 6 7 8 8 8 8 9 10 11 12 12 12 12 12 13 13 14 14 14 15 16 17
3 4 4 12 3 4 0 2 4 14 0 1 2 3 6 7 8 13 5 5 5 9 10 11 8 8 8 1 14 15 16 17 5 14 3 12 13 12 12 12
-70.89069675000007
pt-4825-a
Pt C H H H C H Pt H C H H H C O O Pt
0 1 1 1 1 2 2 3 4 5 5 5 5 6 7 8 8 9 9 9 9 10 11 12 13 13 13 13 14 14 15 15 16 16
2 2 3 4 13 0 1 1 1 6 8 9 15 5 8 5 7 5 10 11 12 9 9 9 1 14 15 16 13 16 5 13 13 14
-80.17289557999999
cd-2422-a
C H C H H H Cd O O
0 0 0 0 1 2 2 2 2 3 4 5 6 6 7 7 8 8
1 6 7 8 0 3 4 5 8 2 2 2 0 7 0 6 0 2
-46.24902875
cd-2431-a
O H C H Cd H H Cd O O C
0 0 1 2 2 2 2 3 4 5 5 6 7 7 8 8 9 9 10 10 10 10
1 10 0 3 5 6 9 2 5 2 4 2 8 10 7 10 2 10 0 7 8 9
-53.47675547000001
os-4823-a
Os C H C H H Os C H H C H H H O O Os Os Os
0 0 1 1 1 1 2 2 3 3 3 3 4 5 6 6 7 7 7 7 8 8 9 10 10 10 10 11 12 13 14 14 14 14 14 15 15 16 17 18
1 2 0 2 14 15 0 1 4 5 7 15 3 3 8 14 3 8 9 10 6 7 7 7 11 12 13 10 10 10 1 6 16 17 18 1 3 14 14 14
-80.08571376000009
ag-4826-a
C H H Ag H Ag C H H C H H Ag H C O O Ag
0 0 0 0 1 2 3 4 4 5 6 6 6 6 7 7 8 9 9 9 9 10 11 12 12 13 13 14 14 14 15 15 15 16 16 17
1 2 4 6 0 0 4 0 3 7 0 7 8 14 5 6 6 10 11 13 16 9 9 13 15 9 12 6 15 16 12 14 17 9 14 15
-79.94997206
ir-4823-a
Ir C H C H Ir H Ir C H H C H H H Ir Ir O O Ir
0 1 1 1 1 1 2 2 3 3 3 3 4 5 5 6 6 7 8 8 8 8 9 9 10 11 11 11 11 12 13 14 15 15 16 16 17 17 17 17 17 18 18 19
2 2 15 16 17 18 0 1 4 6 8 18 3 6 17 3 5 9 3 9 10 11 7 8 8 8 12 13 14 11 11 11 1 17 1 17 1 5 15 16 19 1 3 17
-79.88856195999995
ru-3632-a
C H H Ru Ru Ru H C H Ru Ru Ru H H O O O C Ru Ru Ru
0 0 0 0 1 2 3 3 4 5 5 6 6 6 6 7 7 7 7 8 9 9 10 11 11 12 12 12 12 13 14 14 14 14 14 14 14 14 15 15 16 16 17 17 17 18 19 20
1 2 6 15 0 0 6 14 6 6 14 0 3 4 5 8 12 13 16 7 12 14 12 12 14 7 9 10 11 7 3 5 9 11 17 18 19 20 0 17 7 17 14 15 16 14 14 14
-69.95330951
ir-3623-a
Ir C H H Ir H C H H H O O C Ir Ir Ir Ir
0 1 1 1 1 2 2 3 4 5 5 6 6 6 6 7 8 9 10 10 10 10 10 11 11 12 12 12 13 14 15 16
2 2 3 5 12 0 1 1 5 1 4 7 8 9 11 6 6 6 12 13 14 15 16 6 12 1 10 11 10 10 10 10
-63.48878275999999
rh-2421-a
C H H Rh H Rh O H Rh O C Rh
0 0 0 0 1 2 3 3 3 4 4 5 5 5 6 6 6 6 7 7 8 8 8 9 9 9 9 10 10 10 10 10 10 11
1 2 4 10 0 0 4 9 10 0 3 6 7 10 5 7 8 10 5 6 6 9 10 3 8 10 11 0 3 5 6 8 9 9
-47.00112442
ag-1231-a
O H Ag Ag Ag O H O C
0 0 1 2 2 3 3 4 4 5 5 5 5 6 6 6 6 7 7 8 8 8
1 8 0 5 6 5 6 6 7 2 3 6 8 2 3 4 5 4 8 0 5 7
-37.45847347
cd-4832-a
O H C H H H Cd Cd C H C H H H O O C Cd
0 0 1 2 2 2 2 3 4 5 6 7 8 8 8 8 9 9 9 10 10 10 10 11 12 13 14 14 15 15 16 16 16 17
1 16 0 3 4 5 8 2 2 2 9 9 2 9 10 15 6 7 8 8 11 12 13 10 10 10 16 17 8 16 0 14 15 14
-87.01973735000001
cu-3632-a
C H H Cu Cu Cu H C H Cu Cu H H O O O C Cu
0 0 0 0 1 2 3 4 5 6 6 6 6 7 7 7 7 8 9 10 11 11 11 12 13 13 14 14 15 15 16 16 16 17
1 2 6 14 0 0 6 6 6 0 3 4 5 8 11 12 15 7 11 11 7 9 10 7 16 17 0 16 7 16 13 14 15 13
-69.85466419
au-2421-a
C H H Au H O H Au O C Au
0 0 0 0 1 2 3 4 4 5 5 5 6 7 7 8 8 9 9 9 9 10
1 2 4 9 0 0 4 0 3 6 9 10 5 8 9 7 9 0 5 7 8 5
-46.876096030000014
ni-4831-a
Ni Ni Ni O H C H H C H Ni Ni H C H H H O O C Ni Ni
0 1 1 2 2 3 3 3 4 4 4 4 5 5 5 5 6 7 8 8 8 8 9 10 11 11 12 12 12 13 13 13 13 14 15 16 17 17 17 17 17 18 18 19 19 19 20 21
4 4 17 3 4 2 4 19 0 1 2 3 6 7 8 18 5 5 5 9 12 13 8 12 12 17 8 10 11 8 14 15 16 13 13 13 1 11 19 20 21 5 19 3 17 18 17 17
-87.45860999999996
pd-3621-a
C H H Pd H Pd C H H O H C Pd O Pd
0 0 0 0 1 2 3 4 4 5 5 5 6 6 6 6 7 7 8 9 9 9 9 10 11 11 11 11 11 12 12 13 13 14
1 2 4 6 0 0 4 0 3 7 9 11 0 7 8 11 5 6 6 5 10 11 14 9 5 6 9 12 13 11 13 11 12 9
-63.71613227000003
au-4823-a
C H C H Au H Au C H H Au C H H H Au O O
0 0 0 0 1 2 2 2 2 3 4 5 5 6 7 7 7 7 8 8 9 10 11 11 11 11 12 12 13 14 15 15 16 16 17 17
1 15 16 17 0 3 5 7 17 2 5 2 4 8 2 8 9 11 6 7 7 12 7 12 13 14 10 11 11 11 0 16 0 15 0 2
-79.77648094
ag-4832-a
O H C H H H Ag Ag Ag C H C H H H O O C
0 0 1 2 2 2 2 3 4 5 6 7 8 8 8 9 9 9 9 10 10 10 10 11 11 11 11 12 13 14 15 15 16 16 17 17 17 17
1 17 0 3 4 5 9 2 2 2 10 10 10 15 17 2 10 11 16 6 7 8 9 9 12 13 14 11 11 11 8 17 9 17 0 8 15 16
-87.11150954000001
ir-4826-a
C H H Ir H Ir C H H C H H Ir H C O O Ir Ir Ir
0 0 0 0 1 2 3 4 4 5 6 6 6 6 7 7 8 9 9 9 9 10 11 12 12 13 13 14 14 14 15 15 15 15 15 16 16 17 18 19
1 2 4 6 0 0 4 0 3 7 0 7 8 14 5 6 6 10 11 13 16 9 9 13 15 9 12 6 15 16 12 14 17 18 19 9 14 15 15 15
-80.11938726999995
cu-2422-a
Cu C H C H H H Cu O O Cu Cu Cu
0 1 1 1 1 2 2 3 3 3 3 4 5 6 7 7 8 8 8 8 8 9 9 10 11 12
2 2 7 8 9 0 1 4 5 6 9 3 3 3 1 8 1 7 10 11 12 1 3 8 8 8
-46.36657144
au-4832-a
O H C H H H Au Au Au C H C H H H O O C
0 0 1 2 2 2 2 3 4 5 6 7 8 8 9 9 9 9 10 10 10 10 11 11 11 11 12 13 14 15 15 16 16 17 17 17
1 17 0 3 4 5 9 2 2 2 10 10 10 15 2 10 11 16 6 7 8 9 9 12 13 14 11 11 11 8 17 9 17 0 15 16
-87.10526775
ag-3631-a
Ag Ag O H Ag C H H C H H H O O C Ag
0 0 1 1 1 2 2 2 3 3 3 4 4 5 5 5 5 6 6 7 8 8 8 8 9 10 11 12 12 12 12 13 13 14 14 14 14 15
2 3 3 12 14 0 3 14 0 1 2 6 12 6 7 8 13 4 5 5 5 9 10 11 8 8 8 1 4 14 15 5 14 1 2 12 13 12
-70.40425447999999
ru-4833-a
C H H Ru H Ru Ru C H H C H H H O O O C Ru Ru Ru Ru
0 0 0 0 1 2 3 3 4 4 5 5 5 6 7 7 7 7 8 8 8 9 9 10 10 10 10 11 12 13 14 14 14 14 14 14 14 15 15 16 16 17 17 17 18 19 20 21
1 2 4 15 0 0 4 14 0 3 8 9 14 8 8 9 10 16 5 6 7 5 7 7 11 12 13 10 10 10 3 5 17 18 19 20 21 0 17 7 17 14 15 16 14 14 14 14
-86.73935532000002
cu-1231-a
O H Cu Cu Cu Cu O H O C Cu Cu Cu
0 0 1 2 3 3 4 4 5 5 6 6 6 6 7 7 7 7 7 8 8 8 8 8 9 9 9 10 11 12
1 9 0 7 6 7 6 7 7 8 3 4 7 9 2 3 4 5 6 5 9 10 11 12 0 6 8 8 8 8
-37.56990257000001
ni-1221-a
Ni C H O H O Ni
0 0 1 1 1 1 1 2 2 3 3 4 5 5 6 6
1 2 0 2 3 5 6 0 1 1 4 3 1 6 1 5
-30.12620430999999
cd-3632-a
C H H Cd H C H Cd H H O O O C Cd
0 0 0 0 1 2 3 4 4 5 5 5 5 6 7 8 8 9 10 10 11 11 12 12 13 13 13 13 14 14
1 2 4 11 0 0 4 0 3 6 8 9 12 5 8 5 7 5 13 14 0 13 5 13 10 11 12 14 10 13
-69.7059461
zn-4826-a
C H H Zn H Zn C H H C H H H C O O Zn
0 0 0 0 1 2 3 4 4 5 6 6 6 6 7 7 8 9 9 9 9 10 11 12 13 13 13 14 14 15 15 16
1 2 4 6 0 0 4 0 3 7 0 7 8 13 5 6 6 10 11 12 15 9 9 9 6 14 15 13 16 9 13 14
-79.87822299999999
zn-4821-a
C H H H C H H Zn C H H O H C O Zn
0 0 0 0 1 2 3 4 4 4 4 5 6 7 8 8 8 8 9 9 10 11 11 12 13 13 13 14 14 15
1 2 3 4 0 0 0 0 5 6 8 4 4 9 4 9 10 13 7 8 8 12 13 11 8 11 14 13 15 14
-80.12104627
rh-4831-a
Rh Rh Rh O H Rh C H H C H H C H H Rh H Rh O O C Rh
0 1 1 2 2 2 3 3 3 4 4 4 4 5 5 6 6 6 6 7 7 8 9 9 9 9 10 11 12 12 12 12 13 14 15 16 16 17 17 18 18 18 18 18 19 19 20 20 20 20 20 21
4 4 18 3 4 20 2 4 20 0 1 2 3 7 18 7 8 9 19 5 6 6 6 10 11 12 9 9 9 13 14 16 12 12 16 12 15 18 20 1 5 17 20 21 6 20 2 3 17 18 19 18
-87.32442602000003
pd-3632-a
C H H Pd Pd Pd H C H Pd Pd H H O O O C Pd
0 0 0 0 1 2 3 4 5 6 6 6 6 7 7 7 7 8 9 10 11 11 11 12 13 13 14 14 15 15 16 16 16 17
1 2 6 14 0 0 6 6 6 0 3 4 5 8 11 12 15 7 11 11 7 9 10 7 16 17 0 16 7 16 13 14 15 13
-69.98687029999999
ir-4832-a
O H C H H H Ir Ir C H C H H H O O C Ir
0 0 1 2 2 2 2 3 4 5 6 6 7 7 8 8 8 8 9 9 9 10 10 10 10 11 12 13 14 14 14 14 15 15 16 16 16 16 17 17
1 16 0 3 4 5 8 2 2 2 9 14 9 14 2 9 10 15 6 7 8 8 11 12 13 10 10 10 6 7 16 17 8 16 0 14 15 17 14 16
-87.21431819999998
pd-4831-a
Pd Pd Pd O H Pd Pd C H H C H H C H H Pd H O O C Pd
0 1 1 1 2 2 2 3 3 3 4 4 4 4 5 5 6 6 6 7 7 7 7 8 8 8 9 10 10 10 10 11 12 13 13 13 13 14 15 16 17 17 18 18 18 18 18 19 19 20 20 20 20 20 20 21
4 4 18 20 3 4 20 2 4 20 0 1 2 3 8 18 8 18 20 8 9 10 19 5 6 7 7 7 11 12 13 10 10 10 14 15 17 13 13 17 13 16 1 5 6 20 21 7 20 1 2 3 6 18 19 18
-87.31638416000001
rh-4825-a
Rh C H H H C H Rh H C H H H C Rh O O Rh Rh
0 1 1 1 1 2 2 3 4 5 5 5 5 6 7 7 8 8 9 9 9 9 10 11 12 13 13 13 13 14 14 15 15 15 15 15 16 16 17 18
2 2 3 4 13 0 1 1 1 6 8 9 16 5 8 15 5 7 5 10 11 12 9 9 9 1 14 15 16 13 15 7 13 14 17 18 5 13 15 15
-80.24001762
au-3632-a
C H H Au Au H C H Au H H O O O C Au
0 0 0 0 1 2 3 4 5 5 5 6 6 6 6 7 8 9 9 10 11 11 12 12 13 13 14 14 14 15
1 2 5 12 0 0 5 5 0 3 4 7 9 10 13 6 9 6 8 6 14 15 0 14 6 14 11 12 13 11
-69.78203611
pd-3623-a
Pd C H H Pd H C H H Pd H O O C Pd Pd Pd
0 1 1 1 1 2 2 3 4 5 5 6 6 6 6 7 8 9 9 10 10 11 11 11 11 11 12 12 13 13 13 14 15 16
2 2 3 5 13 0 1 1 5 1 4 7 8 10 12 6 6 10 11 6 9 9 13 14 15 16 6 13 1 11 12 11 11 11
-63.47626318000002
os-1231-a
O H Os Os Os Os O H O C Os Os Os Os
0 0 1 2 3 3 4 4 5 5 6 6 6 6 7 7 7 7 7 8 8 8 8 8 8 9 9 9 10 11 12 13
1 9 0 7 6 7 6 7 7 8 3 4 7 9 2 3 4 5 6 5 9 10 11 12 13 0 6 8 8 8 8 8
-37.91441715000008
zn-3632-a
C H H H C H Zn H H O O O C Zn
0 0 0 0 1 2 3 4 4 4 4 5 6 7 7 8 9 9 10 10 11 11 12 12 12 13
1 2 3 10 0 0 0 5 7 8 11 4 7 4 6 4 12 13 0 12 4 12 9 10 11 9
-69.73076988999999
rh-4826-a
C H H Rh H Rh C H H C H H Rh Rh H C Rh O O Rh Rh
0 0 0 0 1 2 3 4 4 5 6 6 6 6 7 7 8 9 9 9 9 10 11 12 12 13 14 14 14 15 15 15 15 16 16 17 17 17 17 17 18 18 19 20
1 2 4 6 0 0 4 0 3 7 0 7 8 15 5 6 6 10 11 14 18 9 9 14 17 14 9 12 13 6 16 17 18 15 17 12 15 16 19 20 9 15 17 17
-80.14612402
ru-3631-a
Ru Ru Ru O H C H H C H H H O O C Ru Ru Ru
0 0 1 1 2 2 3 3 3 3 4 4 4 4 5 5 5 5 6 7 8 8 8 8 9 10 11 12 12 12 12 12 13 13 14 14 14 15 16 17
3 4 4 12 3 4 0 2 4 14 0 1 2 3 6 7 8 13 5 5 5 9 10 11 8 8 8 1 14 15 16 17 5 14 3 12 13 12 12 12
-70.78429427000003
pd-1231-a
O H Pd Pd Pd O H O C Pd Pd
0 0 1 2 2 3 3 4 4 5 5 5 5 6 6 6 6 7 7 7 7 8 8 8 9 10
1 8 0 5 6 5 6 6 7 2 3 6 8 2 3 4 5 4 8 9 10 0 5 7 7 7
-37.694503010000034
cd-4831-a
O H Cd C H H C H H C H H Cd H Cd O O C Cd
0 0 0 1 2 3 3 3 3 4 4 5 6 6 6 6 7 8 9 9 9 9 10 11 12 13 13 14 14 15 15 16 16 17 17 17 17 18
1 17 18 0 4 4 5 6 16 2 3 3 3 7 8 9 6 6 6 10 11 13 9 9 13 9 12 15 17 14 17 3 17 0 14 15 16 0
-86.95199618000001
os-4824-a
C H C H H H Os C H C H H H O O Os Os Os Os Os
0 0 0 1 2 2 2 2 3 4 5 6 7 7 7 7 8 8 9 9 9 9 10 11 12 13 13 13 13 13 13 14 14 15 16 17 18 19
1 13 14 0 3 4 5 7 2 2 2 8 2 8 9 14 6 7 7 10 11 12 9 9 9 0 15 16 17 18 19 0 7 13 13 13 13 13
-80.07089774000008
ag-4833-a
C H H Ag H Ag Ag C H H C H H H Ag O O O C Ag
0 0 0 0 1 2 3 4 4 5 5 6 7 7 7 7 8 8 8 9 10 10 10 10 11 11 12 13 14 14 15 15 15 16 16 17 17 18 18 18 18 19
1 2 4 16 0 0 4 0 3 8 11 8 8 9 10 17 5 6 7 7 7 11 12 13 5 10 10 10 15 18 14 18 19 0 18 7 18 14 15 16 17 15
-86.53183914000002
os-4821-a
Os C H H H C H Os H Os C H H O H C O Os Os Os Os Os
0 1 1 1 1 2 2 3 4 5 5 5 5 6 7 8 8 9 10 10 10 10 11 11 12 13 13 14 15 15 15 16 16 16 16 16 16 17 18 19 20 21
2 2 3 4 5 0 1 1 1 1 6 8 10 5 8 5 7 11 5 11 12 15 9 10 10 14 15 13 10 13 16 15 17 18 19 20 21 16 16 16 16 16
-80.5246557800001
cd-1231-a
O H Cd Cd Cd O H O C
0 0 1 2 3 4 4 5 5 6 6 6 6 7 7 8 8 8
1 8 0 6 6 6 7 6 8 2 3 4 5 4 8 0 5 7
-37.382417010000005
ru-2422-a
Ru C H C H H Ru H Ru O O Ru Ru
0 1 1 1 1 2 2 3 3 3 3 4 5 6 6 7 7 8 8 9 9 9 9 9 10 10 11 12
2 2 8 9 10 0 1 4 5 7 10 3 3 7 9 3 6 1 9 1 6 8 11 12 1 3 9 9
-46.53795286000002
zn-4831-a
O H C H H C H H C H H H Zn O O C
0 0 1 2 2 2 2 3 4 5 5 5 5 6 7 8 8 8 8 9 10 11 12 12 13 13 14 14 15 15 15 15
1 15 0 3 4 5 14 2 2 2 6 7 8 5 5 5 9 10 11 8 8 8 13 15 12 15 2 15 0 12 13 14
-87.0034139
os-2421-a
C H H H Os O H Os O C Os Os Os
0 0 0 0 1 2 3 4 4 5 5 5 5 5 5 6 6 7 7 7 8 8 8 8 8 9 9 9 9 10 10 11 12 12
1 2 3 9 0 0 0 5 6 4 6 7 9 10 12 4 5 5 8 9 7 9 10 11 12 0 5 7 8 5 8 8 5 8
-47.19738493
rh-3623-a
Rh C H H Rh H C H H Rh H O O C Rh Rh Rh
0 1 1 1 1 2 2 3 4 5 5 6 6 6 6 7 8 9 9 10 10 11 11 11 11 11 12 12 13 13 13 14 15 16
2 2 3 5 13 0 1 1 5 1 4 7 8 10 12 6 6 10 11 6 9 9 13 14 15 16 6 13 1 11 12 11 11 11
-63.49040507000001
ir-3622-a
Ir Ir C H C H Ir H C H H H Ir O O Ir
0 1 1 1 2 2 2 2 2 3 3 3 4 4 4 4 5 6 6 7 7 8 8 8 8 9 10 11 12 12 13 13 13 13 13 14 14 15
3 2 3 13 1 3 12 13 14 0 1 2 5 7 8 14 4 7 13 4 6 4 9 10 11 8 8 8 2 13 1 2 6 12 15 2 4 13
-63.22640863999999
ni-4825-a
Ni C H H H C H Ni H C H H H C O O Ni Ni Ni
0 1 1 1 1 2 2 3 4 5 5 5 5 6 7 7 8 8 9 9 9 9 10 11 12 13 13 13 14 14 14 14 14 15 15 16 17 18
2 2 3 4 13 0 1 1 1 6 8 9 15 5 8 14 5 7 5 10 11 12 9 9 9 1 14 15 7 13 16 17 18 5 13 14 14 14
-80.25045075999998
pd-4823-a
Pd C H C H Pd H Pd C H H Pd C H H H Pd Pd O O
0 0 1 1 1 1 1 1 2 2 3 3 3 3 4 5 5 6 6 7 7 8 8 8 8 9 9 10 11 12 12 12 12 13 13 13 14 15 16 16 17 17 17 18 18 18 18 19 19 19
1 2 0 2 16 17 18 19 0 1 4 6 8 19 3 6 18 3 5 9 13 3 9 10 12 7 8 8 13 8 13 14 15 7 11 12 12 12 1 18 1 18 19 1 5 16 17 1 3 17
-79.97491841000002
ag-2421-a
C H H Ag H O H Ag O C Ag
0 0 0 0 1 2 3 3 4 4 5 5 5 6 7 7 8 8 9 9 9 9 9 10
1 2 4 9 0 0 4 9 0 3 6 9 10 5 8 9 7 9 0 3 5 7 8 5
-46.894539760000015
ru-4821-a
C H H H C H Ru Ru H Ru C H H O H C O Ru Ru Ru Ru
0 0 0 0 1 2 3 4 4 4 4 5 6 6 7 8 8 8 9 9 10 10 10 10 11 11 11 12 13 13 14 15 15 15 16 16 16 16 16 16 17 18 19 20
1 2 3 4 0 0 0 0 5 8 10 4 8 11 8 4 6 7 11 16 4 11 12 15 6 9 10 10 14 15 13 10 13 16 9 15 17 18 19 20 16 16 16 16
-80.42388532000001
au-4826-a
C H H Au H Au C H H C H H Au H C Au O O
0 0 0 0 1 2 3 4 4 5 6 6 6 6 7 7 8 9 9 9 9 10 11 12 13 13 14 14 14 14 15 15 16 16 17 17
1 2 4 6 0 0 4 0 3 7 0 7 8 14 5 6 6 10 11 13 17 9 9 13 9 12 6 15 16 17 14 16 14 15 9 14
-79.93936803
au-4825-a
Au C H H H C H Au H C H H H C Au O O
0 1 1 1 1 2 2 3 4 5 5 5 5 6 7 8 8 9 9 9 9 10 11 12 13 13 13 13 14 14 15 15 16 16
2 2 3 4 13 0 1 1 1 6 8 9 16 5 8 5 7 5 10 11 12 9 9 9 1 14 15 16 13 15 13 14 5 13
-80.05545756000001
os-4825-a
Os C H Os H H C H H C H H Os H C O O Os Os Os
0 1 1 1 1 2 2 3 4 4 5 6 6 6 6 7 8 9 9 9 9 10 11 12 12 13 13 14 14 14 15 15 15 15 15 16 16 17 18 19
2 2 4 5 14 0 1 4 1 3 1 7 8 9 16 6 6 6 10 11 13 9 9 13 15 9 12 1 15 16 12 14 17 18 19 6 14 15 15 15
-80.42477540000004
ni-3631-a
Ni Ni Ni O H C H H C H H H O O C Ni Ni Ni
0 0 1 1 2 3 3 3 4 4 4 4 5 5 5 5 6 7 8 8 8 8 9 10 11 12 12 12 12 12 13 13 14 14 14 15 16 17
3 4 4 12 4 0 4 14 0 1 2 3 6 7 8 13 5 5 5 9 10 11 8 8 8 1 14 15 16 17 5 14 3 12 13 12 12 12
-70.72064042
rh-4832-a
O H C H H H Rh Rh Rh C H C H H H O O C Rh Rh Rh
0 0 1 2 2 2 2 3 4 5 6 7 8 8 8 9 9 9 9 10 10 10 10 11 11 11 11 12 13 14 15 15 15 15 15 16 16 17 17 17 17 18 19 20
1 17 0 3 4 5 9 2 2 2 10 10 10 15 17 2 10 11 16 6 7 8 9 9 12 13 14 11 11 11 8 17 18 19 20 9 17 0 8 15 16 15 15 15
-87.24277906000003
ir-1221-a
Ir Ir C H O H O Ir
0 0 1 1 2 2 2 2 3 3 3 4 4 5 6 6 6 7
2 3 3 6 0 3 4 6 0 1 2 2 5 4 1 2 7 6
-30.135651549999977
pd-2422-a
Pd Pd C H C H H Pd H Pd O O
0 1 1 1 2 2 2 2 2 3 3 3 4 4 4 4 5 6 7 7 8 8 9 9 10 10 10 10 11 11
3 2 3 10 1 3 9 10 11 0 1 2 5 6 8 11 4 4 8 10 4 7 2 10 1 2 7 9 2 4
-46.485764569999986
cu-4822-a
C H H H C H C H H H O H C Cu O Cu Cu Cu
0 0 0 0 1 2 3 4 4 4 4 5 6 6 6 6 7 8 9 10 10 10 10 11 12 12 12 12 13 13 14 14 14 14 15 16 16 17
1 2 3 4 0 0 0 0 5 6 12 4 4 7 8 9 6 6 6 11 12 16 17 10 4 10 13 14 12 14 12 13 15 16 14 10 14 10
-80.19635306999999
ru-3622-a
Ru Ru C H C H Ru H C H H H Ru O O Ru Ru
0 1 1 1 2 2 2 2 2 2 3 3 3 4 4 4 4 5 6 6 6 7 7 8 8 8 8 9 10 11 12 12 13 13 13 13 13 13 14 14 15 16
3 2 3 13 1 3 6 12 13 14 0 1 2 5 7 8 14 4 2 7 13 4 6 4 9 10 11 8 8 8 2 13 1 2 6 12 15 16 2 4 13 13
-63.28607856000002
cu-3621-a
C H H Cu H Cu C H H O H C Cu O Cu
0 0 0 0 1 2 3 4 4 5 5 6 6 6 6 7 7 8 9 9 9 10 11 11 11 11 11 12 12 13 13 14
1 2 4 6 0 0 4 0 3 7 11 0 7 8 11 5 6 6 10 11 14 9 5 6 9 12 13 11 13 11 12 9
-63.605306179999985
ir-2431-a
O H C H Ir H H Ir O O C Ir Ir Ir
0 0 0 0 1 2 2 2 2 3 4 4 5 5 6 7 7 8 8 8 8 9 9 10 10 10 10 11 12 13
1 7 10 13 0 3 5 6 9 2 5 8 2 4 2 0 10 4 10 11 12 2 10 0 7 8 9 8 8 0
-53.60434547999995
cd-4823-a
C H C H Cd H Cd C H H C H H H Cd O O
0 0 0 0 1 2 2 2 2 3 4 5 5 6 7 7 7 7 8 8 9 10 10 10 10 11 12 13 14 14 15 15 16 16
1 14 15 16 0 3 5 7 16 2 5 2 4 8 2 8 9 10 6 7 7 7 11 12 13 10 10 10 0 15 0 14 0 2
-79.66508796
ir-2421-a
C H H H O H Ir O C Ir Ir Ir Ir
0 0 0 0 1 2 3 4 4 4 4 5 6 6 7 7 7 7 7 8 8 8 8 9 10 11 11 12
1 2 3 8 0 0 0 5 8 11 12 4 7 8 6 8 9 10 11 0 4 6 7 7 7 4 7 4
-46.93391847999999
os-3623-a
Os C H H Os H C H H H O O C Os Os Os Os
0 1 1 1 1 2 2 3 4 5 5 6 6 6 6 7 8 9 10 10 10 10 10 11 11 12 12 12 13 14 15 16
2 2 3 5 12 0 1 1 5 1 4 7 8 9 11 6 6 6 12 13 14 15 16 6 12 1 10 11 10 10 10 10
-63.64904390000004
pt-3621-a
C H H Pt H Pt C H H O H C Pt O Pt
0 0 0 0 1 2 3 4 4 5 5 6 6 6 6 7 7 8 9 9 9 10 11 11 11 11 11 12 12 13 13 14
1 2 4 6 0 0 4 0 3 7 11 0 7 8 11 5 6 6 10 11 14 9 5 6 9 12 13 11 13 11 12 9
-63.63296986
pt-2431-a
O H C H Pt H H Pt O O C
0 0 1 2 2 2 2 3 4 5 5 6 7 7 8 8 9 9 10 10 10 10
1 10 0 3 5 6 9 2 5 2 4 2 8 10 7 10 2 10 0 7 8 9
-53.60288158000003
pd-4826-a
C H H Pd H Pd C H H C H H Pd Pd Pd H C O O Pd
0 0 0 0 1 2 3 4 4 5 6 6 6 6 7 7 8 9 9 9 9 10 11 12 12 13 13 13 14 15 15 15 15 16 16 16 16 17 17 17 17 18 18 19
1 2 4 6 0 0 4 0 3 7 0 7 8 16 5 6 6 10 11 15 18 9 9 15 17 15 16 17 15 9 12 13 14 6 13 17 18 12 13 16 19 9 16 17
-80.16597512000001
au-4822-a
Au C H H H C H C H H H O H C O Au Au
0 0 1 1 1 1 2 2 3 3 4 5 5 5 5 6 7 7 7 7 8 9 10 11 11 11 12 13 13 13 14 14 15 16
2 3 2 3 4 5 0 1 0 1 1 1 6 7 13 5 5 8 9 10 7 7 7 12 13 16 11 5 11 14 13 15 14 11
-80.15031581000002
pd-1221-a
Pd Pd Pd C H O H O
0 0 1 1 2 2 3 3 3 3 3 4 4 4 4 5 5 6 7 7
3 4 3 4 4 7 0 1 4 5 7 0 1 2 3 3 6 5 2 3
-30.115251099999995
pd-4833-a
C H H Pd H Pd Pd C H H C H H H Pd O O O C Pd
0 0 0 0 1 2 3 4 4 5 5 6 6 7 7 7 7 8 8 8 9 10 10 10 10 11 11 12 13 14 14 15 15 15 15 16 16 17 17 18 18 18 18 19
1 2 4 16 0 0 4 0 3 8 11 8 15 8 9 10 17 5 6 7 7 7 11 12 13 5 10 10 10 15 18 6 14 18 19 0 18 7 18 14 15 16 17 15
-86.70270588000002
au-2422-a
C H C H H Au H Au O O
0 0 0 0 1 2 2 2 2 3 4 5 6 6 7 7 8 8 9 9
1 7 8 9 0 3 4 6 9 2 2 6 2 5 0 8 0 7 0 2
-46.307343180000004
cd-1221-a
Cd C H O H O Cd
0 1 1 1 1 2 2 3 3 4 5 5 6 6
2 2 3 5 6 0 1 1 4 3 1 6 1 5
-29.91911744
pd-4832-a
O H C H H H Pd Pd Pd C H C H H H O O C Pd Pd
0 0 1 2 2 2 2 3 4 5 6 7 8 8 8 9 9 9 9 10 10 10 10 11 11 11 11 12 13 14 15 15 15 15 16 16 17 17 17 17 18 19
1 17 0 3 4 5 9 2 2 2 10 10 10 15 17 2 10 11 16 6 7 8 9 9 12 13 14 11 11 11 8 17 18 19 9 17 0 8 15 16 15 15
-87.27926060000001
ni-3621-a
C H H Ni H C H H O H C Ni Ni O Ni
0 0 0 0 1 2 3 3 4 4 5 5 5 5 6 7 8 8 8 9 10 10 10 10 10 11 11 12 12 13 13 13 13 14
1 2 4 5 0 0 4 13 0 3 0 6 7 10 5 5 9 10 14 8 5 8 11 12 13 10 13 10 13 3 10 11 12 8
-63.66126269
ni-4821-a
Ni C H H H C H Ni H Ni C H H O H C O Ni Ni Ni Ni
0 1 1 1 1 2 2 3 4 5 5 5 5 6 7 7 8 8 9 10 10 10 10 11 11 11 12 13 13 14 15 15 15 16 16 16 16 16 17 18 19 20
2 2 3 4 5 0 1 1 1 1 6 8 10 5 8 11 5 7 11 5 11 12 15 7 9 10 10 14 15 13 10 13 16 15 17 18 19 20 16 16 16 16
-80.41062376999997
pd-4822-a
Pd C H Pd H H C H C H H H Pd O H C O Pd
0 0 0 0 1 1 1 1 2 2 3 4 4 4 5 6 6 6 6 7 8 8 8 8 9 10 11 12 12 13 13 13 13 14 14 15 15 15 15 16 16 16 17 17
2 4 15 16 2 4 5 6 0 1 4 0 1 3 1 1 7 8 15 6 6 9 10 11 8 8 8 13 14 12 14 15 17 12 13 0 6 13 16 0 15 17 13 16
-80.33406213999999
ag-4831-a
Ag Ag O H Ag C H H C H H C H H Ag H Ag Ag O O C
0 1 1 2 2 2 3 3 3 4 4 5 5 5 5 6 6 7 8 8 8 8 9 10 11 11 11 11 12 13 14 15 15 16 16 17 18 18 18 19 19 20 20 20 20 20
3 2 3 1 3 20 0 1 2 6 18 6 7 8 19 4 5 5 5 9 10 11 8 8 8 12 13 15 11 11 15 11 14 18 20 20 4 16 20 5 20 2 16 17 18 19
-87.06868375000002
cu-3623-a
C H H Cu H C H H H O O C Cu Cu Cu Cu
0 0 0 0 1 2 3 4 4 5 5 5 5 6 7 8 9 9 9 9 9 10 10 11 11 11 12 13 14 15
1 2 4 11 0 0 4 0 3 6 7 8 10 5 5 5 11 12 13 14 15 5 11 0 9 10 9 9 9 9
-63.36938552999999
pt-4822-a
C H H H C H C H H H O H C O Pt Pt
0 0 0 0 1 2 3 4 4 4 4 5 6 6 6 6 7 8 9 10 10 10 10 11 12 12 12 12 13 13 14 14 14 15
1 2 3 4 0 0 0 0 5 6 12 4 4 7 8 9 6 6 6 11 12 14 15 10 4 10 13 14 12 14 10 12 13 10
-80.22509164000002
pt-3622-a
Pt C H C H Pt H C H H H Pt O O
0 0 1 1 1 1 1 2 2 3 3 3 3 4 5 5 6 6 7 7 7 7 8 9 10 11 11 12 12 12 13 13
1 2 0 2 11 12 13 0 1 4 6 7 13 3 6 12 3 5 3 8 9 10 7 7 7 1 12 1 5 11 1 3
-63.18550591000002
zn-3631-a
Zn O H C H H C H H H Zn O O C
0 1 1 2 2 3 3 3 3 4 5 6 6 6 6 7 8 9 10 10 11 11 12 12 13 13 13 13
2 2 13 0 1 4 5 6 12 3 3 3 7 8 9 6 6 6 11 13 10 13 3 13 1 10 11 12
-70.34381669
ir-4821-a
C H H H C H Ir H Ir C H H O H C O Ir Ir Ir Ir
0 0 0 0 1 2 3 4 4 4 4 5 6 6 7 7 8 9 9 9 9 10 10 10 11 12 12 13 14 14 14 15 15 15 15 15 16 17 18 19
1 2 3 4 0 0 0 0 5 7 9 4 7 10 4 6 10 4 10 11 14 6 8 9 9 13 14 12 9 12 15 14 16 17 18 19 15 15 15 15
-80.34899545999997
au-3631-a
Au O H Au C H H C H H H Au O O C
0 1 1 2 2 3 4 4 4 4 5 5 6 7 7 7 7 8 9 10 11 11 12 12 13 13 14 14 14 14
2 2 14 0 1 5 5 6 7 13 3 4 4 4 8 9 10 7 7 7 12 14 11 14 4 14 1 11 12 13
-70.36747423
pd-4825-a
Pd C H H H C H Pd Pd H C H H H C Pd O O
0 1 1 1 1 2 2 3 4 5 5 5 5 6 7 7 8 8 9 9 9 10 10 10 10 11 12 13 14 14 14 14 14 15 15 16 16 16 17 17
2 2 3 4 14 0 1 1 1 6 9 10 17 5 9 14 9 16 5 7 8 5 11 12 13 10 10 10 1 7 15 16 17 14 16 8 14 15 5 14
-80.25712182000004
ni-3623-a
C H H Ni H C H H H O O C Ni Ni Ni Ni
0 0 0 0 1 2 3 4 4 5 5 5 5 6 7 8 9 9 9 9 9 10 10 11 11 11 12 13 14 15
1 2 4 11 0 0 4 0 3 6 7 8 10 5 5 5 11 12 13 14 15 5 11 0 9 10 9 9 9 9
-63.50121122999997
rh-1231-a
O H Rh Rh Rh Rh O H O C Rh Rh Rh
0 0 1 2 3 3 4 4 5 5 6 6 6 6 7 7 7 7 7 8 8 8 8 8 9 9 9 10 11 12
1 9 0 7 6 7 6 7 7 8 3 4 7 9 2 3 4 5 6 5 9 10 11 12 0 6 8 8 8 8
-37.74508795000003
ni-4832-a
O H C H H H Ni Ni C H C H H H O O C Ni Ni Ni
0 0 1 2 2 2 2 3 4 5 6 7 8 8 8 8 9 9 9 10 10 10 10 11 12 13 14 14 14 14 15 15 16 16 16 16 17 18 18 19
1 16 0 3 4 5 8 2 2 2 9 9 2 9 10 15 6 7 8 8 11 12 13 10 10 10 16 17 18 19 8 16 0 14 15 18 14 14 16 14
-87.25478841
os-4826-a
C H H Os H Os C H H C H H Os H C O O Os Os Os
0 0 0 0 1 2 3 4 4 5 6 6 6 6 7 7 8 9 9 9 9 10 11 12 12 13 13 14 14 14 15 15 15 15 15 16 16 17 18 19
1 2 4 6 0 0 4 0 3 7 0 7 8 14 5 6 6 10 11 13 16 9 9 13 15 9 12 6 15 16 12 14 17 18 19 9 14 15 15 15
-80.26850533000004
ir-4824-a
C H C H H H Ir C H C H H H O O Ir Ir
0 0 0 0 1 2 2 2 2 3 4 5 6 7 7 7 7 8 8 9 9 9 9 10 11 12 13 13 13 14 14 15 16 16
1 13 14 16 0 3 4 5 7 2 2 2 8 2 8 9 14 6 7 7 10 11 12 9 9 9 0 15 16 0 7 13 0 13
-79.9575643
ag-1221-a
Ag C H O H O Ag
0 1 1 1 1 2 2 3 3 4 5 5 6 6
2 2 3 5 6 0 1 1 4 3 1 6 1 5
-29.97156671000002
ir-4822-a
C H H H C H C H H H O H C O Ir Ir Ir Ir Ir
0 0 0 0 1 2 3 4 4 4 4 5 6 6 6 6 7 8 9 10 10 10 10 11 12 12 12 13 13 13 13 13 14 15 16 17 17 18
1 2 3 4 0 0 0 0 5 6 12 4 4 7 8 9 6 6 6 11 12 17 18 10 4 10 13 12 14 15 16 17 13 13 13 10 13 10
-80.27321979999999
ag-3622-a
C H C H Ag H C H H H Ag Ag O O
0 0 0 0 0 1 2 2 2 2 3 4 5 5 6 6 6 6 7 8 9 10 11 11 12 12 13 13
1 10 11 12 13 0 3 5 6 13 2 5 2 4 2 7 8 9 6 6 6 0 0 12 0 11 0 2
-63.08457907000002
pt-4824-a
C H C H H H Pt C H C H H H O O Pt
0 0 0 0 1 2 2 2 2 3 4 5 6 7 7 7 7 8 8 9 9 9 9 10 11 12 13 13 14 14 15 15
1 13 14 15 0 3 4 5 7 2 2 2 8 2 8 9 14 6 7 7 10 11 12 9 9 9 0 15 0 7 0 13
-79.9687341
ni-1231-a
O H Ni Ni Ni Ni O H O C Ni Ni
0 0 1 2 3 3 4 4 5 5 6 6 6 6 7 7 7 7 7 8 8 8 8 9 9 9 10 11
1 9 0 7 6 7 6 7 7 8 3 4 7 9 2 3 4 5 6 5 9 10 11 0 6 8 8 8
-37.745074629999976
pt-3632-a
C H H Pt Pt H C H Pt Pt H H O O O C Pt
0 0 0 0 1 2 3 4 5 5 5 6 6 6 6 7 8 9 10 10 10 11 12 12 13 13 14 14 15 15 15 16
1 2 5 13 0 0 5 5 0 3 4 7 10 11 14 6 10 10 6 8 9 6 15 16 0 15 6 15 12 13 14 12
-69.87437239000002
zn-4823-a
C H C H Zn H C H H C H H H O O Zn
0 0 0 1 2 2 2 2 3 4 5 5 6 6 6 6 7 8 9 9 9 9 10 11 12 13 13 14 14 15
1 13 14 0 3 5 6 14 2 5 2 4 2 7 8 9 6 6 6 10 11 12 9 9 9 0 15 0 2 13
-79.70845410999999
os-4833-a
C H H Os H Os Os C H H C H H H Os O O O C Os
0 0 0 0 1 2 3 4 4 5 6 7 7 7 7 8 8 8 9 10 10 10 10 11 12 13 14 14 15 15 15 16 16 17 17 18 18 18 18 19
1 2 4 16 0 0 4 0 3 8 8 8 9 10 17 5 6 7 7 7 11 12 13 10 10 10 15 18 14 18 19 0 18 7 18 14 15 16 17 15
-86.52925955
ag-3621-a
C H H Ag H Ag C H H O H C Ag O Ag
0 0 0 0 1 2 3 4 4 5 5 5 6 6 6 6 7 7 8 9 9 9 9 10 11 11 11 11 11 12 12 13 13 14
1 2 4 6 0 0 4 0 3 7 9 11 0 7 8 11 5 6 6 5 10 11 14 9 5 6 9 12 13 11 13 11 12 9
-63.56537298000001
rh-4823-a
Rh C H C H Rh H Rh C H H Rh C H H H Rh Rh O O Rh
0 0 1 1 1 1 1 1 2 2 3 3 3 3 4 5 5 6 6 7 8 8 8 8 9 9 10 11 12 12 12 12 13 13 14 15 16 16 17 17 18 18 18 18 18 19 19 20
1 2 0 2 16 17 18 19 0 1 4 6 8 19 3 6 18 3 5 9 3 9 10 12 7 8 8 13 8 13 14 15 11 12 12 12 1 18 1 18 1 5 16 17 20 1 3 18
-79.92568484000003
au-4821-a
Au C H H H C H H Au C H H O H C O Au
0 0 1 1 1 1 2 2 3 4 5 5 5 5 6 7 7 8 9 9 9 9 10 10 11 12 12 13 14 14 14 15 15 16
2 7 2 3 4 5 0 1 1 1 1 6 7 9 5 0 5 10 5 10 11 14 8 9 9 13 14 12 9 12 15 14 16 15
-80.16632658
pd-4824-a
C H C H H H Pd Pd Pd C H C H H H O O Pd
0 0 0 1 2 2 2 2 3 4 5 6 7 7 8 9 9 9 9 10 10 10 10 11 11 11 11 12 13 14 15 15 15 16 16 17
1 15 16 0 3 4 5 9 2 2 2 10 10 15 10 2 10 11 16 6 7 8 9 9 12 13 14 11 11 11 0 7 17 0 9 15
-80.06511380999999
cu-3631-a
Cu Cu Cu O H Cu C H H C H H H O O C Cu Cu
0 0 1 1 1 2 3 3 3 4 4 4 4 5 5 6 6 6 6 7 7 8 9 9 9 9 10 11 12 13 13 13 13 13 14 14 15 15 15 15 16 17
3 4 4 13 15 4 0 4 15 0 1 2 3 7 13 7 8 9 14 5 6 6 6 10 11 12 9 9 9 1 5 15 16 17 6 15 1 3 13 14 13 13
-70.51455271
au-4824-a
C H C H H H Au C H C H H H O O Au
0 0 0 1 2 2 2 2 3 4 5 6 7 7 7 7 8 8 9 9 9 9 10 11 12 13 13 14 14 15
1 13 14 0 3 4 5 7 2 2 2 8 2 8 9 14 6 7 7 10 11 12 9 9 9 0 15 0 7 13
-79.88091416
au-2431-a
O H C H Au H H Au O O C
0 0 1 2 2 2 2 3 4 5 5 6 7 7 8 8 9 9 10 10 10 10
1 10 0 3 5 6 9 2 5 2 4 2 8 10 7 10 2 10 0 7 8 9
-53.538295480000016
rh-2422-a
Rh C H C H H Rh H Rh O O Rh Rh
0 1 1 1 1 2 2 3 3 3 3 4 5 6 6 7 7 8 8 9 9 9 9 9 10 10 11 12
2 2 8 9 10 0 1 4 5 7 10 3 3 7 9 3 6 1 9 1 6 8 11 12 1 3 9 9
-46.48303578000002
au-4831-a
O H Au C H H C H H C H H Au H Au O O C Au
0 0 0 1 2 3 3 3 3 4 4 5 6 6 6 6 7 8 9 9 9 9 10 11 12 13 13 14 14 15 15 16 16 17 17 17 17 18
1 17 18 0 4 4 5 6 16 2 3 3 3 7 8 9 6 6 6 10 11 13 9 9 13 9 12 15 17 14 17 3 17 0 14 15 16 0
-87.05780787
ru-4831-a
Ru Ru Ru O H C H H C H Ru H C H H H O O C Ru Ru
0 1 1 1 2 2 2 3 3 3 3 4 4 4 4 5 5 5 5 6 7 8 8 8 8 9 10 10 11 11 12 12 12 12 13 14 15 16 16 16 16 16 16 17 17 18 18 18 19 20
4 3 4 16 3 4 16 1 2 4 18 0 1 2 3 6 7 8 17 5 5 5 9 11 12 8 11 16 8 10 8 13 14 15 12 12 12 1 2 10 18 19 20 5 18 3 16 17 16 16
-87.48944907999999
rh-3631-a
Rh Rh Rh O H Rh C H H C H H H Rh O O C Rh Rh
0 0 1 1 2 3 3 3 4 4 4 4 5 5 6 6 6 6 7 7 8 9 9 9 9 10 11 12 13 13 14 14 14 14 14 14 15 15 16 16 16 16 17 18
3 4 4 14 4 0 4 16 0 1 2 3 7 14 7 8 9 15 5 6 6 6 10 11 12 9 9 9 14 16 1 5 13 16 17 18 6 16 3 13 14 15 14 14
-70.64414086
cd-4833-a
C H H Cd H Cd Cd C H H C H H H O O O C Cd
0 0 0 0 1 2 3 4 4 5 6 7 7 7 7 8 8 8 9 10 10 10 10 11 12 13 14 14 15 15 16 16 17 17 17 18
1 2 4 15 0 0 4 0 3 8 8 8 9 10 16 5 6 7 7 7 11 12 13 10 10 10 17 18 0 17 7 17 14 15 16 14
-86.45473562000001
os-3632-a
C H H Os Os H C H Os H H O O O C Os Os Os
0 0 0 0 1 2 3 4 4 5 5 5 6 6 6 6 7 8 9 9 10 11 11 11 11 11 12 12 13 13 14 14 14 15 16 17
1 2 5 12 0 0 5 5 11 0 3 4 7 9 10 13 6 9 6 8 6 4 14 15 16 17 0 14 6 14 11 12 13 11 11 11
-69.95508195000002
ru-1231-a
O H Ru Ru Ru Ru O H O C Ru Ru Ru Ru
0 0 1 2 3 3 4 4 5 5 6 6 6 6 7 7 7 7 7 8 8 8 8 8 8 9 9 9 10 11 12 13
1 9 0 7 6 7 6 7 7 8 3 4 7 9 2 3 4 5 6 5 9 10 11 12 13 0 6 8 8 8 8 8
-37.82180746
rh-4824-a
C H C H H H Rh Rh Rh C H C H H H O O Rh Rh Rh
0 0 0 1 2 2 2 2 3 4 5 6 7 7 8 9 9 9 9 10 10 10 10 11 11 11 11 12 13 14 15 15 15 15 15 16 16 17 18 19
1 15 16 0 3 4 5 9 2 2 2 10 10 15 10 2 10 11 16 6 7 8 9 9 12 13 14 11 11 11 0 7 17 18 19 0 9 15 15 15
-80.02320280999999
ag-2422-a
C H C H H Ag H Ag Ag O O
0 0 0 0 0 1 2 2 2 2 3 4 5 6 6 7 8 8 9 9 10 10
1 7 8 9 10 0 3 4 6 10 2 2 6 2 5 0 0 9 0 8 0 2
-46.31388616000001
cd-4822-a
C H Cd H H C H C H H H O H C O Cd Cd
0 0 0 0 1 2 3 3 4 5 5 5 5 6 7 7 7 7 8 9 10 11 11 11 12 13 13 13 14 14 15 16
1 3 4 5 0 3 0 2 0 0 6 7 13 5 5 8 9 10 7 7 7 12 13 16 11 5 11 14 13 15 14 11
-80.07408033000002
zn-3622-a
C H C H Zn H C H H H O O Zn
0 0 0 1 2 2 2 2 3 4 5 5 6 6 6 6 7 8 9 10 10 11 11 12
1 10 11 0 3 5 6 11 2 5 2 4 2 7 8 9 6 6 6 0 12 0 2 10
-63.03523541999999
ru-4825-a
Ru C H H H C H Ru H C H H H C O O Ru Ru Ru
0 0 1 1 1 1 2 2 3 4 5 5 5 5 6 7 7 8 8 9 9 9 9 10 11 12 13 13 13 14 14 14 14 14 14 15 15 16 17 18
2 14 2 3 4 13 0 1 1 1 6 8 9 15 5 8 14 5 7 5 10 11 12 9 9 9 1 14 15 0 7 13 16 17 18 5 13 14 14 14
-80.27989398
pt-3623-a
C H H Pt H C H H H O O C Pt Pt Pt
0 0 0 0 1 2 3 4 4 5 5 5 5 6 7 8 9 9 9 9 10 10 11 11 11 12 13 14
1 2 4 11 0 0 4 0 3 6 7 8 10 5 5 5 11 12 13 14 5 11 0 9 10 9 9 9
-63.40807311000003
os-2431-a
O H C H Os H H Os O O C Os Os Os Os
0 0 0 0 1 2 2 2 2 3 4 4 5 5 6 7 7 7 8 8 8 8 8 8 9 9 10 10 10 10 11 12 13 14
1 7 10 14 0 3 5 6 9 2 5 8 2 4 2 0 8 10 4 7 10 11 12 13 2 10 0 7 8 9 8 8 8 0
-53.71638251000002
zn-4833-a
C H H Zn H Zn C H H C H H H O O O C
0 0 0 0 1 2 3 4 4 5 6 6 6 6 7 7 8 9 9 9 9 10 11 12 13 14 14 15 15 16 16 16
1 2 4 14 0 0 4 0 3 7 7 8 9 15 5 6 6 6 10 11 12 9 9 9 16 0 16 6 16 13 14 15
-86.49650284
pt-4821-a
Pt C H H H C H Pt H Pt C H H O H C O Pt Pt
0 1 1 1 1 2 2 3 4 5 5 5 5 6 7 7 8 8 9 10 10 10 10 11 11 11 12 13 13 14 15 15 15 16 16 16 17 18
2 2 3 4 5 0 1 1 1 1 6 8 10 5 8 11 5 7 11 5 11 12 15 7 9 10 10 14 15 13 10 13 16 15 17 18 16 16
-80.30890671999998
ni-4824-a
C H C H H H Ni Ni C H C H Ni H H O O Ni Ni
0 0 0 1 2 2 2 2 3 4 5 6 6 7 8 8 8 8 9 9 9 10 10 10 10 11 12 13 13 14 15 15 15 15 16 16 17 18
1 15 16 0 3 4 5 8 2 2 2 9 15 9 2 9 10 16 6 7 8 8 11 13 14 10 13 10 12 10 0 6 17 18 0 8 15 15
-80.03652210999996
zn-4832-a
O H C H H H Zn C H C H H H O O C Zn
0 0 1 2 2 2 2 3 4 5 6 7 7 7 7 8 8 9 9 9 9 10 11 12 13 13 14 14 15 15 15 16
1 15 0 3 4 5 7 2 2 2 8 2 8 9 14 6 7 7 10 11 12 9 9 9 15 16 7 15 0 13 14 13
-87.05108951
ir-4833-a
C H H Ir H Ir Ir C H H C H H H Ir O O O C Ir
0 0 0 0 1 2 3 4 4 5 6 7 7 7 7 8 8 8 9 10 10 10 10 11 12 13 14 15 15 16 16 17 17 18 18 18 18 19
1 2 4 16 0 0 4 0 3 8 8 8 9 10 17 5 6 7 7 7 11 12 13 10 10 10 18 18 19 0 18 7 18 14 15 16 17 15
-86.58285942999998
ni-4822-a
C H H H C H C H H H Ni O H C Ni O Ni Ni
0 0 0 0 1 2 3 4 4 4 4 5 6 6 6 6 7 8 9 10 10 11 11 11 11 11 12 12 13 13 13 13 14 14 14 15 15 15 15 16 17 17
1 2 3 4 0 0 0 0 5 6 13 4 4 7 8 9 6 6 6 11 12 10 12 13 14 17 10 11 4 11 14 15 11 13 15 13 14 16 17 15 11 15
-80.31290581000002
ni-4833-a
C H H Ni H Ni Ni C H H C H H H Ni O O O C Ni
0 0 0 0 1 2 3 4 4 5 6 6 7 7 7 7 8 8 8 9 10 10 10 10 11 12 13 14 14 15 15 15 15 16 16 17 17 18 18 18 18 19
1 2 4 16 0 0 4 0 3 8 8 15 8 9 10 17 5 6 7 7 7 11 12 13 10 10 10 15 18 6 14 18 19 0 18 7 18 14 15 16 17 15
-86.65142431999999
ru-4832-a
O H C H H H Ru Ru C H C H H H O O C Ru Ru Ru
0 0 1 2 2 2 2 3 4 5 6 6 7 7 8 8 8 8 9 9 9 10 10 10 10 11 12 13 14 14 14 14 14 14 15 15 16 16 16 16 17 18 18 19
1 16 0 3 4 5 8 2 2 2 9 14 9 14 2 9 10 15 6 7 8 8 11 12 13 10 10 10 6 7 16 17 18 19 8 16 0 14 15 18 14 14 16 14
-87.26635991
cu-4821-a
Cu C H H H C H Cu H Cu C H H O H C O Cu Cu Cu Cu
0 1 1 1 1 2 2 3 4 5 5 5 5 6 7 7 8 8 9 10 10 10 10 11 11 11 12 13 13 14 15 15 15 16 16 16 16 16 17 18 19 20
2 2 3 4 5 0 1 1 1 1 6 8 10 5 8 11 5 7 11 5 11 12 15 7 9 10 10 14 15 13 10 13 16 15 17 18 19 20 16 16 16 16
-80.25721585
ag-3623-a
C H H Ag H C H H Ag H O O C Ag
0 0 0 0 1 2 3 4 4 5 5 5 5 6 7 8 8 9 9 10 10 10 11 11 12 12 12 13
1 2 4 12 0 0 4 0 3 6 7 9 11 5 5 9 10 5 8 8 12 13 5 12 0 10 11 10
-63.292863900000015
ru-2421-a
C H H H Ru O H Ru O C Ru Ru Ru
0 0 0 0 1 2 3 4 4 4 5 5 5 5 5 5 6 6 7 7 7 8 8 8 8 8 8 9 9 9 9 10 10 11 12 12
1 2 3 9 0 0 0 5 6 8 4 6 7 9 10 12 4 5 5 8 9 4 7 9 10 11 12 0 5 7 8 5 8 8 5 8
-47.14299953
cu-4832-a
O H C H H H Cu Cu C H C H H H O O C Cu Cu Cu
0 0 1 2 2 2 2 3 4 5 6 7 8 8 8 8 9 9 9 10 10 10 10 11 12 13 14 14 14 14 15 15 16 16 16 16 17 18 18 19
1 16 0 3 4 5 8 2 2 2 9 9 2 9 10 15 6 7 8 8 11 12 13 10 10 10 16 17 18 19 8 16 0 14 15 18 14 14 16 14
-87.17212778999999
ni-4823-a
Ni C H C H Ni H Ni C H H Ni C H H H Ni Ni O O Ni
0 0 1 1 1 1 1 1 2 2 3 3 3 3 4 5 5 6 6 7 8 8 8 8 9 9 10 11 12 12 12 12 13 13 14 15 16 16 17 17 18 18 18 18 18 19 19 20
1 2 0 2 16 17 18 19 0 1 4 6 8 19 3 6 18 3 5 9 3 9 10 12 7 8 8 13 8 13 14 15 11 12 12 12 1 18 1 18 1 5 16 17 20 1 3 18
-79.93546857000001
ru-3621-a
C H H H C H H Ru O H C Ru O Ru Ru Ru
0 0 0 0 1 2 3 4 4 4 4 5 6 7 7 7 8 8 8 8 8 8 9 9 10 10 10 10 11 11 11 12 12 12 12 12 13 14 14 15
1 2 3 4 0 0 0 0 5 6 10 4 4 8 9 12 7 9 10 11 14 15 7 8 4 8 11 12 8 10 12 7 10 11 13 14 12 8 12 8
-63.77304134000002
zn-1221-a
Zn C H O H O Zn
0 1 1 1 1 2 2 3 3 4 5 5 6 6
2 2 3 5 6 0 1 1 4 3 1 6 1 5
-29.941851509999992
ag-3632-a
C H H Ag Ag H C H Ag Ag H H O O O C Ag
0 0 0 0 1 2 3 4 5 5 5 6 6 6 6 7 8 9 10 10 10 11 12 12 13 13 14 14 15 15 15 16
1 2 5 13 0 0 5 5 0 3 4 7 10 11 14 6 10 10 6 8 9 6 15 16 0 15 6 15 12 13 14 12
-69.79534452000001
ni-3632-a
C H H Ni Ni Ni H C H Ni Ni H H O O O C Ni Ni
0 0 0 0 1 2 3 4 5 6 6 6 6 7 7 7 7 8 9 10 11 11 11 12 13 13 13 14 14 15 15 16 16 16 17 18
1 2 6 14 0 0 6 6 6 0 3 4 5 8 11 12 15 7 11 11 7 9 10 7 16 17 18 0 16 7 16 13 14 15 13 13
-69.95655206999999
cu-4823-a
Cu C H C H Cu H Cu C H H Cu C H H H Cu Cu O O
0 0 1 1 1 1 1 1 2 2 3 3 3 3 4 5 5 6 6 7 8 8 8 8 9 9 10 11 12 12 12 12 13 13 14 15 16 16 17 18 18 18 19 19
1 2 0 2 16 17 18 19 0 1 4 6 8 19 3 6 18 3 5 9 3 9 10 12 7 8 8 13 8 13 14 15 11 12 12 12 1 18 1 1 5 16 1 3
-79.80174568000001
cd-4824-a
C H C H H H Cd C H C H H H O O Cd
0 0 0 1 2 2 2 2 3 4 5 6 7 7 7 7 8 8 9 9 9 9 10 11 12 13 13 14 14 15
1 13 14 0 3 4 5 7 2 2 2 8 2 8 9 14 6 7 7 10 11 12 9 9 9 0 15 0 7 13
-79.80323476000001
cd-4821-a
C H H H C H Cd H Cd C H H O H C O Cd
0 0 0 0 1 2 3 4 4 4 4 5 6 7 7 8 9 9 9 9 10 10 11 12 12 13 14 14 14 15 15 16
1 2 3 4 0 0 0 0 5 7 9 4 7 4 6 10 4 10 11 14 8 9 9 13 14 12 9 12 15 14 16 15
-80.08950754
ag-4825-a
Ag C H H H C H Ag H C H H H C Ag O O
0 1 1 1 1 2 2 3 4 5 5 5 5 6 7 8 8 9 9 9 9 10 11 12 13 13 13 13 14 14 15 15 16 16
2 2 3 4 13 0 1 1 1 6 8 9 16 5 8 5 7 5 10 11 12 9 9 9 1 14 15 16 13 15 13 14 5 13
-80.05415771
ru-4826-a
C H H Ru H Ru C H H C H H Ru H C O O Ru Ru Ru
0 0 0 0 1 2 3 4 4 5 5 6 6 6 6 7 7 8 9 9 9 9 10 11 12 12 13 13 14 14 14 15 15 15 15 15 15 16 16 17 18 19
1 2 4 6 0 0 4 0 3 7 15 0 7 8 14 5 6 6 10 11 13 16 9 9 13 15 9 12 6 15 16 5 12 14 17 18 19 9 14 15 15 15
-80.19715779
pt-4833-a
C H H Pt H Pt Pt C H H C H H H Pt O O O C Pt
0 0 0 0 1 2 3 4 4 5 6 7 7 7 7 8 8 8 9 10 10 10 10 11 12 13 14 14 15 15 15 16 16 17 17 18 18 18 18 19
1 2 4 16 0 0 4 0 3 8 8 8 9 10 17 5 6 7 7 7 11 12 13 10 10 10 15 18 14 18 19 0 18 7 18 14 15 16 17 15
-86.62792654999998
os-3621-a
C H H H C H H Os O H C O Os Os Os Os
0 0 0 0 1 2 3 4 4 4 4 5 6 7 7 8 8 8 8 8 8 9 9 10 10 10 11 11 11 11 11 12 13 13 14 14 15 15
1 2 3 4 0 0 0 0 5 6 10 4 4 8 9 7 9 10 13 14 15 7 8 4 8 11 10 12 13 14 15 11 8 11 8 11 8 11
-63.83399673000008
cu-3622-a
C H C H Cu H C H H H Cu Cu O O Cu
0 0 0 0 0 1 2 2 2 2 3 4 4 5 5 6 6 6 6 7 8 9 10 11 11 12 12 12 12 13 13 14
1 10 11 12 13 0 3 5 6 13 2 5 12 2 4 2 7 8 9 6 6 6 0 0 12 0 4 11 14 0 2 12
-63.13484338000001
zn-2422-a
C H C H H H O O Zn
0 0 0 1 2 2 2 2 3 4 5 6 6 7 7 8
1 6 7 0 3 4 5 7 2 2 2 0 8 0 2 6
-46.25983622
ag-2431-a
O H C H Ag H H Ag O O C Ag
0 0 0 1 2 2 2 2 3 4 5 5 6 7 7 8 8 9 9 10 10 10 10 11
1 10 11 0 3 5 6 9 2 5 2 4 2 8 10 7 10 2 10 0 7 8 9 0
-53.5436067
ag-4823-a
C H C H Ag H Ag C H H Ag C H H H Ag Ag O O
0 0 0 0 0 1 2 2 2 2 3 4 5 5 6 6 7 7 7 7 8 8 9 10 11 11 11 11 12 12 12 13 14 15 15 16 17 17 18 18
1 15 16 17 18 0 3 5 7 18 2 5 2 4 8 12 2 8 9 11 6 7 7 12 7 12 13 14 6 10 11 11 11 0 17 0 0 15 0 2
-79.74736821000002
cd-4825-a
Cd C H H H C H Cd H C H H H C Cd O O
0 1 1 1 1 2 2 3 4 5 5 5 5 6 7 8 8 9 9 9 9 10 11 12 13 13 13 13 14 14 15 15 16 16
2 2 3 4 13 0 1 1 1 6 8 9 16 5 8 5 7 5 10 11 12 9 9 9 1 14 15 16 13 15 13 14 5 13
-79.95899725999999
ir-4825-a
Ir C H H H C H Ir H C H H H C O O Ir Ir Ir
0 1 1 1 1 2 2 3 4 5 5 5 5 6 7 7 8 8 9 9 9 9 10 11 12 13 13 13 14 14 14 14 14 15 15 16 17 18
2 2 3 4 13 0 1 1 1 6 8 9 15 5 8 14 5 7 5 10 11 12 9 9 9 1 14 15 7 13 16 17 18 5 13 14 14 14
-80.21265068999998
ni-2422-a
Ni C H C H H H Ni O O Ni Ni Ni
0 1 1 1 1 2 2 3 3 3 3 4 5 6 7 7 8 8 8 8 8 9 9 10 11 12
2 2 7 8 9 0 1 4 5 6 9 3 3 3 1 8 1 7 10 11 12 1 3 8 8 8
-46.47635681999998
ir-1231-a
O H Ir Ir Ir O H O C Ir Ir Ir
0 0 1 2 2 3 3 4 4 5 5 5 5 6 6 6 6 7 7 7 7 7 8 8 8 9 10 11
1 8 0 5 6 5 6 6 7 2 3 6 8 2 3 4 5 4 8 9 10 11 0 5 7 7 7 7
-37.727785479999966
pd-4821-a
Pd Pd Pd C H H H C H Pd H Pd C H H O H C O Pd Pd Pd
0 1 1 1 2 3 3 3 3 4 4 4 4 5 6 7 7 7 7 8 9 10 10 10 11 12 12 12 12 13 13 13 14 15 15 16 17 17 17 18 18 18 18 19 20 21
4 4 10 13 4 4 5 6 7 0 1 2 3 3 3 3 8 10 12 7 10 1 7 9 13 7 13 14 17 1 11 12 12 16 17 15 12 15 18 17 19 20 21 18 18 18
-80.41757289
ru-3623-a
Ru C H H Ru H C H H H O O C Ru Ru Ru Ru
0 1 1 1 1 2 2 3 4 5 5 6 6 6 6 7 8 9 10 10 10 10 10 11 11 12 12 12 13 14 15 16
2 2 3 5 12 0 1 1 5 1 4 7 8 9 11 6 6 6 12 13 14 15 16 6 12 1 10 11 10 10 10 10
-63.56675796000002
rh-4822-a
C H H H C H C H H H Rh O H C Rh O Rh Rh
0 0 0 0 1 2 3 4 4 4 4 5 6 6 6 6 7 8 9 10 10 11 11 11 11 11 12 12 13 13 13 13 14 14 14 15 15 15 15 16 17 17
1 2 3 4 0 0 0 0 5 6 13 4 4 7 8 9 6 6 6 11 12 10 12 13 14 17 10 11 4 11 14 15 11 13 15 13 14 16 17 15 11 15
-80.32090054000003
ru-1221-a
Ru Ru C H O H O Ru Ru Ru Ru Ru
0 1 1 2 2 2 3 3 3 4 4 5 6 6 6 6 6 6 6 7 8 9 10 11
3 3 6 3 4 6 0 1 2 2 5 4 1 2 7 8 9 10 11 6 6 6 6 6
-30.198467180000023
zn-1231-a
O H Zn Zn Zn O H O C
0 0 1 2 3 4 4 5 5 6 6 6 6 7 7 8 8 8
1 8 0 6 6 6 7 6 8 2 3 4 5 4 8 0 5 7
-37.4337776
ag-4824-a
C H C H H H Ag Ag C H C H H H O O
0 0 0 1 2 2 2 2 3 4 5 6 6 7 8 8 8 8 9 9 9 10 10 10 10 11 12 13 14 14 15 15
1 14 15 0 3 4 5 8 2 2 2 9 14 9 2 9 10 15 6 7 8 8 11 12 13 10 10 10 0 6 0 8
-79.88133647000001
pt-1221-a
Pt Pt C H O H O Pt
0 0 1 2 2 2 2 3 3 3 4 4 5 6 6 7
2 3 3 0 3 4 6 0 1 2 2 5 4 2 7 6
-30.069304620000025
au-3623-a
C H H Au H C H H Au H Au O O C
0 0 0 0 1 2 3 4 4 5 5 5 5 6 7 8 9 9 10 10 11 11 12 12 13 13 13 13
1 2 4 13 0 0 4 0 3 6 7 9 12 5 5 9 5 8 11 13 10 13 5 13 0 10 11 12
-63.26146422000002
cu-1221-a
Cu Cu C H O H O Cu
0 0 1 2 2 2 2 3 3 3 4 4 5 6 6 7
2 3 3 0 3 4 6 0 1 2 2 5 4 2 7 6
-30.028176650000006
pd-2421-a
C H H Pd H Pd O H Pd O C
0 0 0 0 1 2 3 3 3 3 4 4 5 5 5 6 6 6 6 7 7 8 8 9 9 9 10 10 10 10 10 10
1 2 4 10 0 0 4 6 9 10 0 3 6 7 10 3 5 7 10 5 6 9 10 3 8 10 0 3 5 6 8 9
-47.02353381999998
pt-4826-a
C H H Pt H Pt C H H C H H Pt H C O O Pt
0 0 0 0 1 2 3 4 4 5 6 6 6 6 7 7 8 9 9 9 9 10 11 12 12 13 13 14 14 14 14 15 15 15 16 16 17 17
1 2 4 6 0 0 4 0 3 7 0 7 8 14 5 6 6 10 11 13 16 9 9 13 15 9 12 6 15 16 17 12 14 17 9 14 14 15
-80.07474098
ag-4822-a
C H H H C H C H H H O H C Ag O Ag
0 0 0 0 1 2 3 4 4 4 4 5 6 6 6 6 7 8 9 10 10 10 11 12 12 12 12 13 13 14 14 15
1 2 3 4 0 0 0 0 5 6 12 4 4 7 8 9 6 6 6 11 12 15 10 4 10 13 14 12 14 12 13 10
-80.16447893
rh-2431-a
O H C H Rh H H Rh O O C Rh Rh Rh
0 0 0 0 1 2 2 2 2 3 4 4 5 5 6 7 7 8 8 8 8 9 9 10 10 10 10 11 12 13
1 7 10 13 0 3 5 6 9 2 5 8 2 4 2 0 10 4 10 11 12 2 10 0 7 8 9 8 8 0
-53.64765040999998
pt-4831-a
Pt Pt O H Pt C H H C H H C H H Pt H Pt O O C
0 1 1 2 2 2 3 3 3 4 4 5 5 5 5 6 6 7 8 8 8 8 9 10 11 11 11 11 12 13 14 15 15 16 16 17 17 17 18 18 19 19 19 19
3 2 3 1 3 19 0 1 2 6 17 6 7 8 18 4 5 5 5 9 10 11 8 8 8 12 13 15 11 11 15 11 14 17 19 4 16 19 5 19 2 16 17 18
-87.23555663000002
ru-4824-a
C H C H H H Ru Ru C H C H H H O O Ru Ru Ru Ru
0 0 0 1 2 2 2 2 3 4 5 6 6 7 8 8 8 8 9 9 9 10 10 10 10 11 12 13 14 14 14 14 14 14 15 15 16 17 18 19
1 14 15 0 3 4 5 8 2 2 2 9 14 9 2 9 10 15 6 7 8 8 11 12 13 10 10 10 0 6 16 17 18 19 0 8 14 14 14 14
-80.04665207
rh-1221-a
Rh Rh C H O H O Rh Rh Rh
0 0 1 1 2 2 2 2 3 3 3 4 4 5 6 6 6 6 6 7 8 9
2 3 3 6 0 3 4 6 0 1 2 2 5 4 1 2 7 8 9 6 6 6
-30.140664300000026
cu-4826-a
C H H Cu H Cu C H H C H H Cu Cu H C O O Cu Cu Cu
0 0 0 0 1 2 3 4 4 5 6 6 6 6 7 7 8 9 9 9 9 10 11 12 12 13 14 14 14 15 15 15 16 16 16 16 16 17 17 18 19 20
1 2 4 6 0 0 4 0 3 7 0 7 8 15 5 6 6 10 11 14 17 9 9 14 16 14 9 12 13 6 16 17 12 15 18 19 20 9 15 16 16 16
-80.030103
ni-2421-a
Ni Ni C H H H O H O C Ni Ni Ni
0 0 1 2 2 2 2 3 3 3 4 5 5 6 6 7 8 8 8 8 9 9 9 10 11 12
3 5 3 3 4 5 9 0 1 2 2 0 2 7 9 6 9 10 11 12 2 6 8 8 8 8
-47.08158473999998
ru-4822-a
C H H H C H C H H H Ru O H C Ru O Ru Ru Ru
0 0 0 0 1 2 3 4 4 4 4 5 6 6 6 6 7 8 9 10 10 11 11 11 11 11 11 12 12 13 13 13 13 14 14 14 15 15 15 15 15 16 16 17 18 18
1 2 3 4 0 0 0 0 5 6 13 4 4 7 8 9 6 6 6 11 12 10 12 13 14 16 18 10 11 4 11 14 15 11 13 15 13 14 16 17 18 11 15 15 11 15
-80.45882190999998
cu-4824-a
C H C H H H Cu Cu C H C H H H O O Cu Cu
0 0 0 1 2 2 2 2 3 4 5 6 6 7 8 8 8 8 9 9 9 10 10 10 10 11 12 13 14 14 14 14 15 15 16 17
1 14 15 0 3 4 5 8 2 2 2 9 14 9 2 9 10 15 6 7 8 8 11 12 13 10 10 10 0 6 16 17 0 8 14 14
-79.92801011
pt-1231-a
O H Pt Pt Pt O H O C Pt
0 0 1 2 2 3 3 4 4 5 5 5 5 6 6 6 6 7 7 7 8 8 8 9
1 8 0 5 6 5 6 6 7 2 3 6 8 2 3 4 5 4 8 9 0 5 7 7
-37.615594180000016
pt-2421-a
C H H Pt H O H Pt O C Pt
0 0 0 0 1 2 3 3 4 4 5 5 5 6 7 7 8 8 9 9 9 9 9 10
1 2 4 9 0 0 4 9 0 3 6 9 10 5 8 9 7 9 0 3 5 7 8 5
-46.93698347000003
ir-4831-a
Ir Ir Ir O H C H H C H Ir H C H H H O O C Ir Ir
0 1 1 1 2 2 3 3 3 3 4 4 4 4 5 5 5 5 6 7 8 8 8 8 9 10 10 11 11 12 12 12 12 13 14 15 16 16 16 16 16 17 17 18 18 18 19 20
4 3 4 16 3 4 1 2 4 18 0 1 2 3 6 7 8 17 5 5 5 9 11 12 8 11 16 8 10 8 13 14 15 12 12 12 1 10 18 19 20 5 18 3 16 17 16 16
-87.44394176999998
ir-3632-a
C H H Ir Ir Ir H C H Ir Ir H H O O O C Ir
0 0 0 0 1 2 3 4 5 6 6 6 6 7 7 7 7 8 9 10 11 11 11 12 13 13 14 14 15 15 16 16 16 17
1 2 6 14 0 0 6 6 6 0 3 4 5 8 11 12 15 7 11 11 7 9 10 7 16 17 0 16 7 16 13 14 15 13
-69.86364753999999
os-4831-a
Os Os Os O H C H H C H Os H C H H H O O C Os Os
0 1 1 1 2 2 3 3 3 3 4 4 4 4 5 5 5 5 6 7 8 8 8 8 9 10 10 11 11 12 12 12 12 13 14 15 16 16 16 16 16 17 17 18 18 18 19 20
4 3 4 16 3 4 1 2 4 18 0 1 2 3 6 7 8 17 5 5 5 9 11 12 8 11 16 8 10 8 13 14 15 12 12 12 1 10 18 19 20 5 18 3 16 17 16 16
-87.60604105000004
os-4822-a
C H H H C H C H H H Os O H C Os O Os Os Os
0 0 0 0 1 2 3 4 4 4 4 5 6 6 6 6 7 8 9 10 10 11 11 11 11 11 11 12 12 13 13 13 13 14 14 14 15 15 15 15 15 16 16 17 18 18
1 2 3 4 0 0 0 0 5 6 13 4 4 7 8 9 6 6 6 11 12 10 12 13 14 16 18 10 11 4 11 14 15 11 13 15 13 14 16 17 18 11 15 15 11 15
-80.5275485200001
os-1221-a
Os Os C H O H O Os Os Os
0 1 1 2 2 2 3 3 3 4 4 5 6 6 6 6 6 7 8 9
3 3 6 3 4 6 0 1 2 2 5 4 1 2 7 8 9 6 6 6
-30.268471500000032
ru-2431-a
O H C H Ru H H Ru O O C Ru Ru Ru Ru
0 0 0 0 1 2 2 2 2 3 4 4 5 5 6 7 7 7 8 8 8 8 8 8 9 9 10 10 10 10 11 12 13 14
1 7 10 14 0 3 5 6 9 2 5 8 2 4 2 0 8 10 4 7 10 11 12 13 2 10 0 7 8 9 8 8 8 0
-53.68217286999999
cu-2421-a
C H H Cu H O H Cu Cu O C
0 0 0 0 1 2 3 3 4 4 5 5 5 6 7 7 8 8 9 9 10 10 10 10 10 10
1 2 4 10 0 0 4 10 0 3 6 7 10 5 5 10 9 10 8 10 0 3 5 7 8 9
-46.931346709999985
rh-3632-a
C H H Rh Rh Rh H C H Rh Rh Rh H H O O O C Rh Rh
0 0 0 0 1 2 3 4 5 6 6 6 6 7 7 7 7 8 9 10 11 12 12 12 12 13 14 14 14 15 15 16 16 17 17 17 18 19
1 2 6 15 0 0 6 6 6 0 3 4 5 8 12 13 16 7 12 12 12 7 9 10 11 7 17 18 19 0 17 7 17 14 15 16 14 14
-69.93787147
pt-3631-a
Pt Pt O H Pt C H H C H H H O O C Pt
0 0 1 1 1 2 2 2 3 3 3 4 4 5 5 5 5 6 6 7 8 8 8 8 9 10 11 12 12 12 12 13 13 14 14 14 14 15
2 3 3 12 14 0 3 14 0 1 2 6 12 6 7 8 13 4 5 5 5 9 10 11 8 8 8 1 4 14 15 5 14 1 2 12 13 12
-70.56327464999998
zn-4822-a
C H H H C H C H H H O H C O Zn
0 0 0 0 1 2 3 4 4 4 4 5 6 6 6 6 7 8 9 10 10 10 11 12 12 12 13 14
1 2 3 4 0 0 0 0 5 6 12 4 4 7 8 9 6 6 6 11 12 14 10 4 10 13 12 10
-80.09717726
cd-3623-a
C H H Cd H C H H H O O C Cd
0 0 0 0 1 2 3 4 4 5 5 5 5 6 7 8 9 9 10 10 11 11 11 11 12 12
1 2 4 11 0 0 4 0 3 6 7 8 10 5 5 5 11 12 5 11 0 9 10 12 9 11
-63.195659909999996
au-3621-a
C H H Au H Au C H H O H C Au O Au
0 0 0 0 1 2 3 4 4 5 6 6 6 6 7 7 8 9 9 9 10 11 11 11 11 12 12 13 13 14
1 2 4 6 0 0 4 0 3 7 0 7 8 11 5 6 6 10 11 14 9 6 9 12 13 11 13 11 12 9
-63.56174417
pd-3622-a
Pd Pd C H C H Pd H C H H H Pd O O
0 1 1 1 2 2 2 2 2 3 3 3 4 4 4 4 5 6 6 7 7 8 8 8 8 9 10 11 12 12 13 13 13 13 14 14
3 2 3 13 1 3 12 13 14 0 1 2 5 7 8 14 4 7 13 4 6 4 9 10 11 8 8 8 2 13 1 2 6 12 2 4
-63.27046500000003
ni-3622-a
Ni C H C H Ni H C H H H Ni Ni O O Ni
0 1 1 1 1 1 2 2 3 3 3 3 4 5 5 6 6 7 7 7 7 8 9 10 11 11 12 12 13 13 13 13 13 14 14 15
2 2 11 12 13 14 0 1 4 6 7 14 3 6 13 3 5 3 8 9 10 7 7 7 1 13 1 13 1 5 11 12 15 1 3 13
-63.250849019999976
rh-4821-a
Rh Rh C H H H C H Rh H Rh C H H O H C O Rh Rh Rh Rh
0 1 2 2 2 2 3 3 3 4 5 6 6 6 6 7 8 8 9 9 10 11 11 11 11 12 12 12 13 14 14 15 16 16 16 17 17 17 17 17 18 19 20 21
3 3 3 4 5 6 0 1 2 2 2 2 7 9 11 6 9 12 6 8 12 6 12 13 16 8 10 11 11 15 16 14 11 14 17 16 18 19 20 21 17 17 17 17
-80.39962186000002
pt-4832-a
O H C H H H Pt Pt C H C H H H O O C Pt
0 0 1 2 2 2 2 3 4 5 6 7 8 8 8 8 9 9 9 10 10 10 10 11 12 13 14 14 15 15 16 16 16 16 17 17
1 16 0 3 4 5 8 2 2 2 9 9 2 9 10 15 6 7 8 8 11 12 13 10 10 10 16 17 8 16 0 14 15 17 14 16
-87.18758285000001
os-4832-a
O H C H H H Os Os C H C H H H Os O O C Os Os Os
0 0 0 1 2 2 2 2 3 4 5 6 6 7 7 8 8 8 8 9 9 9 10 10 10 10 11 12 13 14 15 15 15 15 15 16 16 17 17 17 17 18 19 20
1 17 20 0 3 4 5 8 2 2 2 9 15 9 15 2 9 10 16 6 7 8 8 11 12 13 10 10 10 17 6 7 17 18 19 8 17 0 14 15 16 15 15 0
-87.32232084000009
ru-4823-a
Ru C H C H Ru H Ru C H H Ru C H H H Ru Ru O O Ru
0 0 1 1 1 1 1 1 2 2 3 3 3 3 4 5 5 6 6 7 8 8 8 8 9 9 10 11 12 12 12 12 13 13 14 15 16 16 17 17 18 18 18 18 18 19 19 20
1 2 0 2 16 17 18 19 0 1 4 6 8 19 3 6 18 3 5 9 3 9 10 12 7 8 8 13 8 13 14 15 11 12 12 12 1 18 1 18 1 5 16 17 20 1 3 18
-79.93640421000003
pt-2422-a
Pt C H C H H H Pt Pt O O Pt
0 1 1 1 1 1 2 2 3 3 3 3 4 5 6 7 8 8 9 9 9 10 10 11
2 2 7 8 9 10 0 1 4 5 6 10 3 3 3 1 1 9 1 8 11 1 3 9
-46.40658718999998
zn-3621-a
C H H Zn H C H H O H C O Zn
0 0 0 0 1 2 3 4 4 5 5 5 5 6 7 8 8 9 10 10 10 11 11 12
1 2 4 5 0 0 4 0 3 0 6 7 10 5 5 9 10 8 5 8 11 10 12 11
-63.508707599999994
