1211
C H H O
0 0 0 1 2 3
1 2 3 0 0 0
-22.14198155
2612
C H H H C H H O H
0 0 0 0 1 2 3 4 4 4 4 5 6 7 7 8
1 2 3 4 0 0 0 0 5 6 7 4 4 4 8 7
-46.97414908
3801
C H H H C H H C H H H
0 0 0 0 1 2 3 4 4 4 4 5 6 7 7 7 7 8 9 10
1 2 3 4 0 0 0 0 5 6 7 4 4 4 8 9 10 7 7 7
-57.17467534
4a12
C H H H C H H O H C H C H H H
0 0 0 0 1 2 3 4 4 4 4 5 6 7 7 8 9 9 9 9 10 11 11 11 11 12 13 14
1 2 3 9 0 0 0 5 6 9 11 4 4 8 9 7 0 4 7 10 9 4 12 13 14 11 11 11
-80.34122111
4802
C H H H C H C H C H H H
0 0 0 0 1 2 3 4 4 4 5 6 6 6 7 8 8 8 8 9 10 11
1 2 3 4 0 0 0 0 5 6 4 4 7 8 6 6 9 10 11 8 8 8
-65.4493179
4a14
C H H H C H H H C H H H O H C
0 0 0 0 1 2 3 4 4 4 4 5 6 7 8 8 8 8 9 10 11 12 12 13 14 14 14 14
1 2 3 14 0 0 0 5 6 7 14 4 4 4 9 10 11 14 8 8 8 13 14 12 0 4 8 12
-80.47262518
3401
C H H H C H C
0 0 0 0 1 2 3 4 4 5 6 6
1 2 3 6 0 0 0 5 6 4 0 4
-39.86035688
4804
C H H H C H H H C H H C
0 0 0 0 1 2 3 4 4 4 4 5 6 7 8 8 8 9 10 11 11 11
1 2 3 11 0 0 0 5 6 7 11 4 4 4 9 10 11 8 8 0 4 8
-65.52587845
4a13
C H H H C H H C H H H C H O H
0 0 0 0 1 2 3 4 4 4 4 5 6 7 7 7 7 8 9 10 11 11 11 11 12 13 13 14
1 2 3 11 0 0 0 5 6 7 11 4 4 4 8 9 10 7 7 7 0 4 12 13 11 11 14 13
-80.32768712
4a02
C H H H C H H H C H C H H H
0 0 0 0 1 2 3 4 4 4 4 5 6 7 8 8 8 8 9 10 10 10 10 11 12 13
1 2 3 8 0 0 0 5 6 7 8 4 4 4 0 4 9 10 8 8 11 12 13 10 10 10
-73.84250815
3812
C H H H C H H C H H O H
0 0 0 0 1 2 3 4 4 4 4 5 6 7 7 7 7 8 9 10 10 11
1 2 3 4 0 0 0 0 5 6 7 4 4 4 8 9 10 7 7 7 11 10
-63.57071894
4601
C H H H C H H H C C
0 0 0 0 1 2 3 4 4 4 4 5 6 7 8 8 9 9
1 2 3 8 0 0 0 5 6 7 9 4 4 4 0 9 4 8
-56.70514354
2611
C H H H C H H H O
0 0 0 0 1 2 3 4 4 4 4 5 6 7 8 8
1 2 3 8 0 0 0 5 6 7 8 4 4 4 0 4
-46.47943398
4a11
C H H H C H H C H H C H H O H
0 0 0 0 1 2 3 4 4 4 4 5 6 7 7 7 7 8 9 10 10 10 10 11 12 13 13 14
1 2 3 4 0 0 0 0 5 6 7 4 4 4 8 9 10 7 7 7 11 12 13 10 10 10 14 13
-80.16943306
3611
C H H H C H H H C O
0 0 0 0 1 2 3 4 4 4 4 5 6 7 8 8 8 9
1 2 3 8 0 0 0 5 6 7 8 4 4 4 0 4 9 8
-56.07266689
4801
C H H C H H H C H H C H
0 0 0 0 1 2 3 3 3 3 4 5 6 7 7 7 8 9 10 10 10 11
1 2 3 10 0 0 0 4 5 6 3 3 3 8 9 10 7 7 0 7 11 10
-65.34196715
4a01
C H H H C H H C H H C H H H
0 0 0 0 1 2 3 4 4 4 4 5 6 7 7 7 7 8 9 10 10 10 10 11 12 13
1 2 3 4 0 0 0 0 5 6 7 4 4 4 8 9 10 7 7 7 11 12 13 10 10 10
-73.77971421
2411
C H H H C H O
0 0 0 0 1 2 3 4 4 4 5 6
1 2 3 4 0 0 0 0 5 6 4 4
-39.16156149
3811
C H H H C H H C H H H O
0 0 0 0 1 2 3 4 4 4 4 5 6 7 7 7 7 8 9 10 11 11
1 2 3 4 0 0 0 0 5 6 11 4 4 8 9 10 11 7 7 7 4 7
-63.20502973
2601
C H H H C H H H
0 0 0 0 1 2 3 4 4 4 4 5 6 7
1 2 3 4 0 0 0 0 5 6 7 4 4 4
-40.56967816
4803
C H H H C H C H C H H H
0 0 0 0 1 2 3 4 4 4 5 6 6 6 7 8 8 8 8 9 10 11
1 2 3 4 0 0 0 0 5 6 4 4 7 8 6 6 9 10 11 8 8 8
-65.4830872
4602
C H H C H H H C H C
0 0 0 0 1 2 3 3 3 3 4 5 6 7 7 8 9 9
1 2 3 9 0 0 0 4 5 6 3 3 3 8 9 7 0 7
-56.43502736
4811
C H H H C H H C H H H C O
0 0 0 0 1 2 3 4 4 4 4 5 6 7 7 7 7 8 9 10 11 11 11 12
1 2 3 4 0 0 0 0 5 6 11 4 4 8 9 10 11 7 7 7 4 7 12 11
-72.68432545
3813
C H H H C H H H C H O H
0 0 0 0 1 2 3 4 4 4 4 5 6 7 8 8 8 8 9 10 10 11
1 2 3 8 0 0 0 5 6 7 8 4 4 4 0 4 9 10 8 8 11 10
-63.72815861
2201
C H C H
0 0 1 2 2 3
1 2 0 0 3 2
-22.95894282
2401
C H H C H H
0 0 0 1 2 3 3 3 4 5
1 2 3 0 0 0 4 5 3 3
-32.00433821
3601
C H H H C H H C H
0 0 0 0 1 2 3 4 4 4 5 6 7 7 7 8
1 2 3 7 0 0 0 5 6 7 4 4 0 4 8 7
-48.75667372
